npts 513 dfreq 1.000000000000000021e-02
0.000000000000000000e+00 -0.000000000000000000e+00
-3.947841760435743565e-03 0.000000000000000000e+00
-1.579136704174297426e-02 0.000000000000000000e+00
-3.553057584392169121e-02 0.000000000000000000e+00
-6.316546816697189703e-02 0.000000000000000000e+00
-9.869604401089357437e-02 0.000000000000000000e+00
-1.421223033756867649e-01 0.000000000000000000e+00
-1.934442462613514824e-01 0.000000000000000000e+00
-2.526618726678875881e-01 0.000000000000000000e+00
-3.197751825952951932e-01 0.000000000000000000e+00
-3.947841760435742975e-01 0.000000000000000000e+00
-4.776888530127250676e-01 0.000000000000000000e+00
-5.684892135027470594e-01 0.000000000000000000e+00
-6.671852575136406616e-01 0.000000000000000000e+00
-7.737769850454059295e-01 0.000000000000000000e+00
-8.882643960980424191e-01 0.000000000000000000e+00
-1.010647490671550353e+00 0.000000000000000000e+00
-1.140926268765930063e+00 0.000000000000000000e+00
-1.279100730381180773e+00 0.000000000000000000e+00
-1.425170875517303593e+00 0.000000000000000000e+00
-1.579136704174297190e+00 0.000000000000000000e+00
-1.740998216352162897e+00 0.000000000000000000e+00
-1.910755412050900270e+00 0.000000000000000000e+00
-2.088408291270508421e+00 0.000000000000000000e+00
-2.273956854010988238e+00 0.000000000000000000e+00
-2.467401100272339942e+00 0.000000000000000000e+00
-2.668741030054562646e+00 0.000000000000000000e+00
-2.877976643357657238e+00 0.000000000000000000e+00
-3.095107940181623718e+00 0.000000000000000000e+00
-3.320134920526460309e+00 0.000000000000000000e+00
-3.553057584392169677e+00 0.000000000000000000e+00
-3.793875931778749599e+00 0.000000000000000000e+00
-4.042589962686201410e+00 0.000000000000000000e+00
-4.299199677114525109e+00 0.000000000000000000e+00
-4.563705075063720251e+00 0.000000000000000000e+00
-4.836106156533785061e+00 0.000000000000000000e+00
-5.116402921524723091e+00 0.000000000000000000e+00
-5.404595370036533453e+00 0.000000000000000000e+00
-5.700683502069214370e+00 0.000000000000000000e+00
-6.004667317622766731e+00 0.000000000000000000e+00
-6.316546816697188760e+00 0.000000000000000000e+00
-6.636321999292484897e+00 0.000000000000000000e+00
-6.963992865408651589e+00 0.000000000000000000e+00
-7.299559415045690614e+00 0.000000000000000000e+00
-7.643021648203601082e+00 0.000000000000000000e+00
-7.994379564882382105e+00 0.000000000000000000e+00
-8.353633165082033685e+00 0.000000000000000000e+00
-8.720782448802557596e+00 0.000000000000000000e+00
-9.095827416043952951e+00 0.000000000000000000e+00
-9.478768066806221526e+00 0.000000000000000000e+00
-9.869604401089359769e+00 0.000000000000000000e+00
-1.026833641889336768e+01 0.000000000000000000e+00
-1.067496412021825059e+01 0.000000000000000000e+00
-1.108948750506400494e+01 0.000000000000000000e+00
-1.151190657343062895e+01 0.000000000000000000e+00
-1.194222132531812619e+01 0.000000000000000000e+00
-1.238043176072649487e+01 0.000000000000000000e+00
-1.282653787965573144e+01 0.000000000000000000e+00
-1.328053968210584124e+01 0.000000000000000000e+00
-1.374243716807682425e+01 0.000000000000000000e+00
-1.421223033756867871e+01 0.000000000000000000e+00
-1.468991919058140461e+01 0.000000000000000000e+00
-1.517550372711499840e+01 0.000000000000000000e+00
-1.566898394716946719e+01 0.000000000000000000e+00
-1.617035985074480564e+01 0.000000000000000000e+00
-1.667963143784101376e+01 0.000000000000000000e+00
-1.719679870845810044e+01 0.000000000000000000e+00
-1.772186166259605145e+01 0.000000000000000000e+00
-1.825482030025488100e+01 0.000000000000000000e+00
-1.879567462143457490e+01 0.000000000000000000e+00
-1.934442462613514024e+01 0.000000000000000000e+00
-1.990107031435658769e+01 0.000000000000000000e+00
-2.046561168609889236e+01 0.000000000000000000e+00
-2.103804874136208269e+01 0.000000000000000000e+00
-2.161838148014613381e+01 0.000000000000000000e+00
-2.220660990245105637e+01 0.000000000000000000e+00
-2.280273400827685748e+01 0.000000000000000000e+00
-2.340675379762352293e+01 0.000000000000000000e+00
-2.401866927049106692e+01 0.000000000000000000e+00
-2.463848042687947526e+01 0.000000000000000000e+00
-2.526618726678875504e+01 0.000000000000000000e+00
-2.590178979021891692e+01 0.000000000000000000e+00
-2.654528799716993959e+01 0.000000000000000000e+00
-2.719668188764184080e+01 0.000000000000000000e+00
-2.785597146163460636e+01 0.000000000000000000e+00
-2.852315671914825401e+01 0.000000000000000000e+00
-2.919823766018276245e+01 0.000000000000000000e+00
-2.988121428473814234e+01 0.000000000000000000e+00
-3.057208659281440433e+01 0.000000000000000000e+00
-3.127085458441152710e+01 0.000000000000000000e+00
-3.197751825952952842e+01 0.000000000000000000e+00
-3.269207761816839763e+01 0.000000000000000000e+00
-3.341453266032813474e+01 0.000000000000000000e+00
-3.414488338600875039e+01 0.000000000000000000e+00
-3.488312979521023038e+01 0.000000000000000000e+00
-3.562927188793258892e+01 0.000000000000000000e+00
-3.638330966417581180e+01 0.000000000000000000e+00
-3.714524312393990613e+01 0.000000000000000000e+00
-3.791507226722488610e+01 0.000000000000000000e+00
-3.869279709403072331e+01 0.000000000000000000e+00
-3.947841760435743907e+01 0.000000000000000000e+00
-4.027193379820501917e+01 0.000000000000000000e+00
-4.107334567557347071e+01 0.000000000000000000e+00
-4.188265323646280791e+01 0.000000000000000000e+00
-4.269985648087300234e+01 0.000000000000000000e+00
-4.352495540880408242e+01 0.000000000000000000e+00
-4.435795002025601974e+01 0.000000000000000000e+00
-4.519884031522882850e+01 0.000000000000000000e+00
-4.604762629372251581e+01 0.000000000000000000e+00
-4.690430795573706746e+01 0.000000000000000000e+00
-4.776888530127250476e+01 0.000000000000000000e+00
-4.864135833032879930e+01 0.000000000000000000e+00
-4.952172704290597949e+01 0.000000000000000000e+00
-5.040999143900401691e+01 0.000000000000000000e+00
-5.130615151862292578e+01 0.000000000000000000e+00
-5.221020728176271319e+01 0.000000000000000000e+00
-5.312215872842336495e+01 0.000000000000000000e+00
-5.404200585860490236e+01 0.000000000000000000e+00
-5.496974867230729700e+01 0.000000000000000000e+00
-5.590538716953056309e+01 0.000000000000000000e+00
-5.684892135027471483e+01 0.000000000000000000e+00
-5.780035121453972380e+01 0.000000000000000000e+00
-5.875967676232561843e+01 0.000000000000000000e+00
-5.972689799363237029e+01 0.000000000000000000e+00
-6.070201490845999359e+01 0.000000000000000000e+00
-6.168502750680850255e+01 0.000000000000000000e+00
-6.267593578867786874e+01 0.000000000000000000e+00
-6.367473975406812059e+01 0.000000000000000000e+00
-6.468143940297922256e+01 0.000000000000000000e+00
-6.569603473541120309e+01 0.000000000000000000e+00
-6.671852575136405505e+01 0.000000000000000000e+00
-6.774891245083780689e+01 0.000000000000000000e+00
-6.878719483383240174e+01 0.000000000000000000e+00
-6.983337290034786804e+01 0.000000000000000000e+00
-7.088744665038420578e+01 0.000000000000000000e+00
-7.194941608394141497e+01 0.000000000000000000e+00
-7.301928120101952402e+01 0.000000000000000000e+00
-7.409704200161847609e+01 0.000000000000000000e+00
-7.518269848573829961e+01 0.000000000000000000e+00
-7.627625065337899457e+01 0.000000000000000000e+00
-7.737769850454056098e+01 0.000000000000000000e+00
-7.848704203922304146e+01 0.000000000000000000e+00
-7.960428125742635075e+01 0.000000000000000000e+00
-8.072941615915051727e+01 0.000000000000000000e+00
-8.186244674439556945e+01 0.000000000000000000e+00
-8.300337301316149308e+01 0.000000000000000000e+00
-8.415219496544833078e+01 0.000000000000000000e+00
-8.530891260125599729e+01 0.000000000000000000e+00
-8.647352592058453524e+01 0.000000000000000000e+00
-8.764603492343394464e+01 0.000000000000000000e+00
-8.882643960980422548e+01 0.000000000000000000e+00
-9.001473997969540619e+01 0.000000000000000000e+00
-9.121093603310742992e+01 0.000000000000000000e+00
-9.241502777004032509e+01 0.000000000000000000e+00
-9.362701519049409171e+01 0.000000000000000000e+00
-9.484689829446872977e+01 0.000000000000000000e+00
-9.607467708196426770e+01 0.000000000000000000e+00
-9.731035155298064865e+01 0.000000000000000000e+00
-9.855392170751790104e+01 0.000000000000000000e+00
-9.980538754557602488e+01 0.000000000000000000e+00
-1.010647490671550202e+02 0.000000000000000000e+00
-1.023320062722549295e+02 0.000000000000000000e+00
-1.036071591608756677e+02 0.000000000000000000e+00
-1.048902077330172773e+02 0.000000000000000000e+00
-1.061811519886797583e+02 0.000000000000000000e+00
-1.074799919278631393e+02 0.000000000000000000e+00
-1.087867275505673632e+02 0.000000000000000000e+00
-1.101013588567924586e+02 0.000000000000000000e+00
-1.114238858465384254e+02 0.000000000000000000e+00
-1.127543085198052637e+02 0.000000000000000000e+00
-1.140926268765930160e+02 0.000000000000000000e+00
-1.154388409169015972e+02 0.000000000000000000e+00
-1.167929506407310498e+02 0.000000000000000000e+00
-1.181549560480813739e+02 0.000000000000000000e+00
-1.195248571389525694e+02 0.000000000000000000e+00
-1.209026539133446789e+02 0.000000000000000000e+00
-1.222883463712576173e+02 0.000000000000000000e+00
-1.236819345126914271e+02 0.000000000000000000e+00
-1.250834183376461084e+02 0.000000000000000000e+00
-1.264927978461216469e+02 0.000000000000000000e+00
-1.279100730381181137e+02 0.000000000000000000e+00
-1.293352439136354235e+02 0.000000000000000000e+00
-1.307683104726735905e+02 0.000000000000000000e+00
-1.322092727152326290e+02 0.000000000000000000e+00
-1.336581306413125390e+02 0.000000000000000000e+00
-1.351148842509133488e+02 0.000000000000000000e+00
-1.365795335440350016e+02 0.000000000000000000e+00
-1.380520785206775258e+02 0.000000000000000000e+00
-1.395325191808409215e+02 0.000000000000000000e+00
-1.410208555245251887e+02 0.000000000000000000e+00
-1.425170875517303557e+02 0.000000000000000000e+00
-1.440212152624563657e+02 0.000000000000000000e+00
-1.455332386567032472e+02 0.000000000000000000e+00
-1.470531577344710001e+02 0.000000000000000000e+00
-1.485809724957596245e+02 0.000000000000000000e+00
-1.501166829405691772e+02 0.000000000000000000e+00
-1.516602890688995444e+02 0.000000000000000000e+00
-1.532117908807507831e+02 0.000000000000000000e+00
-1.547711883761228933e+02 0.000000000000000000e+00
-1.563384815550158748e+02 0.000000000000000000e+00
-1.579136704174297563e+02 0.000000000000000000e+00
-1.594967549633644808e+02 0.000000000000000000e+00
-1.610877351928200767e+02 0.000000000000000000e+00
-1.626866111057965441e+02 0.000000000000000000e+00
-1.642933827022938829e+02 0.000000000000000000e+00
-1.659080499823121500e+02 0.000000000000000000e+00
-1.675306129458512316e+02 0.000000000000000000e+00
-1.691610715929111848e+02 0.000000000000000000e+00
-1.707994259234920094e+02 0.000000000000000000e+00
-1.724456759375937054e+02 0.000000000000000000e+00
-1.740998216352163297e+02 0.000000000000000000e+00
-1.757618630163597686e+02 0.000000000000000000e+00
-1.774318000810240790e+02 0.000000000000000000e+00
-1.791096328292092608e+02 0.000000000000000000e+00
-1.807953612609153140e+02 0.000000000000000000e+00
-1.824889853761422671e+02 0.000000000000000000e+00
-1.841905051748900632e+02 0.000000000000000000e+00
-1.858999206571587308e+02 0.000000000000000000e+00
-1.876172318229482698e+02 0.000000000000000000e+00
-1.893424386722586803e+02 0.000000000000000000e+00
-1.910755412050900190e+02 0.000000000000000000e+00
-1.928165394214421724e+02 0.000000000000000000e+00
-1.945654333213151972e+02 0.000000000000000000e+00
-1.963222229047090934e+02 0.000000000000000000e+00
-1.980869081716239180e+02 0.000000000000000000e+00
-1.998594891220595571e+02 0.000000000000000000e+00
-2.016399657560160676e+02 0.000000000000000000e+00
-2.034283380734934497e+02 0.000000000000000000e+00
-2.052246060744917031e+02 0.000000000000000000e+00
-2.070287697590108564e+02 0.000000000000000000e+00
-2.088408291270508528e+02 0.000000000000000000e+00
-2.106607841786117206e+02 0.000000000000000000e+00
-2.124886349136934598e+02 0.000000000000000000e+00
-2.143243813322960705e+02 0.000000000000000000e+00
-2.161680234344196094e+02 0.000000000000000000e+00
-2.180195612200639630e+02 0.000000000000000000e+00
-2.198789946892291880e+02 0.000000000000000000e+00
-2.217463238419152844e+02 0.000000000000000000e+00
-2.236215486781222523e+02 0.000000000000000000e+00
-2.255046691978501485e+02 0.000000000000000000e+00
-2.273956854010988593e+02 0.000000000000000000e+00
-2.292945972878684415e+02 0.000000000000000000e+00
-2.312014048581588952e+02 0.000000000000000000e+00
-2.331161081119702203e+02 0.000000000000000000e+00
-2.350387070493024737e+02 0.000000000000000000e+00
-2.369692016701555417e+02 0.000000000000000000e+00
-2.389075919745294811e+02 0.000000000000000000e+00
-2.408538779624242920e+02 0.000000000000000000e+00
-2.428080596338399744e+02 0.000000000000000000e+00
-2.447701369887765850e+02 0.000000000000000000e+00
-2.467401100272340102e+02 0.000000000000000000e+00
-2.487179787492123069e+02 0.000000000000000000e+00
-2.507037431547114750e+02 0.000000000000000000e+00
-2.526974032437315145e+02 0.000000000000000000e+00
-2.546989590162724824e+02 0.000000000000000000e+00
-2.567084104723342648e+02 0.000000000000000000e+00
-2.587257576119168903e+02 0.000000000000000000e+00
-2.607510004350204440e+02 0.000000000000000000e+00
-2.627841389416448123e+02 0.000000000000000000e+00
-2.648251731317901090e+02 0.000000000000000000e+00
-2.668741030054562202e+02 0.000000000000000000e+00
-2.689309285626433734e+02 0.000000000000000000e+00
-2.709956498033512275e+02 0.000000000000000000e+00
-2.730682667275800100e+02 0.000000000000000000e+00
-2.751487793353296070e+02 0.000000000000000000e+00
-2.772371876266001323e+02 0.000000000000000000e+00
-2.793334916013914722e+02 0.000000000000000000e+00
-2.814376912597037403e+02 0.000000000000000000e+00
-2.835497866015368231e+02 0.000000000000000000e+00
-2.856697776268908342e+02 0.000000000000000000e+00
-2.877976643357656599e+02 0.000000000000000000e+00
-2.899334467281615275e+02 0.000000000000000000e+00
-2.920771248040780961e+02 0.000000000000000000e+00
-2.942286985635155929e+02 0.000000000000000000e+00
-2.963881680064739044e+02 0.000000000000000000e+00
-2.985555331329531441e+02 0.000000000000000000e+00
-3.007307939429531984e+02 0.000000000000000000e+00
-3.029139504364741811e+02 0.000000000000000000e+00
-3.051050026135159783e+02 0.000000000000000000e+00
-3.073039504740787038e+02 0.000000000000000000e+00
-3.095107940181622439e+02 0.000000000000000000e+00
-3.117255332457668260e+02 0.000000000000000000e+00
-3.139481681568921658e+02 0.000000000000000000e+00
-3.161786987515383203e+02 0.000000000000000000e+00
-3.184171250297054030e+02 0.000000000000000000e+00
-3.206634469913933003e+02 0.000000000000000000e+00
-3.229176646366020691e+02 0.000000000000000000e+00
-3.251797779653317662e+02 0.000000000000000000e+00
-3.274497869775822778e+02 0.000000000000000000e+00
-3.297276916733537178e+02 0.000000000000000000e+00
-3.320134920526459723e+02 0.000000000000000000e+00
-3.343071881154592688e+02 0.000000000000000000e+00
-3.366087798617933231e+02 0.000000000000000000e+00
-3.389182672916481920e+02 0.000000000000000000e+00
-3.412356504050239892e+02 0.000000000000000000e+00
-3.435609292019206009e+02 0.000000000000000000e+00
-3.458941036823381410e+02 0.000000000000000000e+00
-3.482351738462764956e+02 0.000000000000000000e+00
-3.505841396937357786e+02 0.000000000000000000e+00
-3.529410012247158761e+02 0.000000000000000000e+00
-3.553057584392169019e+02 0.000000000000000000e+00
-3.576784113372389129e+02 0.000000000000000000e+00
-3.600589599187816248e+02 0.000000000000000000e+00
-3.624474041838452649e+02 0.000000000000000000e+00
-3.648437441324297197e+02 0.000000000000000000e+00
-3.672479797645350459e+02 0.000000000000000000e+00
-3.696601110801613004e+02 0.000000000000000000e+00
-3.720801380793083695e+02 0.000000000000000000e+00
-3.745080607619763668e+02 0.000000000000000000e+00
-3.769438791281651788e+02 0.000000000000000000e+00
-3.793875931778749191e+02 0.000000000000000000e+00
-3.818392029111056445e+02 0.000000000000000000e+00
-3.842987083278570708e+02 0.000000000000000000e+00
-3.867661094281294254e+02 0.000000000000000000e+00
-3.892414062119225946e+02 0.000000000000000000e+00
-3.917245986792366921e+02 0.000000000000000000e+00
-3.942156868300716042e+02 0.000000000000000000e+00
-3.967146706644274445e+02 0.000000000000000000e+00
-3.992215501823040995e+02 0.000000000000000000e+00
-4.017363253837016828e+02 0.000000000000000000e+00
-4.042589962686200806e+02 0.000000000000000000e+00
-4.067895628370595205e+02 0.000000000000000000e+00
-4.093280250890197181e+02 0.000000000000000000e+00
-4.118743830245007302e+02 0.000000000000000000e+00
-4.144286366435026707e+02 0.000000000000000000e+00
-4.169907859460254258e+02 0.000000000000000000e+00
-4.195608309320691092e+02 0.000000000000000000e+00
-4.221387716016336071e+02 0.000000000000000000e+00
-4.247246079547190334e+02 0.000000000000000000e+00
-4.273183399913252742e+02 0.000000000000000000e+00
-4.299199677114525571e+02 0.000000000000000000e+00
-4.325294911151005977e+02 0.000000000000000000e+00
-4.351469102022694528e+02 0.000000000000000000e+00
-4.377722249729592363e+02 0.000000000000000000e+00
-4.404054354271698344e+02 0.000000000000000000e+00
-4.430465415649013607e+02 0.000000000000000000e+00
-4.456955433861537017e+02 0.000000000000000000e+00
-4.483524408909269710e+02 0.000000000000000000e+00
-4.510172340792210548e+02 0.000000000000000000e+00
-4.536899229510360669e+02 0.000000000000000000e+00
-4.563705075063720642e+02 0.000000000000000000e+00
-4.590589877452287624e+02 0.000000000000000000e+00
-4.617553636676063888e+02 0.000000000000000000e+00
-4.644596352735048299e+02 0.000000000000000000e+00
-4.671718025629241993e+02 0.000000000000000000e+00
-4.698918655358643832e+02 0.000000000000000000e+00
-4.726198241923254955e+02 0.000000000000000000e+00
-4.753556785323074223e+02 0.000000000000000000e+00
-4.780994285558102774e+02 0.000000000000000000e+00
-4.808510742628339472e+02 0.000000000000000000e+00
-4.836106156533787157e+02 0.000000000000000000e+00
-4.863780527274441283e+02 0.000000000000000000e+00
-4.891533854850304692e+02 0.000000000000000000e+00
-4.919366139261376247e+02 0.000000000000000000e+00
-4.947277380507657085e+02 0.000000000000000000e+00
-4.975267578589146069e+02 0.000000000000000000e+00
-5.003336733505844336e+02 0.000000000000000000e+00
-5.031484845257750749e+02 0.000000000000000000e+00
-5.059711913844865876e+02 0.000000000000000000e+00
-5.088017939267190286e+02 0.000000000000000000e+00
-5.116402921524724547e+02 0.000000000000000000e+00
-5.144866860617465818e+02 0.000000000000000000e+00
-5.173409756545416940e+02 0.000000000000000000e+00
-5.202031609308575071e+02 0.000000000000000000e+00
-5.230732418906943622e+02 0.000000000000000000e+00
-5.259512185340519181e+02 0.000000000000000000e+00
-5.288370908609305161e+02 0.000000000000000000e+00
-5.317308588713298150e+02 0.000000000000000000e+00
-5.346325225652501558e+02 0.000000000000000000e+00
-5.375420819426911976e+02 0.000000000000000000e+00
-5.404595370036533950e+02 0.000000000000000000e+00
-5.433848877481362933e+02 0.000000000000000000e+00
-5.463181341761400063e+02 0.000000000000000000e+00
-5.492592762876646475e+02 0.000000000000000000e+00
-5.522083140827101033e+02 0.000000000000000000e+00
-5.551652475612764874e+02 0.000000000000000000e+00
-5.581300767233636861e+02 0.000000000000000000e+00
-5.611028015689718131e+02 0.000000000000000000e+00
-5.640834220981007547e+02 0.000000000000000000e+00
-5.670719383107506246e+02 0.000000000000000000e+00
-5.700683502069214228e+02 0.000000000000000000e+00
-5.730726577866130356e+02 0.000000000000000000e+00
-5.760848610498254629e+02 0.000000000000000000e+00
-5.791049599965588186e+02 0.000000000000000000e+00
-5.821329546268129889e+02 0.000000000000000000e+00
-5.851688449405880874e+02 0.000000000000000000e+00
-5.882126309378840006e+02 0.000000000000000000e+00
-5.912643126187008420e+02 0.000000000000000000e+00
-5.943238899830384980e+02 0.000000000000000000e+00
-5.973913630308973097e+02 0.000000000000000000e+00
-6.004667317622767087e+02 0.000000000000000000e+00
-6.035499961771770359e+02 0.000000000000000000e+00
-6.066411562755981777e+02 0.000000000000000000e+00
-6.097402120575402478e+02 0.000000000000000000e+00
-6.128471635230031325e+02 0.000000000000000000e+00
-6.159620106719869455e+02 0.000000000000000000e+00
-6.190847535044915730e+02 0.000000000000000000e+00
-6.222153920205171289e+02 0.000000000000000000e+00
-6.253539262200634994e+02 0.000000000000000000e+00
-6.285003561031309118e+02 0.000000000000000000e+00
-6.316546816697190252e+02 0.000000000000000000e+00
-6.348169029198280668e+02 0.000000000000000000e+00
-6.379870198534579231e+02 0.000000000000000000e+00
-6.411650324706087076e+02 0.000000000000000000e+00
-6.443509407712803068e+02 0.000000000000000000e+00
-6.475447447554728342e+02 0.000000000000000000e+00
-6.507464444231861762e+02 0.000000000000000000e+00
-6.539560397744204465e+02 0.000000000000000000e+00
-6.571735308091755314e+02 0.000000000000000000e+00
-6.603989175274517720e+02 0.000000000000000000e+00
-6.636321999292485998e+02 0.000000000000000000e+00
-6.668733780145663559e+02 0.000000000000000000e+00
-6.701224517834049266e+02 0.000000000000000000e+00
-6.733794212357644255e+02 0.000000000000000000e+00
-6.766442863716447391e+02 0.000000000000000000e+00
-6.799170471910459810e+02 0.000000000000000000e+00
-6.831977036939680374e+02 0.000000000000000000e+00
-6.864862558804110222e+02 0.000000000000000000e+00
-6.897827037503748215e+02 0.000000000000000000e+00
-6.930870473038596629e+02 0.000000000000000000e+00
-6.963992865408653188e+02 0.000000000000000000e+00
-6.997194214613916756e+02 0.000000000000000000e+00
-7.030474520654390744e+02 0.000000000000000000e+00
-7.063833783530071742e+02 0.000000000000000000e+00
-7.097272003240963159e+02 0.000000000000000000e+00
-7.130789179787061585e+02 0.000000000000000000e+00
-7.164385313168370431e+02 0.000000000000000000e+00
-7.198060403384886285e+02 0.000000000000000000e+00
-7.231814450436612560e+02 0.000000000000000000e+00
-7.265647454323548118e+02 0.000000000000000000e+00
-7.299559415045690685e+02 0.000000000000000000e+00
-7.333550332603042534e+02 0.000000000000000000e+00
-7.367620206995602530e+02 0.000000000000000000e+00
-7.401769038223371808e+02 0.000000000000000000e+00
-7.435996826286349233e+02 0.000000000000000000e+00
-7.470303571184535940e+02 0.000000000000000000e+00
-7.504689272917930793e+02 0.000000000000000000e+00
-7.539153931486534930e+02 0.000000000000000000e+00
-7.573697546890347212e+02 0.000000000000000000e+00
-7.608320119129371051e+02 0.000000000000000000e+00
-7.643021648203600762e+02 0.000000000000000000e+00
-7.677802134113039756e+02 0.000000000000000000e+00
-7.712661576857686896e+02 0.000000000000000000e+00
-7.747599976437543319e+02 0.000000000000000000e+00
-7.782617332852607888e+02 0.000000000000000000e+00
-7.817713646102881739e+02 0.000000000000000000e+00
-7.852888916188363737e+02 0.000000000000000000e+00
-7.888143143109055018e+02 0.000000000000000000e+00
-7.923476326864956718e+02 0.000000000000000000e+00
-7.958888467456064291e+02 0.000000000000000000e+00
-7.994379564882382283e+02 0.000000000000000000e+00
-8.029949619143907285e+02 0.000000000000000000e+00
-8.065598630240642706e+02 0.000000000000000000e+00
-8.101326598172585136e+02 0.000000000000000000e+00
-8.137133522939737986e+02 0.000000000000000000e+00
-8.173019404542097845e+02 0.000000000000000000e+00
-8.208984242979668124e+02 0.000000000000000000e+00
-8.245028038252445413e+02 0.000000000000000000e+00
-8.281150790360434257e+02 0.000000000000000000e+00
-8.317352499303630111e+02 0.000000000000000000e+00
-8.353633165082034111e+02 0.000000000000000000e+00
-8.389992787695647394e+02 0.000000000000000000e+00
-8.426431367144468823e+02 0.000000000000000000e+00
-8.462948903428499534e+02 0.000000000000000000e+00
-8.499545396547738392e+02 0.000000000000000000e+00
-8.536220846502186532e+02 0.000000000000000000e+00
-8.572975253291842819e+02 0.000000000000000000e+00
-8.609808616916708388e+02 0.000000000000000000e+00
-8.646720937376784377e+02 0.000000000000000000e+00
-8.683712214672067375e+02 0.000000000000000000e+00
-8.720782448802558520e+02 0.000000000000000000e+00
-8.757931639768258947e+02 0.000000000000000000e+00
-8.795159787569167520e+02 0.000000000000000000e+00
-8.832466892205285376e+02 0.000000000000000000e+00
-8.869852953676611378e+02 0.000000000000000000e+00
-8.907317971983146663e+02 0.000000000000000000e+00
-8.944861947124890094e+02 0.000000000000000000e+00
-8.982484879101842807e+02 0.000000000000000000e+00
-9.020186767914005941e+02 0.000000000000000000e+00
-9.057967613561376083e+02 0.000000000000000000e+00
-9.095827416043954372e+02 0.000000000000000000e+00
-9.133766175361741944e+02 0.000000000000000000e+00
-9.171783891514737661e+02 0.000000000000000000e+00
-9.209880564502942661e+02 0.000000000000000000e+00
-9.248056194326355808e+02 0.000000000000000000e+00
-9.286310780984978237e+02 0.000000000000000000e+00
-9.324644324478808812e+02 0.000000000000000000e+00
-9.363056824807848670e+02 0.000000000000000000e+00
-9.401548281972098948e+02 0.000000000000000000e+00
-9.440118695971556235e+02 0.000000000000000000e+00
-9.478768066806221668e+02 0.000000000000000000e+00
-9.517496394476096384e+02 0.000000000000000000e+00
-9.556303678981179246e+02 0.000000000000000000e+00
-9.595189920321471391e+02 0.000000000000000000e+00
-9.634155118496971681e+02 0.000000000000000000e+00
-9.673199273507681255e+02 0.000000000000000000e+00
-9.712322385353598975e+02 0.000000000000000000e+00
-9.751524454034725977e+02 0.000000000000000000e+00
-9.790805479551063399e+02 0.000000000000000000e+00
-9.830165461902606694e+02 0.000000000000000000e+00
-9.869604401089360408e+02 0.000000000000000000e+00
-9.909122297111321132e+02 0.000000000000000000e+00
-9.948719149968492275e+02 0.000000000000000000e+00
-9.988394959660870427e+02 0.000000000000000000e+00
-1.002814972618845900e+03 0.000000000000000000e+00
-1.006798344955125458e+03 0.000000000000000000e+00
-1.010789612974926058e+03 0.000000000000000000e+00
-1.014788776678247359e+03 0.000000000000000000e+00
-1.018795836065089929e+03 0.000000000000000000e+00
-1.022810791135452973e+03 0.000000000000000000e+00
-1.026833641889337059e+03 0.000000000000000000e+00
-1.030864388326741619e+03 0.000000000000000000e+00
-1.034903030447667561e+03 0.000000000000000000e+00
