npts 513 dfreq 1.000000000000000021e-02
0.000000000000000000e+00 0.000000000000000000e+00
-2.724024291233543074e-02 -1.284292605796696733e-02
-1.443618337471338497e-01 2.513776189659292296e-02
-2.675936479664403067e-01 1.989833608395467079e-01
-2.668130612799403112e-01 4.761457447418330768e-01
-1.031611911986880237e-01 7.172174959022790119e-01
1.303462475537636722e-01 8.334125570809012284e-01
3.433461278620064672e-01 8.458848942361935075e-01
5.074015770223367916e-01 8.050230586930657850e-01
6.269276395016556425e-01 7.443703005881170398e-01
7.133738926418868864e-01 6.800005339542668503e-01
7.766325703247761725e-01 6.184288940365011422e-01
8.237693502347710472e-01 5.618310610983416886e-01
8.595724043243518908e-01 5.105748069051408988e-01
8.872620806867598242e-01 4.643352164902712076e-01
9.090256617865593025e-01 4.225664486696707467e-01
9.263735958511911672e-01 3.846939474862632879e-01
9.403686826508204089e-01 3.501870054228255480e-01
9.517729964654101371e-01 3.185808279040567847e-01
9.611429571296715713e-01 2.894779976646175701e-01
9.688917681311937091e-01 2.625422553169049489e-01
9.753311237031812020e-01 2.374901025026187606e-01
9.806995575016353994e-01 2.140824786327882312e-01
9.851820432332237809e-01 1.921173346252943726e-01
9.889237700114490437e-01 1.714233128386397631e-01
9.920399742613339455e-01 1.518544919550647299e-01
9.946230593347210602e-01 1.332860667358624907e-01
9.967478212092550915e-01 1.156108136399756348e-01
9.984753327023323521e-01 9.873620261732549142e-02
9.998558646517088366e-01 8.258203428352467457e-02
1.000931106985400110e+00 6.707850206919864500e-02
1.001735874778249435e+00 5.216459759880297253e-02
1.002299431242694272e+00 3.778679346939505662e-02
1.002646522827129738e+00 2.389795069436168040e-02
1.002798195835475470e+00 1.045640864350877788e-02
1.002772445725101491e+00 -2.574776251670097930e-03
1.002584737157913075e+00 -1.522847005658920470e-02
1.002248423406378652e+00 -2.753400087191681250e-02
1.001775086788764479e+00 -3.951761585520015274e-02
1.001174816694304193e+00 -5.120286988477124046e-02
1.000456437951000144e+00 -6.261095736322115635e-02
9.996276994290895779e-01 -7.376099653312927218e-02
9.986954306086244237e-01 -8.467027397618212547e-02
9.976656721887839918e-01 -9.535445559917117564e-02
9.965437855484925445e-01 -1.058277693069617914e-01
9.953345448872643608e-01 -1.161031636689347918e-01
9.940422151118732952e-01 -1.261924461589222224e-01
9.926706179366275862e-01 -1.361064039557917937e-01
9.912231881940618550e-01 -1.458549098061520943e-01
9.897030219797652295e-01 -1.554470150513164450e-01
9.881129179578970190e-01 -1.648910315910922242e-01
9.864554129160399976e-01 -1.741946042840198938e-01
9.847328124666748783e-01 -1.833647750568391244e-01
9.829472176378625248e-01 -1.924080398067788966e-01
9.811005479701445653e-01 -2.013303990219916795e-01
9.791945616342750958e-01 -2.101374029125865905e-01
9.772308730005377919e-01 -2.188341917328490982e-01
9.752109680215063081e-01 -2.274255318807499315e-01
9.731362177332217867e-01 -2.359158482808187962e-01
9.710078901326617551e-01 -2.443092534884658829e-01
9.688271606502336653e-01 -2.526095738959287518e-01
9.665951214033829952e-01 -2.608203733705516392e-01
9.643127893900838021e-01 -2.689449746137487218e-01
9.619811137580555060e-01 -2.769864784926296397e-01
9.596009822662555644e-01 -2.849477815649744672e-01
9.571732270388843000e-01 -2.928315919912335419e-01
9.546986296983448472e-01 -3.006404440038853432e-01
9.521779259518839966e-01 -3.083767110842490777e-01
9.496118096966503774e-01 -3.160426179792708568e-01
9.470009366994012190e-01 -3.236402516755078618e-01
9.443459278997845541e-01 -3.311715714341894046e-01
9.416473723798887141e-01 -3.386384179795792204e-01
9.389058300373575028e-01 -3.460425219226437310e-01
9.361218339947475764e-01 -3.533855114930854469e-01
9.332958927737966537e-01 -3.606689196449129886e-01
9.304284922598103913e-01 -3.678941905938031276e-01
9.275200974783684993e-01 -3.750626858383792617e-01
9.245711542039465325e-01 -3.821756897121423302e-01
9.215820904177598472e-01 -3.892344145079984497e-01
9.185533176301781122e-01 -3.962400052130929384e-01
9.154852320812914002e-01 -4.031935438878975209e-01
9.123782158317298441e-01 -4.100960537201538969e-01
9.092326377544639460e-01 -4.169485027812842026e-01
9.060488544371801956e-01 -4.237518075102438275e-01
9.028272110037698361e-01 -4.305068359473902539e-01
8.995680418625733310e-01 -4.372144107388468148e-01
8.962716713882179498e-01 -4.438753119299146399e-01
8.929384145431747966e-01 -4.504902795643995206e-01
8.895685774445362126e-01 -4.570600161051786015e-01
8.861624578809497166e-01 -4.635851886899544638e-01
8.827203457841664713e-01 -4.700664312349214224e-01
8.792425236591944193e-01 -4.765043463979237726e-01
8.757292669766870707e-01 -4.828995074117083397e-01
8.721808445308157909e-01 -4.892524597969405975e-01
8.685975187655899932e-01 -4.955637229638416574e-01
8.649795460722869977e-01 -5.018337917105588630e-01
8.613271770604175037e-01 -5.080631376256943277e-01
8.576406568044235845e-01 -5.142522104018247830e-01
8.539202250681019457e-01 -5.204014390662647926e-01
8.501661165085693250e-01 -5.265112331348373864e-01
8.463785608614209366e-01 -5.325819836939492680e-01
8.425577831085839797e-01 -5.386140644158416979e-01
8.387040036302449986e-01 -5.446078325115188967e-01
8.348174383420959854e-01 -5.505636296254945439e-01
8.308982988190510843e-01 -5.564817826761775388e-01
8.269467924064802800e-01 -5.623626046454449634e-01
8.229631223199148637e-01 -5.682063953206487605e-01
8.189474877341118564e-01 -5.740134419920974729e-01
8.149000838622766363e-01 -5.797840201087965939e-01
8.108211020261868462e-01 -5.855183938950424549e-01
8.067107297179029191e-01 -5.912168169302790544e-01
8.025691506536839492e-01 -5.968795326944342783e-01
7.983965448206877813e-01 -6.025067750808132949e-01
7.941930885169936616e-01 -6.080987688784674772e-01
7.899589543854255158e-01 -6.136557302258242030e-01
7.856943114416367058e-01 -6.191778670372375393e-01
7.813993250968755966e-01 -6.246653794040067931e-01
7.770741571758057464e-01 -6.301184599713010037e-01
7.727189659297579727e-01 -6.355372942923264157e-01
7.683339060457304859e-01 -6.409220611609925955e-01
7.639191286514479540e-01 -6.462729329242344889e-01
7.594747813167709305e-01 -6.515900757750816563e-01
7.550010080517119970e-01 -6.568736500274861001e-01
7.504979493013111957e-01 -6.621238103738572578e-01
7.459657419375976817e-01 -6.673407061261886764e-01
7.414045192488522007e-01 -6.725244814416017070e-01
7.368144109263681241e-01 -6.776752755330788247e-01
7.321955430488985561e-01 -6.827932228661125480e-01
7.275480380649630430e-01 -6.878784533419411984e-01
7.228720147731778622e-01 -6.929310924680063266e-01
7.181675883007575534e-01 -6.979512615162278832e-01
7.134348700803384569e-01 -7.029390776696416987e-01
7.086739678252498287e-01 -7.078946541579259621e-01
7.038849855033693093e-01 -7.128181003823069739e-01
6.990680233096669971e-01 -7.177095220302844858e-01
6.942231776375669128e-01 -7.225690211806152785e-01
6.893505410492183350e-01 -7.273966963989541012e-01
6.844502022447886969e-01 -7.321926428245185692e-01
6.795222460308597556e-01 -7.369569522481369539e-01
6.745667532880312844e-01 -7.416897131819976119e-01
6.695838009378097810e-01 -7.463910109214190181e-01
6.645734619088657924e-01 -7.510609275989176270e-01
6.595358051027414570e-01 -7.556995422308463439e-01
6.544708953590785416e-01 -7.603069307568598445e-01
6.493787934204434675e-01 -7.648831660724336734e-01
6.442595558968170488e-01 -7.694283180546624967e-01
6.391132352298168895e-01 -7.739424535815425665e-01
6.339398796567164984e-01 -7.784256365449306880e-01
6.287395331743258486e-01 -7.828779278573523293e-01
6.235122355027952201e-01 -7.872993854528341773e-01
6.182580220494005019e-01 -7.916900642819081346e-01
6.129769238723725699e-01 -7.960500163009350816e-01
6.076689676448246979e-01 -8.003792904558785226e-01
6.023341756188416163e-01 -8.046779326606555705e-01
5.969725655897784033e-01 -8.089459857701710721e-01
5.915841508608372656e-01 -8.131834895481503400e-01
5.861689402079648392e-01 -8.173904806298589731e-01
5.807269378451415109e-01 -8.215669924797991408e-01
5.752581433901057251e-01 -8.257130553444659293e-01
5.697625518305791115e-01 -8.298286962002355827e-01
5.642401534910450600e-01 -8.339139386964466993e-01
5.586909340001432467e-01 -8.379688030937451071e-01
5.531148742587321809e-01 -8.419933061977307176e-01
5.475119504086879418e-01 -8.459874612879669797e-01
5.418821338024942813e-01 -8.499512780423851277e-01
5.362253909736856006e-01 -8.538847624571177519e-01
5.305416836082161858e-01 -8.577879167618041034e-01
5.248309685168036642e-01 -8.616607393303703510e-01
5.190931976083354993e-01 -8.655032245873277574e-01
5.133283178643881506e-01 -8.693153629095866641e-01
5.075362713149432770e-01 -8.730971405238050487e-01
5.017169950153687052e-01 -8.768485393992762056e-01
4.958704210247391608e-01 -8.805695371363563284e-01
4.899964763855838012e-01 -8.842601068504328810e-01
4.840950831051276104e-01 -8.879202170514221004e-01
4.781661581381266846e-01 -8.915498315187947442e-01
4.722096133713745703e-01 -8.951489091721080982e-01
4.662253556099726914e-01 -8.987174039370360301e-01
4.602132865654628424e-01 -9.022552646068690008e-01
4.541733028459161714e-01 -9.057624346994712639e-01
4.481052959480800180e-01 -9.092388523096600617e-01
4.420091522516965687e-01 -9.126844499569871649e-01
4.358847530160886441e-01 -9.160991544288835664e-01
4.297319743791461755e-01 -9.194828866191439021e-01
4.235506873588170684e-01 -9.228355613617066355e-01
4.173407578572367327e-01 -9.261570872596960324e-01
4.111020466676222895e-01 -9.294473665096876225e-01
4.048344094840674035e-01 -9.327062947211545163e-01
3.985376969143779036e-01 -9.359337607310515006e-01
3.922117544960963542e-01 -9.391296464134928357e-01
3.858564227158678417e-01 -9.422938264844820111e-01
3.794715370323052395e-01 -9.454261683016393913e-01
3.730569279025193752e-01 -9.485265316588896711e-01
3.666124208124900696e-01 -9.515947685760548502e-01
3.601378363114545178e-01 -9.546307230833079860e-01
3.536329900505002510e-01 -9.576342310004368752e-01
3.470976928255621319e-01 -9.606051197108733675e-01
3.405317506250195025e-01 -9.635432079304395714e-01
3.339349646821103135e-01 -9.664483054707558862e-01
3.273071315323804464e-01 -9.693202129972844361e-01
3.206480430763968270e-01 -9.721587217819384064e-01
3.139574866479616921e-01 -9.749636134502339679e-01
3.072352450880760366e-01 -9.777346597229348291e-01
3.004810968249120307e-01 -9.804716221521513342e-01
2.936948159600569208e-01 -9.831742518518578056e-01
2.868761723613116321e-01 -9.858422892227989287e-01
2.800249317623291767e-01 -9.884754636717493215e-01
2.731408558693940170e-01 -9.910734933251087453e-01
2.662237024756579640e-01 -9.936360847368029825e-01
2.592732255831454724e-01 -9.961629325904836074e-01
2.522891755328772190e-01 -9.986537193960083325e-01
2.452712991434493339e-01 -1.001108115180202818e+00
2.382193398584344091e-01 -1.003525777171907274e+00
2.311330379029768733e-01 -1.005906349481310302e+00
2.240121304499701205e-01 -1.008249462773599836e+00
2.168563517962172615e-01 -1.010554733936942728e+00
2.096654335489908094e-01 -1.012821765744847724e+00
2.024391048234199242e-01 -1.015050146512940232e+00
1.951770924511517513e-01 -1.017239449750219293e+00
1.878791212007476230e-01 -1.019389233804862238e+00
1.805449140102821093e-01 -1.021499041504657201e+00
1.731741922326482386e-01 -1.023568399792168959e+00
1.657666758940611607e-01 -1.025596819354739120e+00
1.583220839662925483e-01 -1.027583794249454785e+00
1.508401346531709486e-01 -1.029528801523234005e+00
1.433205456919026954e-01 -1.031431300828182573e+00
1.357630346697869805e-01 -1.033290734032415559e+00
1.281673193569093649e-01 -1.035106524826543195e+00
1.205331180554248260e-01 -1.036878078326043839e+00
1.128601499660455282e-01 -1.038604780669786676e+00
1.051481355723770800e-01 -1.040285998614969065e+00
9.739679704375196756e-02 -1.041921079128777849e+00
8.960585865724010612e-02 -1.043509348977102347e+00
8.177504723951477261e-02 -1.045050114310671407e+00
7.390409262928521184e-02 -1.046542660248988676e+00
6.599272816101152406e-02 -1.047986250462524360e+00
5.804069117063634375e-02 -1.049380126753595599e+00
5.004772352408284886e-02 -1.050723508636464576e+00
4.201357216928568866e-02 -1.052015592917180831e+00
3.393798971252474234e-02 -1.053255553273761969e+00
2.582073501986112407e-02 -1.054442539837336712e+00
1.766157384446260387e-02 -1.055575678774928639e+00
9.460279480645004957e-03 -1.056654071874611134e+00
1.216633445439074031e-03 -1.057676796133799613e+00
-7.069573811482747321e-03 -1.058642903351531217e+00
-1.539854216868786693e-02 -1.059551419725599297e+00
-2.377046106382990284e-02 -1.060401345455509681e+00
-3.218550869362205719e-02 -1.061191654352258151e+00
-4.064385118208940079e-02 -1.061921293456012494e+00
-4.914564171626410738e-02 -1.062589182662841525e+00
-5.769101964847843378e-02 -1.063194214361696366e+00
-6.628010956443698698e-02 -1.063735253082953802e+00
-7.491302031623528479e-02 -1.064211135159865984e+00
-8.358984401952514187e-02 -1.064620668404375747e+00
-9.231065501403765139e-02 -1.064962631798818782e+00
-1.010755087866867796e-01 -1.065235775205131574e+00
-1.098844408565217839e-01 -1.065438819093264211e+00
-1.187374656207980245e-01 -1.065570454290589941e+00
-1.276345751615013402e-01 -1.065629341754208870e+00
-1.365757380116739972e-01 -1.065614112368123312e+00
-1.455608978809518617e-01 -1.065523366767370472e+00
-1.545899723397676784e-01 -1.065355675191308249e+00
-1.636628514617303187e-01 -1.065109577368336558e+00
-1.727793964237685220e-01 -1.064783582434464027e+00
-1.819394380636709940e-01 -1.064376168888214735e+00
-1.911427753947707031e-01 -1.063885784584522431e+00
-2.003891740775748942e-01 -1.063310846770300078e+00
-2.096783648482644369e-01 -1.062649742164581967e+00
-2.190100419040741653e-01 -1.061900827086154520e+00
-2.283838612456912109e-01 -1.061062427631779714e+00
-2.377994389769278183e-01 -1.060132839908185076e+00
-2.472563495620647978e-01 -1.059110330321133331e+00
-2.567541240414026871e-01 -1.057993135924977901e+00
-2.662922482057276108e-01 -1.056779464836255400e+00
-2.758701607305526493e-01 -1.055467496714920683e+00
-2.854872512711948418e-01 -1.054055383317006545e+00
-2.951428585199302179e-01 -1.052541249122515232e+00
-3.048362682266920753e-01 -1.050923192042526155e+00
-3.145667111849871911e-01 -1.049199284209522576e+00
-3.243333611849518738e-01 -1.047367572855079532e+00
-3.341353329357172885e-01 -1.045426081279105857e+00
-3.439716799595226027e-01 -1.043372809914906663e+00
-3.538413924602866190e-01 -1.041205737494391492e+00
-3.637433951696688594e-01 -1.038922822317808636e+00
-3.736765451739294530e-01 -1.036522003632404765e+00
-3.836396297252519516e-01 -1.034001203124437218e+00
-3.936313640415262660e-01 -1.031358326528974967e+00
-4.036503890989425192e-01 -1.028591265361900264e+00
-4.136952694221220916e-01 -1.025697898778492378e+00
-4.237644908769014340e-01 -1.022676095562929488e+00
-4.338564584712787386e-01 -1.019523716252948686e+00
-4.439694941704502296e-01 -1.016238615403830758e+00
-4.541018347322838267e-01 -1.012818643995711421e+00
-4.642516295700232498e-01 -1.009261651988096364e+00
-4.744169386494482832e-01 -1.005565491025249614e+00
-4.845957304281788836e-01 -1.001728017295904216e+00
-4.947858798452758333e-01 -9.977470945505040323e-01
-5.049851663697400017e-01 -9.936205972788665353e-01
-5.151912721170038845e-01 -9.893464140508466675e-01
-5.254017800429512386e-01 -9.849224510221979978e-01
-5.356141722254887938e-01 -9.803466356074141963e-01
-5.458258282441389442e-01 -9.756169203208657770e-01
-5.560340236685796800e-01 -9.707312867870574458e-01
-5.662359286675049397e-01 -9.656877499202553006e-01
-5.764286067495840715e-01 -9.604843622731409347e-01
-5.866090136487175366e-01 -9.551192185534983503e-01
-5.967739963661676805e-01 -9.495904603072217176e-01
-6.069202923824752460e-01 -9.438962807651835041e-01
-6.170445290524141368e-01 -9.380349298506924782e-01
-6.271432231964878534e-01 -9.320047193434042310e-01
-6.372127809027350320e-01 -9.258040281946433581e-01
-6.472494975527602890e-01 -9.194313079881174522e-01
-6.572495580860643338e-01 -9.128850885390150660e-01
-6.672090375168007181e-01 -9.061639836233928991e-01
-6.771239017170744834e-01 -8.992666968286733287e-01
-6.869900084808499008e-01 -8.921920275149300972e-01
-6.968031088823462005e-01 -8.849388768754332668e-01
-7.065588489425896901e-01 -8.775062540837438307e-01
-7.162527716174307280e-01 -8.698932825133777191e-01
-7.258803191199240112e-01 -8.620992060148134906e-01
-7.354368355894208564e-01 -8.541233952333224799e-01
-7.449175701190893228e-01 -8.459653539498279695e-01
-7.543176801528108655e-01 -8.376247254257049857e-01
-7.636322352615473319e-01 -8.291012987311572324e-01
-7.728562213082470489e-01 -8.203950150355519000e-01
-7.819845450092688388e-01 -8.115059738368662900e-01
-7.910120388990399265e-01 -8.024344391062151471e-01
-7.999334667032906854e-01 -7.931808453222858324e-01
-8.087435291247209168e-01 -7.837458033694578718e-01
-8.174368700433020107e-01 -7.741301062723729975e-01
-8.260080831316902739e-01 -7.643347347388397273e-01
-8.344517188843352251e-01 -7.543608624821583897e-01
-8.427622920568853537e-01 -7.442098612932637192e-01
-8.509342895103874094e-01 -7.338833058325678893e-01
-8.589621784525741655e-01 -7.233829781109627488e-01
-8.668404150662465391e-01 -7.127108716292187562e-01
-8.745634535123575359e-01 -7.018691951449482769e-01
-8.821257552929874235e-01 -6.908603760364223634e-01
-8.895217989568620087e-01 -6.796870632328438910e-01
-8.967460901275541296e-01 -6.683521296812114931e-01
-9.037931718319266450e-01 -6.568586743206381584e-01
-9.106576351037960482e-01 -6.452100235359579106e-01
-9.173341298352822859e-01 -6.334097320636480344e-01
-9.238173758457357554e-01 -6.214615833245220600e-01
-9.301021741357384798e-01 -6.093695891593158276e-01
-9.361834182912527336e-01 -5.971379889451952083e-01
-9.420561060007588416e-01 -5.847712480733449070e-01
-9.477153506460670451e-01 -5.722740557701896380e-01
-9.531563929255136847e-01 -5.596513222473666893e-01
-9.583746124664525023e-01 -5.469081751684057302e-01
-9.633655393823516988e-01 -5.340499554230728751e-01
-9.681248657284154957e-01 -5.210822122035322357e-01
-9.726484568085578264e-01 -5.080106973798613756e-01
-9.769323622856546097e-01 -4.948413591759705521e-01
-9.809728270464562749e-01 -4.815803351506231511e-01
-9.847663017722624312e-01 -4.682339444920060045e-01
-9.883094531665027604e-01 -4.548086796381234920e-01
-9.915991737907525749e-01 -4.413111972391532967e-01
-9.946325914614202457e-01 -4.277483084817956804e-01
-9.974070781603980862e-01 -4.141269687995026150e-01
-9.999202584143763728e-01 -4.004542669962958823e-01
-1.002170017099264454e+00 -3.867374138156196572e-01
-1.004154506628250454e+00 -3.729837299892610480e-01
-1.005872153484441034e+00 -3.592006338048658320e-01
-1.007321664061780142e+00 -3.453956282338230821e-01
-1.008502029780955711e+00 -3.315762876643513768e-01
-1.009412531450360140e+00 -3.177502442874381439e-01
-1.010052742845720442e+00 -3.039251741857923461e-01
-1.010422533485872743e+00 -2.901087831782112603e-01
-1.010522070586141297e+00 -2.763087924736378209e-01
-1.010351820175019677e+00 -2.625329241907509159e-01
-1.009912547364161917e+00 -2.487888868000887599e-01
-1.009205315766166011e+00 -2.350843605465126884e-01
-1.008231486059126603e+00 -2.214269829102301634e-01
-1.006992713701477804e+00 -2.078243341645902298e-01
-1.005490945805198599e+00 -1.942839230884891022e-01
-1.003728417179923893e+00 -1.808131728904315283e-01
-1.001707645564906990e+00 -1.674194074001171262e-01
-9.994314260700656316e-01 -1.541098375818689414e-01
-9.969028248514385515e-01 -1.408915484222956205e-01
-9.941251720503325728e-01 -1.277714862423171005e-01
-9.911020540291054504e-01 -1.147564464810867241e-01
-9.878373049399856720e-01 -1.018530619964415213e-01
-9.843349976664876877e-01 -8.906779192336691797e-02
-9.805994341798225378e-01 -7.640691112852618372e-02
-9.766351353552501502e-01 -6.387650029530513029e-02
-9.724468302954762944e-01 -5.148243667001407148e-02
-9.680394452100611336e-01 -3.923038549595821850e-02
-9.634180919012466093e-01 -2.712579215803680860e-02
-9.585880559077440966e-01 -1.517387505642288359e-02
-9.535547843587239836e-01 -3.379619223728759850e-03
-9.483238735906583949e-01 8.252229304099488461e-03
-9.429010565796578369e-01 1.971716835699908327e-02
-9.372921902416192497e-01 3.101094373802867898e-02
-9.315032426518379260e-01 4.212955257046677171e-02
-9.255402802347536539e-01 5.306924589042537332e-02
-9.194094549732062527e-01 6.382653049429848346e-02
-9.131169916850326862e-01 7.439817005383797532e-02
-9.066691754130042913e-01 8.478118551493729615e-02
-9.000723389720611811e-01 9.497285479925322849e-02
-8.933328506955545700e-01 1.049707118306268533e-01
-8.864571024197581695e-01 1.147725449108485951e-01
-8.794514977433414149e-01 1.243763944716077680e-01
-8.723224405957824557e-01 1.337805502315536910e-01
-8.650763241458857555e-01 1.429835477891584772e-01
-8.577195200787052221e-01 1.519841646836000981e-01
-8.502583682662263609e-01 1.607814159571329948e-01
-8.426991668542488378e-01 1.693745492534027564e-01
-8.350481627849293265e-01 1.777630394868789099e-01
-8.273115427715660442e-01 1.859465831190804386e-01
-8.194954247393058111e-01 1.939250920774809039e-01
-8.116058497426595908e-01 2.016986873530245139e-01
-8.036487743679942009e-01 2.092676923119487775e-01
-7.956300636265233317e-01 2.166326257572338543e-01
-7.875554843408180128e-01 2.237941947743906090e-01
-7.794306990254590284e-01 2.307532873955530084e-01
-7.712612602601861544e-01 2.375109651149165113e-01
-7.630526055517834472e-01 2.440684552875224123e-01
-7.548100526789609521e-01 2.504271434422082332e-01
-7.465387955126658870e-01 2.565885655382719177e-01
-7.382439003025940139e-01 2.625544001940272598e-01
-7.299303024191330369e-01 2.683264609139944801e-01
-7.216028035386434780e-01 2.739066883399614016e-01
-7.132660692587282636e-01 2.792971425496179605e-01
-7.049246271291301769e-01 2.844999954248904062e-01
-6.965828650829433144e-01 2.895175231105087121e-01
-6.882450302520938257e-01 2.943520985817541513e-01
-6.799152281503746398e-01 2.990061843387283869e-01
-6.715974222068569199e-01 3.034823252429292850e-01
-6.632954336320955324e-01 3.077831415103550738e-01
-6.550129415993044546e-01 3.119113218738461812e-01
-6.467534837225192845e-01 3.158696169259045949e-01
-6.385204568137254899e-01 3.196608326517847432e-01
-6.303171179009806613e-01 3.232878241612910930e-01
-6.221465854896847114e-01 3.267534896263813993e-01
-6.140118410493833334e-01 3.300607644304240917e-01
-6.059157307087603694e-01 3.332126155337518103e-01
-5.978609671418358973e-01 3.362120360590275525e-01
-5.898501316287966256e-01 3.390620400988747507e-01
-5.818856762753255030e-01 3.417656577472170110e-01
-5.739699263748211377e-01 3.443259303548559802e-01
-5.661050828984051098e-01 3.467459060089470024e-01
-5.582932250982091116e-01 3.490286352352363064e-01
-5.505363132100006274e-01 3.511771669212068736e-01
-5.428361912418246948e-01 3.531945444576042314e-01
-5.351945898359599108e-01 3.550838020952209462e-01
-5.276131291921146715e-01 3.568479615132834626e-01
-5.200933220404291291e-01 3.584900285952890009e-01
-5.126365766534771717e-01 3.600129904077404297e-01
-5.052441998871061157e-01 3.614198123768320170e-01
-4.979174002405625798e-01 3.627134356578385899e-01
-4.906572909269928395e-01 3.638967746916794699e-01
-4.834648929459928746e-01 3.649727149429066730e-01
-4.763411381504826236e-01 3.659441108131814002e-01
-4.692868723007621035e-01 3.668137837241637889e-01
-4.623028580991604963e-01 3.675845203636290970e-01
-4.553897781992317095e-01 3.682590710885539909e-01
-4.485482381839752675e-01 3.688401484788790263e-01
-4.417787695080587773e-01 3.693304260356288227e-01
-4.350818323995060410e-01 3.697325370171066217e-01
-4.284578187167608077e-01 3.700490734068915821e-01
-4.219070547574917396e-01 3.702825850074533132e-01
-4.154298040159016270e-01 3.704355786532530503e-01
-4.090262698857091150e-01 3.705105175373137882e-01
-4.026965983063344745e-01 3.705098206453412146e-01
-3.964408803501806577e-01 3.704358622916078536e-01
-3.902591547492179624e-01 3.702909717509432208e-01
-3.841514103593979823e-01 3.700774329813206753e-01
-3.781175885617034105e-01 3.697974844316814225e-01
-3.721575855989152082e-01 3.694533189298011555e-01
-3.662712548474177932e-01 3.690470836451612002e-01
-3.604584090236044869e-01 3.685808801219633835e-01
-3.547188223246479089e-01 3.680567643775939368e-01
-3.490522325036027329e-01 3.674767470620211585e-01
-3.434583428789837467e-01 3.668427936737773676e-01
-3.379368242791269683e-01 3.661568248283649796e-01
-3.324873169217912872e-01 3.654207165750847364e-01
-3.271094322295909906e-01 3.646363007584705884e-01
-3.218027545819733826e-01 3.638053654206815368e-01
-3.165668430045645021e-01 3.629296552413686094e-01
-3.114012327967990434e-01 3.620108720117044543e-01
-3.063054370988447239e-01 3.610506751394247371e-01
-3.012789483988980721e-01 3.600506821818895142e-01
-2.963212399820011056e-01 3.590124694043276277e-01
-2.914317673215807702e-01 3.579375723605822124e-01
-2.866099694149645827e-01 3.568274864938143498e-01
-2.818552700641629993e-01 3.556836677547742798e-01
-2.771670791032447845e-01 3.545075332353795350e-01
-2.725447935736564631e-01 3.533004618154762522e-01
-2.679877988488569285e-01 3.520637948207859247e-01
-2.634954697096519305e-01 3.507988366901664823e-01
-2.590671713716254376e-01 3.495068556504309365e-01
-2.547022604660643674e-01 3.481890843970844029e-01
-2.504000859757767317e-01 3.468467207794468377e-01
-2.461599901271968316e-01 3.454809284887347953e-01
-2.419813092401636723e-01 3.440928377477730504e-01
-2.378633745367514929e-01 3.426835460011045664e-01
-2.338055129105105212e-01 3.412541186043557828e-01
-2.298070476574657905e-01 3.398055895118020087e-01
-2.258672991702003474e-01 3.383389619611572585e-01
-2.219855855963282498e-01 3.368552091546932470e-01
-2.181612234626418012e-01 3.353552749358645890e-01
-2.143935282661927622e-01 3.338400744606881410e-01
-2.106818150335401651e-01 3.323104948631868671e-01
-2.070253988493734321e-01 3.307673959142781173e-01
-2.034235953556922938e-01 3.292116106735359926e-01
-1.998757212226926760e-01 3.276439461333212622e-01
-1.963810945924849838e-01 3.260651838548190851e-01
-1.929390354967368826e-01 3.244760805955756999e-01
-1.895488662493075294e-01 3.228773689281722037e-01
-1.862099118149052324e-01 3.212697578497152318e-01
-1.829215001547764008e-01 3.196539333818649853e-01
-1.796829625503996997e-01 3.180305591611609084e-01
