npts 513 dfreq 1.000000000000000021e-02
0.000000000000000000e+00 0.000000000000000000e+00
1.284292552319879152e-04 -2.724024177807561013e-04
-5.027552169975712994e-04 -2.887236554720674832e-03
-5.969500576621623693e-03 -8.027809104722265915e-03
-1.904582899662167483e-02 -1.067252200680313644e-02
-3.586087330189858396e-02 -5.158059345157325892e-03
-5.000475134270000038e-02 7.820774527575615961e-03
-5.921194013100019443e-02 2.403422794957624231e-02
-6.440184201380895479e-02 4.059212447156641812e-02
-6.699332426338716617e-02 5.642348520572447457e-02
-6.800005056396411784e-02 7.133738629376237816e-02
-6.802717551142310748e-02 8.542957917851251581e-02
-6.741972452450269160e-02 9.885231791204854290e-02
-6.637472213388299902e-02 1.117444079092264203e-01
-6.500692760180641627e-02 1.242166861238723080e-01
-6.338496466115617345e-02 1.363538435903292323e-01
-6.155102903487114779e-02 1.482197691644491500e-01
-5.953178844302879635e-02 1.598626693940978782e-01
-5.734454663495351656e-02 1.713191322301951536e-01
-5.500081726609145488e-02 1.826171542506191681e-01
-5.250844887697514451e-02 1.937783455574780545e-01
-4.987291944888523620e-02 2.048195274491622642e-01
-4.709814333808795550e-02 2.157538936665565621e-01
-4.418698512391033839e-02 2.265918605085547599e-01
-4.114159336817361373e-02 2.373416949200473636e-01
-3.796362140799423163e-02 2.480099832384149161e-01
-3.465437590834637149e-02 2.586019846590671967e-01
-3.121491838303155214e-02 2.691219005204985582e-01
-2.764613558169026070e-02 2.795730815154747195e-01
-2.394878894501555056e-02 2.899581886753904159e-01
-2.012354978283260529e-02 3.002793195922520697e-01
-1.617102458228161441e-02 3.105381082507223112e-01
-1.209177340671555891e-02 3.207358046425040632e-01
-7.886323400759752411e-03 3.308733387556766492e-01
-3.555178790758452625e-03 3.409513723871449575e-01
9.011716505605355454e-04 3.509703413896876900e-01
5.482248992096066219e-03 3.609304903480191062e-01
1.018757989840731078e-02 3.708319012192443087e-01
1.501669339969408969e-02 3.806745171287768681e-01
1.996911842356417777e-02 3.904581622524426754e-01
2.504438190246232113e-02 4.001825585171486788e-01
3.024200731933229108e-02 4.098473397002422303e-01
3.556151358924620337e-02 4.194520633900055140e-01
4.100241420033897549e-02 4.289962211781500612e-01
4.656421655616997668e-02 4.384792473834447923e-01
5.224642147552541888e-02 4.479005265490831889e-01
5.804852281601454583e-02 4.572593999115805996e-01
6.397000719556704407e-02 4.665551710032660448e-01
7.001035379178316420e-02 4.757871105217909014e-01
7.616903420353315912e-02 4.849544605770058081e-01
8.244551236258716720e-02 4.940564384068709680e-01
8.883924448566178633e-02 5.030922396388599616e-01
9.534967905927919929e-02 5.120610411608974566e-01
1.019762568513907508e-01 5.209620036556653622e-01
1.087184109449360614e-01 5.297942738437084742e-01
1.155755667894572264e-01 5.385569864738100065e-01
1.225471422676397970e-01 5.472492660933209185e-01
1.296325477742416576e-01 5.558702286263088599e-01
1.368311863053441046e-01 5.644189827833563378e-01
1.441424535562292886e-01 5.728946313234394294e-01
1.515657380264925913e-01 5.812962721854723069e-01
1.591004211312342376e-01 5.896229995046780026e-01
1.667458773173718378e-01 5.978739045269059194e-01
1.745014741842680628e-01 6.060480764322635494e-01
1.823665726079992666e-01 6.141446030779599274e-01
1.903405268686888807e-01 6.221625716689700436e-01
1.984226847804174687e-01 6.301010693640508586e-01
2.066123878232879185e-01 6.379591838237004264e-01
2.149089712772827843e-01 6.457360037058403890e-01
2.233117643575940614e-01 6.534306191143078868e-01
2.318200903511469513e-01 6.610421220046338586e-01
2.404332667540705626e-01 6.685696065510680075e-01
2.491506054098903966e-01 6.760121694783425284e-01
2.579714126482485770e-01 6.833689103612825555e-01
2.668949894239619480e-01 6.906389318950090228e-01
2.759206314562587803e-01 6.978213401381880843e-01
2.850476293680345163e-01 7.049152447315063519e-01
2.942752688249850035e-01 7.119197590933231679e-01
3.036028306744826266e-01 7.188340005942341904e-01
3.130295910840653062e-01 7.256570907121147052e-01
3.225548216794175138e-01 7.323881551690314406e-01
3.321777896817322828e-01 7.390263240512919829e-01
3.418977580443297581e-01 7.455707319137477862e-01
3.517139855884399702e-01 7.520205178693837311e-01
3.616257271380290961e-01 7.583748256651028363e-01
3.716322336535790583e-01 7.646328037445470072e-01
3.817327523647089937e-01 7.707936052986965603e-01
3.919265269015501651e-01 7.768563883049421914e-01
4.022127974247683424e-01 7.828203155552391213e-01
4.125908007541397859e-01 7.886845546739109647e-01
4.230597704955909588e-01 7.944482781256191339e-01
4.336189371665976622e-01 8.001106632139594055e-01
4.442675283198607161e-01 8.056708920711214139e-01
4.550047686651546019e-01 8.111281516389927670e-01
4.658298801892628016e-01 8.164816336420742671e-01
4.767420822739079633e-01 8.217305345525325322e-01
4.877405918115752526e-01 8.268740555476891130e-01
4.988246233191493406e-01 8.319114024602284330e-01
5.099933890492612809e-01 8.368417857213806821e-01
5.212460990992576759e-01 8.416644202973139199e-01
5.325819615177027622e-01 8.463785256189602091e-01
5.440001824083087190e-01 8.509833255054691792e-01
5.554999660312169851e-01 8.554780480814929700e-01
5.670805149015233360e-01 8.598619256884612039e-01
5.787410298849547940e-01 8.641341947900217368e-01
5.904807102906173277e-01 8.682940958717982882e-01
6.022987539606949881e-01 8.723408733355995093e-01
6.141943573570290971e-01 8.762737753882270386e-01
6.261667156444664650e-01 8.800920539249962316e-01
6.382150227708813794e-01 8.837949644080950184e-01
6.503384715437823260e-01 8.873817657398934688e-01
6.625362537033925303e-01 8.908517201313035372e-01
6.748075599921149470e-01 8.942040929652946835e-01
6.871515802202780021e-01 8.974381526556637345e-01
6.995675033280611688e-01 9.005531705011394772e-01
7.120545174434965707e-01 9.035484205349172404e-01
7.246118099364465825e-01 9.064231793697080652e-01
7.372385674684536205e-01 9.091767260383698535e-01
7.499339760383507691e-01 9.118083418302131982e-01
7.626972210235366534e-01 9.143173101230470667e-01
7.755274872167958744e-01 9.167029162110307272e-01
7.884239588585654213e-01 9.189644471284177385e-01
8.013858196645291532e-01 9.211011914692415203e-01
8.144122528484312173e-01 9.231124392030188863e-01
8.275024411399964919e-01 9.249974814865355999e-01
8.406555667978403701e-01 9.267556104717731280e-01
8.538708116172462059e-01 9.283861191100385435e-01
8.671473569327063924e-01 9.298883009523665200e-01
8.804843836150858527e-01 9.312614499462412709e-01
8.938810720633029172e-01 9.325048602287132615e-01
9.073366021903944700e-01 9.336178259159559900e-01
9.208501534038362468e-01 9.345996408893324503e-01
9.344209045799938274e-01 9.354495985780276746e-01
9.480480340325780908e-01 9.361669917383071970e-01
9.617307194749560306e-01 9.367511122294575054e-01
9.754681379761913629e-01 9.372012507864755371e-01
9.892594659106795918e-01 9.375166967895627312e-01
1.003103878901223212e+00 9.376967380304893629e-01
1.017000551755416371e+00 9.377406604758864450e-01
1.030948658395177242e+00 9.376477480275320353e-01
1.044947371779292755e+00 9.374172822796985605e-01
1.058995863818813499e+00 9.370485422736199999e-01
1.073093305285136134e+00 9.365408042491537577e-01
1.087238865710635105e+00 9.358933413937029488e-01
1.101431713281652014e+00 9.351054235884673771e-01
1.115671014723696119e+00 9.341763171521005882e-01
1.129955935178676540e+00 9.331052845818456065e-01
1.144285638073996081e+00 9.318915842922237402e-01
1.158659284983323268e+00 9.305344703513618310e-01
1.173076035478863854e+00 9.290331922150361077e-01
1.187535046974942388e+00 9.273869944585181324e-01
1.202035474562707318e+00 9.255951165063124320e-01
1.216576470835756041e+00 9.236567923598734131e-01
1.231157185706495572e+00 9.215712503234076980e-01
1.245776766213009479e+00 9.193377127278413719e-01
1.260434356316249893e+00 9.169553956530778205e-01
1.275129096687320773e+00 9.144235086486308672e-01
1.289860124484638160e+00 9.117412544527643270e-01
1.304626573120747812e+00 9.089078287102407838e-01
1.319427572018565531e+00 9.059224196888042702e-01
1.334262246356802795e+00 9.027842079945279652e-01
1.349129716804349455e+00 8.994923662861559199e-01
1.364029099243346366e+00 8.960460589885725913e-01
1.378959504480719689e+00 8.924444420055561711e-01
1.393920037947901536e+00 8.886866624319561536e-01
1.408909799388473827e+00 8.847718582654559016e-01
1.423927882533484457e+00 8.806991581180967366e-01
1.438973374764127122e+00 8.764676809277154312e-01
1.454045356761535013e+00 8.720765356695000525e-01
1.469142902143377061e+00 8.675248210678420113e-01
1.484265077086970308e+00 8.628116253086829390e-01
1.499410939938603748e+00 8.579360257525753264e-01
1.514579540808767000e+00 8.528970886486633152e-01
1.529769921152968282e+00 8.476938688498293351e-01
1.544981113337813294e+00 8.423254095292295185e-01
1.560212140192023256e+00 8.367907418984878998e-01
1.575462014542051037e+00 8.310888849278056378e-01
1.590729738731960108e+00 8.252188450682613752e-01
1.606014304127197478e+00 8.191796159766019381e-01
1.621314690601929120e+00 8.129701782428232493e-01
1.636629866009553513e+00 8.065894991208635290e-01
1.651958785636029159e+00 8.000365322627500664e-01
1.667300391635639478e+00 7.933102174565384024e-01
1.682653612448810287e+00 7.864094803684352764e-01
1.698017362201583502e+00 7.793332322894697128e-01
1.713390540086355607e+00 7.720803698871373522e-01
1.728772029723465664e+00 7.646497749624303619e-01
1.744160698503234519e+00 7.570403142127101193e-01
1.759555396908030866e+00 7.492508390008814079e-01
1.774954957813930978e+00 7.412801851313641777e-01
1.790358195771567962e+00 7.331271726333751237e-01
1.805763906265703378e+00 7.247906055520567659e-01
1.821170864953107760e+00 7.162692717480118043e-01
1.836577826878292852e+00 7.075619427058459365e-01
1.851983525666644592e+00 6.986673733523238727e-01
1.867386672694505645e+00 6.895843018847888084e-01
1.882785956235753400e+00 6.803114496105286957e-01
1.898180040584410699e+00 6.708475207977847576e-01
1.913567565152818784e+00 6.611912025391555314e-01
1.928947143544925691e+00 6.513411646281611622e-01
1.944317362604203847e+00 6.412960594497872924e-01
1.959676781435744752e+00 6.310545218858452099e-01
1.975023930402060701e+00 6.206151692360412087e-01
1.990357310092131460e+00 6.099766011556797540e-01
2.005675390263222280e+00 5.991373996109593536e-01
2.020976608755041593e+00 5.880961288528809838e-01
2.036259370375746336e+00 5.768513354108134594e-01
2.051522045759393009e+00 5.654015481068200843e-01
2.066762970194349514e+00 5.537452780918999951e-01
2.081980442422267874e+00 5.418810189053228088e-01
2.097172723407180861e+00 5.298072465583322233e-01
2.112338035074321496e+00 5.175224196434976554e-01
2.127474559018265321e+00 5.050249794710830464e-01
2.142580435180017506e+00 4.923133502338438161e-01
2.157653760492689976e+00 4.793859392017253418e-01
2.172692587495409722e+00 4.662411369479944057e-01
2.187694922915170537e+00 4.528773176084052721e-01
2.202658726216299101e+00 4.392928391750519634e-01
2.217581908117308487e+00 4.254860438266444556e-01
2.232462329074870855e+00 4.114552582970005257e-01
2.247297797734733482e+00 3.971987942836106567e-01
2.262086069349409811e+00 3.827149488982372061e-01
2.276824844162527839e+00 3.680020051615344179e-01
2.291511765759739916e+00 3.530582325437966462e-01
2.306144419386209510e+00 3.378818875539968958e-01
2.320720330230648276e+00 3.224712143793621033e-01
2.335236961676036671e+00 3.068244455778172397e-01
2.349691713517146674e+00 2.909398028257055291e-01
2.364081920145078453e+00 2.748154977232918905e-01
2.378404848699116059e+00 2.584497326606237100e-01
2.392657697186257426e+00 2.418407017464322128e-01
2.406837592568865869e+00 2.249865918028223222e-01
2.420941588820989310e+00 2.078855834286233717e-01
2.434966664953983617e+00 1.905358521343233358e-01
2.448909723012176798e+00 1.729355695516417157e-01
2.462767586039446233e+00 1.550829047208607259e-01
2.476536996017652648e+00 1.369760254591399773e-01
2.490214611778064580e+00 1.186130998131307290e-01
2.503797006886975485e+00 9.999229759930820804e-02
2.517280667506928804e+00 8.111179203551013850e-02
2.530661990235058667e+00 6.196976146730009266e-02
2.543937279920257311e+00 4.256439119281090616e-02
2.557102747461038827e+00 2.289387538987998003e-02
2.570154507586149162e+00 2.956419149314244623e-03
2.583088576620189425e+00 -1.724975938175302148e-02
2.595900870236679037e+00 -3.772642674238989302e-02
2.608587201201267192e+00 -5.847533178215994637e-02
2.621143277107966352e+00 -7.949820316301089984e-02
2.633564698111582114e+00 -1.007967467344934170e-01
2.645846954659725192e+00 -1.223726427780079395e-01
2.657985425228055032e+00 -1.442275431156874455e-01
2.669975374062776741e+00 -1.663630680795243344e-01
2.681811948934560430e+00 -1.887808033362455284e-01
2.693490178908497956e+00 -2.114822965634609309e-01
2.705004972134961161e+00 -2.344690539725695355e-01
2.716351113666603201e+00 -2.577425366738776980e-01
2.727523263307074952e+00 -2.813041568794369396e-01
2.738515953497409949e+00 -3.051552739390525071e-01
2.749323587246431000e+00 -3.292971902050267352e-01
2.759940436111935735e+00 -3.537311467211803895e-01
2.770360638239771411e+00 -3.784583187318017461e-01
2.780578196468472818e+00 -4.034798110062476351e-01
2.790586976507443584e+00 -4.287966529750162348e-01
2.800380705197239362e+00 -4.544097936732852672e-01
2.809952968860905287e+00 -4.803200964879831281e-01
2.819297211755916521e+00 -5.065283337047459256e-01
2.828406734636617959e+00 -5.330351808512309164e-01
2.837274693437799922e+00 -5.598412108335681925e-01
2.845894098090355762e+00 -5.869468878629642283e-01
2.854257811480691132e+00 -6.143525611698065214e-01
2.862358548565996141e+00 -6.420584585029530666e-01
2.870188875658119088e+00 -6.700646794122889771e-01
2.877741209889315144e+00 -6.983711883130504505e-01
2.885007818873777996e+00 -7.269778073309168809e-01
2.891980820579333589e+00 -7.558842089273575260e-01
2.898652183424428763e+00 -7.850899083053293204e-01
2.905013726615913061e+00 -8.145942555960158371e-01
2.911057120743927307e+00 -8.443964278280090552e-01
2.916773888650561197e+00 -8.744954206810406916e-01
2.922155406589678872e+00 -9.048900400271866484e-01
2.927192905695746195e+00 -9.355788932633221089e-01
2.931877473780076571e+00 -9.665603804395305199e-01
2.936200057473384195e+00 -9.978326851891289317e-01
2.940151464734066078e+00 -1.029393765467107702e+00
2.943722367742008128e+00 -1.061241344104799422e+00
2.946903306198172423e+00 -1.093372899189877678e+00
2.949684691050580287e+00 -1.125785654282036141e+00
2.952056808667592680e+00 -1.158476568476014990e+00
2.954009825479674944e+00 -1.191442326325096168e+00
2.955533793111026153e+00 -1.224679327639670134e+00
2.956618654022538095e+00 -1.258183677177041382e+00
2.957254247687669757e+00 -1.291951174240294486e+00
2.957430317322667701e+00 -1.325977302205734842e+00
2.957136517192546776e+00 -1.360257218000248347e+00
2.956362420513891198e+00 -1.394785741551721081e+00
2.955097527975243388e+00 -1.429557345237611576e+00
2.953331276895363455e+00 -1.464566143358764450e+00
2.951053051038968089e+00 -1.499805881667523932e+00
2.948252191108882592e+00 -1.535269926981375654e+00
2.944918005932564142e+00 -1.570951256915389171e+00
2.941039784359920084e+00 -1.606842449768953518e+00
2.936606807888070048e+00 -1.642935674604455443e+00
2.931608364027308067e+00 -1.679222681557748231e+00
2.926033760420889696e+00 -1.715694792422510995e+00
2.919872339729420396e+00 -1.752342891552711501e+00
2.913113495288674581e+00 -1.789157417129640271e+00
2.905746687547350326e+00 -1.826128352842087077e+00
2.897761461288862250e+00 -1.863245220030299132e+00
2.889147463638561231e+00 -1.900497070346400585e+00
2.879894462854834192e+00 -1.937872478985833702e+00
2.869992367899424135e+00 -1.975359538546236138e+00
2.859431248778831591e+00 -2.012945853571781463e+00
2.848201357645116172e+00 -2.050618535842560597e+00
2.836293150640456062e+00 -2.088364200469929433e+00
2.823697310465750565e+00 -2.126168962859799727e+00
2.810404769649236023e+00 -2.164018436606844453e+00
2.796406734486441170e+00 -2.201897732383120143e+00
2.781694709618135697e+00 -2.239791457885054182e+00
2.766260523207874744e+00 -2.277683718902673515e+00
2.750096352675650557e+00 -2.315558121574744721e+00
2.733194750938795714e+00 -2.353397775892723587e+00
2.715548673105878219e+00 -2.391185300515414447e+00
2.697151503563743002e+00 -2.428902828954663917e+00
2.677997083392183786e+00 -2.466532017190564030e+00
2.658079738035075135e+00 -2.504054052772101802e+00
2.637394305151025797e+00 -2.541449665456385176e+00
2.615936162560970057e+00 -2.578699139436095855e+00
2.593701256204425043e+00 -2.615782327200874224e+00
2.570686128010701843e+00 -2.652678665073866959e+00
2.546887943585922631e+00 -2.689367190459568402e+00
2.522304519611619167e+00 -2.725826560833546797e+00
2.496934350845783968e+00 -2.762035074498427001e+00
2.470776636612659338e+00 -2.797970693123808861e+00
2.443831306663454939e+00 -2.833611066080505836e+00
2.416099046286366736e+00 -2.868933556571716448e+00
2.387581320541086960e+00 -2.903915269555436218e+00
2.358280397490295499e+00 -2.938533081443576389e+00
2.328199370298559945e+00 -2.972763671554090603e+00
2.297342178067695695e+00 -3.006583555282686504e+00
2.265713625276974952e+00 -3.039969118950755611e+00
2.233319399696705343e+00 -3.072896656275823979e+00
2.200166088644626594e+00 -3.105342406400205313e+00
2.166261193456456180e+00 -3.137282593402964892e+00
2.131613142044605169e+00 -3.168693467209251935e+00
2.096231299422810945e+00 -3.199551345800423441e+00
2.060125976079081322e+00 -3.229832658617417085e+00
2.023308434084981400e+00 -3.259513991039316494e+00
1.985790890835963829e+00 -3.288572129808588151e+00
1.947586520325037984e+00 -3.316984109264473179e+00
1.908709451860745476e+00 -3.344727258236404488e+00
1.869174766149954259e+00 -3.371779247440294558e+00
1.828998488676502276e+00 -3.398118137212073897e+00
1.788197580318130253e+00 -3.423722425405319125e+00
1.746789925156372991e+00 -3.448571095272879639e+00
1.704794315447063280e+00 -3.472643663146614212e+00
1.662230433732801771e+00 -3.495920225724474140e+00
1.619118832093028981e+00 -3.518381506770423606e+00
1.575480908542131298e+00 -3.540008903030114951e+00
1.531338880601218033e+00 -3.560784529163933509e+00
1.486715756084671769e+00 -3.580691261498979205e+00
1.441635301158233462e+00 -3.599712780402866130e+00
1.396122005741089023e+00 -3.617833611084920520e+00
1.350201046339935207e+00 -3.635039162634418286e+00
1.303898246418481621e+00 -3.651315765110929590e+00
1.257240034420741503e+00 -3.666650704508754632e+00
1.210253399580990541e+00 -3.681032255425527921e+00
1.162965845667143672e+00 -3.694449711274666814e+00
1.115405342817355816e+00 -3.706893411891996948e+00
1.067600277641876483e+00 -3.718354768398974386e+00
1.019579401773329952e+00 -3.728826285197799795e+00
9.713717790587079737e-01 -3.738301578987967666e+00
9.230067315951369089e-01 -3.746775394708592888e+00
8.745137848190389640e-01 -3.754243618326721155e+00
8.259226118644639181e-01 -3.760703286408149548e+00
7.772629774110174639e-01 -3.766152592424230061e+00
7.285646812450385923e-01 -3.770590889765391029e+00
6.798575017593513348e-01 -3.774018691449679608e+00
6.311711396170277544e-01 -3.776437666532140192e+00
5.825351618032102996e-01 -3.777850633238454492e+00
5.339789462860844438e-01 -3.778261548863449004e+00
4.855316275036931639e-01 -3.777675496492163276e+00
4.372220428873973552e-01 -3.776098668617449583e+00
3.890786806255110419e-01 -3.773538347743912169e+00
3.411296288621561978e-01 -3.770002884083027972e+00
2.934025265165162710e-01 -3.765501670458325290e+00
2.459245158968432210e-01 -3.760045114552726719e+00
1.987221972716360086e-01 -3.753644608642062952e+00
1.518215855476404141e-01 -3.746312496969764094e+00
1.052480691907453497e-01 -3.738062040927205398e+00
5.902637151167858254e-02 -3.728907382212685473e+00
1.318051442371708307e-02 -3.718863504148802956e+00
-3.226621523549205034e-02 -3.707946191343841402e+00
-7.729129674109448678e-02 -3.696171987886893273e+00
-1.218730038157675305e-01 -3.683558154269427565e+00
-1.659904302159428691e-01 -3.670122623227548786e+00
-2.096235125386406717e-01 -3.655883954699469029e+00
-2.527530502330062601e-01 -3.640861290091619740e+00
-2.953607228151748920e-01 -3.625074306044659522e+00
-3.374291042991979794e-01 -3.608543167887178882e+00
-3.789416748702208459e-01 -3.591288482960416140e+00
-4.198828298389539748e-01 -3.573331253991832934e+00
-4.602378859286002655e-01 -3.554692832688933990e+00
-4.999930849565889512e-01 -3.535394873717485176e+00
-5.391355949840271888e-01 -3.515459289220355998e+00
-5.776535090152138396e-01 -3.494908204024461007e+00
-6.155358413382068239e-01 -3.473763911674268012e+00
-6.527725216050835888e-01 -3.452048831420587938e+00
-6.893543867572362593e-01 -3.429785466283528983e+00
-7.252731709067261612e-01 -3.406996362298164716e+00
-7.605214932895897340e-01 -3.383704069041230333e+00
-7.950928444107017157e-01 -3.359931101526563602e+00
-8.289815705028638071e-01 -3.335699903546706757e+00
-8.621828564246898363e-01 -3.311032812527628710e+00
-8.946927071231548512e-01 -3.285952025953376321e+00
-9.265079277869981977e-01 -3.260479569407471967e+00
-9.576261028168324696e-01 -3.234637266268191258e+00
-9.880455737366998781e-01 -3.208446709085461812e+00
-1.017765416170107518e+00 -3.181929232658188944e+00
-1.046785416001202229e+00 -3.155105888822209881e+00
-1.075106044838884944e+00 -3.127997422950995698e+00
-1.102728434898267995e+00 -3.100624252163615147e+00
-1.129654353410098455e+00 -3.073006445227252303e+00
-1.155886176664548515e+00 -3.045163704135124938e+00
-1.181426863791303461e+00 -3.017115347334378583e+00
-1.206279930373095111e+00 -2.988880294573152518e+00
-1.230449421984825209e+00 -2.960477053330836217e+00
-1.253939887745313841e+00 -2.931923706791183637e+00
-1.276756353963353074e+00 -2.903237903313814705e+00
-1.298904297954499576e+00 -2.874436847356313329e+00
-1.320389622099555238e+00 -2.845537291796008894e+00
-1.341218628210369301e+00 -2.816555531598103013e+00
-1.361397992263228218e+00 -2.787507398774689893e+00
-1.380934739554796620e+00 -2.758408258577589311e+00
-1.399836220330435754e+00 -2.729273006866707707e+00
-1.418110085929632724e+00 -2.700116068594762275e+00
-1.435764265488377767e+00 -2.670951397348739320e+00
-1.452806943233548420e+00 -2.641792475888268932e+00
-1.469246536399810843e+00 -2.612652317621267706e+00
-1.485091673795154277e+00 -2.583543468957641309e+00
-1.500351175036973572e+00 -2.554478012482451099e+00
-1.515034030476676064e+00 -2.525467570890954416e+00
-1.529149381827014764e+00 -2.496523311628921604e+00
-1.542706503502796256e+00 -2.467655952183050783e+00
-1.555714784682345142e+00 -2.438875765967650988e+00
-1.568183712093966120e+00 -2.410192588755393217e+00
-1.580122853528800997e+00 -2.381615825601623548e+00
-1.591541842078835423e+00 -2.353154458213539968e+00
-1.602450361096311671e+00 -2.324817052717371268e+00
-1.612858129868677048e+00 -2.296611767778674817e+00
-1.622774890001050130e+00 -2.268546363032821755e+00
-1.632210392496461715e+00 -2.240628207784734816e+00
-1.641174385522409684e+00 -2.212864289939006301e+00
-1.649676602850848939e+00 -2.185261225123523943e+00
-1.657726752957420890e+00 -2.157825265971731188e+00
-1.665334508764632515e+00 -2.130562311530710407e+00
-1.672509498012680895e+00 -2.103477916764201261e+00
-1.679261294240836477e+00 -2.076577302121636048e+00
-1.685599408361593499e+00 -2.049865363146167851e+00
-1.691533280809215167e+00 -2.023346680096524519e+00
-1.697072274243915935e+00 -1.997025527559338265e+00
-1.702225666792514636e+00 -1.970905884030304200e+00
-1.707002645806263930e+00 -1.944991441444295921e+00
-1.711412302116319006e+00 -1.919285614636092374e+00
-1.715463624767359141e+00 -1.893791550715011152e+00
-1.719165496209836830e+00 -1.868512138338182416e+00
-1.722526687931473788e+00 -1.843450016868695363e+00
-1.725555856508760089e+00 -1.818607585406128102e+00
-1.728261540059470525e+00 -1.793987011678340071e+00
-1.730652155077428755e+00 -1.769590240784583823e+00
-1.732735993631157934e+00 -1.745419003781192968e+00
-1.734521220908312289e+00 -1.721474826102158850e+00
-1.736015873088266215e+00 -1.697759035807976824e+00
-1.737227855525596665e+00 -1.674272771657085768e+00
-1.738164941227693605e+00 -1.651016990995138878e+00
-1.738834769610147157e+00 -1.627992477458201304e+00
-1.739244845514100746e+00 -1.605199848486736691e+00
-1.739402538470204762e+00 -1.582639562648000986e+00
-1.739315082194347495e+00 -1.560311926765126644e+00
-1.738989574300854768e+00 -1.538217102851819673e+00
-1.738432976219328685e+00 -1.516355114852164343e+00
-1.737652113301868528e+00 -1.494725855185559116e+00
-1.736653675107894257e+00 -1.473329091097309362e+00
-1.735444215854329730e+00 -1.452164470815831665e+00
-1.734030155019405051e+00 -1.431231529517837497e+00
-1.732417778088858107e+00 -1.410529695103229120e+00
-1.730613237433779483e+00 -1.390058293781768040e+00
-1.728622553309872911e+00 -1.369816555473870157e+00
-1.726451614968364634e+00 -1.349803619028161039e+00
-1.724106181869251797e+00 -1.330018537258635947e+00
-1.721591884988064258e+00 -1.310460281804491478e+00
-1.718914228207732098e+00 -1.291127747815865590e+00
-1.716078589787605857e+00 -1.272019758468891926e+00
-1.713090223902078213e+00 -1.253135069313589423e+00
-1.709954262241674350e+00 -1.234472372458230716e+00
-1.706675715669867310e+00 -1.216030300593915259e+00
-1.703259475929242983e+00 -1.197807430863157219e+00
-1.699710317391028847e+00 -1.179802288576352831e+00
-1.696032898842323222e+00 -1.162013350780018772e+00
-1.692231765305725055e+00 -1.144439049680739728e+00
-1.688311349886368440e+00 -1.127077775928767789e+00
-1.684275975641689183e+00 -1.109927881765216062e+00
-1.680129857469545351e+00 -1.092987684036785145e+00
-1.675877104010599306e+00 -1.076255467081952411e+00
-1.671521719561128938e+00 -1.059729485492499013e+00
-1.667067605992726298e+00 -1.043407966754247962e+00
-1.662518564675539601e+00 -1.027289113770826656e+00
-1.657878298402005068e+00 -1.011371107274217529e+00
-1.653150413308196898e+00 -9.956521081258166150e-01
-1.648338420790156134e+00 -9.801302595116576644e-01
-1.643445739412755069e+00 -9.648036890353944850e-01
-1.638475696808854076e+00 -9.496705107125679168e-01
-1.633431531566671202e+00 -9.347288268696173352e-01
-1.628316395103474923e+00 -9.199767299510209773e-01
