npts 513 dfreq 1.000000000000000021e-02
0.000000000000000000e+00 0.000000000000000000e+00
5.667465084627378591e-07 -5.888885940998713350e-07
3.412656240390791812e-06 -7.533394051797912943e-06
7.733944674746448455e-06 -2.857631875871387425e-05
1.202634479587939503e-05 -7.074212356619336407e-05
1.437541828498731545e-05 -1.409181906316739070e-04
1.236925350612992469e-05 -2.458915290857336474e-04
3.080828978503461228e-06 -3.923216813606502469e-04
-1.693224184175917013e-05 -5.867122979651975215e-04
-5.162305182366764818e-05 -8.353839194075827080e-04
-1.054486181744901233e-04 -1.144447525241514170e-03
-1.833617237875479302e-04 -1.519778562744594688e-03
-2.908016162806072581e-04 -1.966991333822763234e-03
-4.336836481009143812e-04 -2.491413697941523633e-03
-6.183878902134469849e-04 -3.098062084659626483e-03
-8.517467327853264639e-04 -3.791616826121650512e-03
-1.141031478433100895e-03 -4.576397828282834958e-03
-1.493937930136006063e-03 -5.456340604247385262e-03
-1.918570974308075492e-03 -6.434972695915097858e-03
-2.423428158760207278e-03 -7.515390512080318518e-03
-3.017382264945318165e-03 -8.700236612660781563e-03
-3.709662873777646881e-03 -9.991677470078523873e-03
-4.509836924365405106e-03 -1.139138174008874800e-02
-5.427788265156724065e-03 -1.290049907562126376e-02
-6.473696197256332933e-03 -1.451963951849823478e-02
-7.658013010021266775e-03 -1.624885350524341715e-02
-8.991440509491429797e-03 -1.808761252461467059e-02
-1.048490554076059698e-02 -2.003479046597866561e-02
-1.214953450605512145e-02 -2.208864569921029780e-02
-1.399662688107198259e-02 -2.424680392843864968e-02
-1.603762773304533151e-02 -2.650624186367700474e-02
-1.828409924507563844e-02 -2.886327175616232657e-02
-2.074769125248099658e-02 -3.131352684508904860e-02
-2.344011079832827166e-02 -3.385194776534195676e-02
-2.637309071689191570e-02 -3.647276996781358138e-02
-2.955835725557946769e-02 -3.916951220591687738e-02
-3.300759674787597658e-02 -4.193496614396849398e-02
-3.673242135210645631e-02 -4.476118714520776337e-02
-4.074433387331499040e-02 -4.763948629931701040e-02
-4.505469168832258731e-02 -5.056042375140368944e-02
-4.967466979707444580e-02 -5.351380339647714840e-02
-5.461522302672878332e-02 -5.648866900547885872e-02
-5.988704741859506714e-02 -5.947330185088609000e-02
-6.550054083200629318e-02 -6.245521990177380772e-02
-7.146576280352454069e-02 -6.542117865996641135e-02
-7.779239370453874813e-02 -6.835717371050341329e-02
-8.448969324532946967e-02 -7.124844506105248998e-02
-9.156645837905361129e-02 -7.407948334609096297e-02
-9.903098066484269935e-02 -7.683403797260407453e-02
-1.068910031553245016e-01 -7.949512728467858502e-02
-1.151536768803485405e-01 -8.204505082465171628e-02
-1.238255170055377885e-01 -8.446540376837181896e-02
-1.329123587514740579e-01 -8.673709361158407627e-02
-1.424193131668496648e-01 -8.884035918342213234e-02
-1.523507228567613225e-01 -9.075479206141982835e-02
-1.627101177754574635e-01 -9.245936046029251676e-02
-1.735001712012498032e-01 -9.393243566393527644e-02
-1.847226560199299594e-01 -9.515182106657327221e-02
-1.963784014518396570e-01 -9.609478388474579358e-02
-2.084672503666930299e-01 -9.673808959673343977e-02
-2.209880173392739233e-01 -9.705803916011881971e-02
-2.339384476081657060e-01 -9.703050905133399351e-02
-2.473151771086500583e-01 -9.663099416326351165e-02
-2.611136937597507424e-01 -9.583465358819158453e-02
-2.753283001940005081e-01 -9.461635930356054880e-02
-2.899520781267983516e-01 -9.295074776713282971e-02
-3.049768545700753952e-01 -9.081227441617543972e-02
-3.203931701022980083e-01 -8.817527105221897865e-02
-3.361902494134915709e-01 -8.501400607875300719e-02
-3.523559743498304031e-01 -8.130274754394528625e-02
-3.688768596872964434e-01 -7.701582892408832814e-02
-3.857380318677970377e-01 -7.212771756605761142e-02
-4.029232109338471979e-01 -6.661308568861923352e-02
-4.204146958992979188e-01 -6.044688382304001101e-02
-4.381933537934788458e-01 -5.360441655318948229e-02
-4.562386126144309384e-01 -4.606142039428135632e-02
-4.745284584234155667e-01 -3.779414362770361357e-02
-4.930394368075505795e-01 -2.877942788714595718e-02
-5.117466589300565527e-01 -1.899479126862210418e-02
-5.306238123781059635e-01 -8.418512714154093024e-03
-5.496431770065648426e-01 2.970282603955620628e-03
-5.687756459618803495e-01 1.519153719399919146e-02
-5.879907520539655597e-01 2.826417476886505450e-02
-6.072566996250925442e-01 4.220601372273739826e-02
-6.265404020435123567e-01 5.703368092074096590e-02
-6.458075249257738681e-01 7.276252618128735417e-02
-6.650225351655516537e-01 8.940653784891181011e-02
-6.841487558182710593e-01 1.069782598717056582e-01
-7.031484268600109999e-01 1.254887108117106742e-01
-7.219827718062733490e-01 1.449473052286040231e-01
-7.406120701412803875e-01 1.653617778863597232e-01
-7.589957354718170901e-01 1.867381112390436582e-01
-7.770923992814530168e-01 2.090804666552608382e-01
-7.948600001215048172e-01 2.323911198407324352e-01
-8.122558780347371998e-01 2.566704009148640386e-01
-8.292368739667986821e-01 2.819166395897664823e-01
-8.457594338791564192e-01 3.081261158888355944e-01
-8.617797172362620106e-01 3.352930168266199384e-01
-8.772537094992258755e-01 3.634093994521665483e-01
-8.921373382188437784e-01 3.924651606343615429e-01
-9.063865922829396071e-01 4.224480139399773293e-01
-9.199576438369876374e-01 4.533434739232584665e-01
-9.328069723634663246e-01 4.851348481101080412e-01
-9.448914903747193117e-01 5.178032369203918739e-01
-9.561686701467564387e-01 5.513275417288742153e-01
-9.665966708978345201e-01 5.856844812190975524e-01
-9.761344657961765758e-01 6.208486161354627164e-01
-9.847419681662188395e-01 6.567923824873126426e-01
-9.923801562525880193e-01 6.934861332053646743e-01
-9.990111958959105865e-01 7.308981881959162319e-01
-1.004598560474705193e+00 7.689948926823786390e-01
-1.009107147473183419e+00 8.077406836674039248e-01
-1.012503391045871615e+00 8.470981642928447908e-01
-1.014755369966517939e+00 8.870281858194468683e-01
-1.015832910370809250e+00 9.274899368943458899e-01
-1.015707682729732664e+00 9.684410397224814115e-01
-1.014353292522897076e+00 1.009837652708725386e+00
-1.011745364118406654e+00 1.051634579091313970e+00
-1.007861617407677546e+00 1.093785381044559690e+00
-1.002681936789489026e+00 1.136242498690436475e+00
-9.961884321470880765e-01 1.178957373424704969e+00
-9.883654915148312181e-01 1.221880574934341102e+00
-9.791998251861021574e-01 1.264961931259354744e+00
-9.686805010714935049e-01 1.308150661233896228e+00
-9.567989711748711157e-01 1.351395508629097408e+00
-9.435490891143459846e-01 1.394644877313348630e+00
-9.289271186747192210e-01 1.437846966744863453e+00
-9.129317334370035120e-01 1.480949907116230868e+00
-8.955640075885749063e-01 1.523901893481171888e+00
-8.768273980737522066e-01 1.566651318209717036e+00
-8.567277182986113848e-01 1.609146901139144603e+00
-8.352731036550584687e-01 1.651337816814097526e+00
-8.124739691771926120e-01 1.693173818239820161e+00
-7.883429596873011702e-01 1.734605356607114679e+00
-7.628948928291581222e-01 1.775583696485828922e+00
-7.361466954222537495e-01 1.816061026025112879e+00
-7.081173336020367692e-01 1.855990561742650202e+00
-6.788277372379035723e-01 1.895326647531164532e+00
-6.483007191425254057e-01 1.934024847558110549e+00
-6.165608896030723152e-01 1.972042032783106080e+00
-5.836345667769430312e-01 2.009336460866760543e+00
-5.495496835019295645e-01 2.045867849293654395e+00
-5.143356910733517529e-01 2.081597441580778085e+00
-4.780234605388271607e-01 2.116488066490369135e+00
-4.406451820552642618e-01 2.150504190212251476e+00
-4.022342628424989686e-01 2.183611961525244283e+00
-3.628252242542256423e-01 2.215779249989477062e+00
-3.224535984697034507e-01 2.246975677261401128e+00
-2.811558252894606480e-01 2.277172641660412111e+00
-2.389691494954240547e-01 2.306343336150391998e+00
-1.959315192106868275e-01 2.334462759930785669e+00
-1.520814856670542892e-01 2.361507723859921359e+00
-1.074581047598752725e-01 2.387456849958216054e+00
-6.210084073978845709e-02 2.412290565260604147e+00
-1.604947236042256545e-02 2.435991090305852591e+00
3.065599823021827181e-02 2.458542422565705543e+00
7.797543359820767461e-02 2.479930315128822116e+00
1.258686459068660002e-01 2.500142250963523605e+00
1.742954783803861707e-01 2.519167413089556273e+00
2.232158831838966795e-01 2.536996650992412228e+00
2.725899955854337309e-01 2.553622443614654181e+00
3.223782042936039760e-01 2.569038859257082752e+00
3.725412178919553785e-01 2.583241512718842614e+00
4.230401273168752918e-01 2.596227519999821265e+00
4.738364643502081530e-01 2.607995450881097632e+00
5.248922561206085247e-01 2.618545279690120076e+00
5.761700756288328229e-01 2.627878334546697392e+00
6.276330883317305931e-01 2.635997245374207321e+00
6.792450948375078346e-01 2.642905890947726988e+00
7.309705697810298108e-01 2.648609345237234347e+00
7.827746969623768925e-01 2.653113823289908524e+00
8.346234008447263042e-01 2.656426626880933117e+00
8.864833745188167580e-01 2.658556090147309092e+00
9.383221042509273246e-01 2.659511525404022692e+00
9.901078907394560424e-01 2.659303169326909799e+00
1.041809867211939133e+00 2.657942129671398312e+00
1.093398014499684878e+00 2.655440332681557880e+00
1.144843173231398614e+00 2.651810471329274055e+00
1.196117053290004728e+00 2.647065954509192576e+00
1.247192240678804742e+00 2.641220857301342040e+00
1.298042201943875096e+00 2.634289872400046750e+00
1.348641286299539832e+00 2.626288262795108075e+00
1.398964725602853676e+00 2.617231815779039739e+00
1.448988632321281722e+00 2.607136798342702733e+00
1.498689995635531513e+00 2.596019914010805341e+00
1.548046675816465712e+00 2.583898261158537935e+00
1.597037397011656479e+00 2.570789292841038964e+00
1.645641738573257351e+00 2.556710778158582720e+00
1.693840125054614010e+00 2.541680765172066536e+00
1.741613814998500986e+00 2.525717545375871786e+00
1.788944888635104258e+00 2.508839619728196357e+00
1.835816234602858810e+00 2.491065666232658682e+00
1.882211535800172308e+00 2.472414509059214449e+00
1.928115254470813777e+00 2.452905089187308096e+00
1.973512616620549665e+00 2.432556436549606182e+00
2.018389595857289276e+00 2.411387643650471535e+00
2.062732896741745758e+00 2.389417840629910916e+00
2.106529937730515112e+00 2.366666171740479552e+00
2.149768833788213929e+00 2.343151773202052368e+00
2.192438378740422245e+00 2.318893752397043428e+00
2.234528027434207864e+00 2.293911168366820519e+00
2.276027877768274088e+00 2.268223013568518631e+00
2.316928652650154685e+00 2.241848196850258379e+00
2.357221681933421742e+00 2.214805527601920954e+00
2.396898884383593220e+00 2.187113701037950886e+00
2.435952749717326782e+00 2.158791284568355451e+00
2.474376320755563796e+00 2.129856705213900803e+00
2.512163175727539333e+00 2.100328238021565763e+00
2.549307410759015458e+00 2.070223995436601072e+00
2.585803622574744942e+00 2.039561917587916273e+00
2.621646891441964389e+00 2.008359763444101720e+00
2.656832764378749268e+00 1.976635102798081078e+00
2.691357238648189210e+00 1.944405309039172414e+00
2.725216745556750197e+00 1.911687552672237889e+00
2.758408134572658543e+00 1.878498795544579991e+00
2.790928657777878463e+00 1.844855785742269161e+00
2.822775954665077691e+00 1.810775053118707234e+00
2.853948037288972728e+00 1.776272905419325809e+00
2.884443275779619675e+00 1.741365424967570075e+00
2.914260384223485101e+00 1.706068465878424201e+00
2.943398406916575283e+00 1.670397651767046243e+00
2.971856704992457576e+00 1.634368373921239348e+00
2.999634943426665590e+00 1.597995789907715958e+00
3.026733078417830125e+00 1.561294822583427333e+00
3.053151345144686779e+00 1.524280159484299402e+00
3.078890245897230482e+00 1.486966252565075086e+00
3.103950538579324903e+00 1.449367318265027293e+00
3.128333225579265964e+00 1.411497337875567304e+00
3.152039543004123257e+00 1.373370058186848874e+00
3.175070950273011228e+00 1.334998992391623007e+00
3.197429120063906005e+00 1.296397421225707669e+00
3.219115928608085486e+00 1.257578394325405524e+00
3.240133446325906164e+00 1.218554731783380918e+00
3.260483928797181630e+00 1.179339025885344450e+00
3.280169808059198999e+00 1.139943643010976171e+00
3.299193684225058654e+00 1.100380725683395733e+00
3.317558317414881053e+00 1.060662194752373333e+00
3.335266619992201864e+00 1.020799751697392121e+00
3.352321649097754985e+00 9.808048810374212501e-01
3.368726599472760430e+00 9.406888528351398104e-01
3.384484796563736353e+00 9.004627252840351481e-01
3.399599689900867805e+00 8.601373473675778536e-01
3.414074846741868452e+00 8.197233615803393159e-01
3.427913945973424248e+00 7.792312067016227140e-01
3.441120772262179717e+00 7.386711206127366536e-01
3.453699210447431778e+00 6.980531431497384309e-01
3.465653240167674287e+00 6.573871189839528562e-01
3.476986930713263479e+00 6.166827005231839687e-01
3.487704436097585958e+00 5.759493508270221440e-01
3.497809990339203257e+00 5.351963465301451395e-01
3.507307902947572664e+00 4.944327807679644859e-01
3.516202554605124764e+00 4.536675660994241022e-01
3.524498393038529631e+00 4.129094374221707886e-01
3.532199929072249223e+00 3.721669548756856294e-01
3.539311732857521431e+00 3.314485067283646225e-01
3.545838430270140673e+00 2.907623122448588227e-01
3.551784699470544204e+00 2.501164245303332256e-01
3.557155267619898087e+00 2.095187333485939163e-01
3.561954907745981114e+00 1.689769679113464207e-01
3.566188435752927433e+00 1.284986996360768796e-01
3.569860707568977443e+00 8.809134487037283134e-02
3.572976616426577934e+00 4.776216758065273543e-02
3.575541090269373168e+00 7.518282003593726275e-03
3.577559089280737403e+00 -3.263334474134676338e-02
3.579035603528716081e+00 -7.268589007962394932e-02
3.579975650722378777e+00 -1.126326734507090005e-01
3.580384274074733586e+00 -1.524671538195927489e-01
3.580266540267593278e+00 -1.921829272315507542e-01
3.579627537513789370e+00 -2.317737244108225292e-01
3.578472373712479282e+00 -2.712334084038142135e-01
3.576806174693229590e+00 -3.105559722672094902e-01
3.574634082544922986e+00 -3.497355368013185806e-01
3.571961254025479704e+00 -3.887663483288489319e-01
3.568792859048693700e+00 -4.276427765192419295e-01
3.565134079244493215e+00 -4.663593122585092399e-01
3.560990106589167592e+00 -5.049105655645504953e-01
3.556366142102162176e+00 -5.432912635477560315e-01
3.551267394606213657e+00 -5.814962484166864565e-01
3.545699079547711463e+00 -6.195204755285010911e-01
3.539666417874288928e+00 -6.573590114838038234e-01
3.533174634966753658e+00 -6.950070322654687827e-01
3.526228959622620174e+00 -7.324598214210000791e-01
3.518834623088564761e+00 -7.697127682878743826e-01
3.510996858139275645e+00 -8.067613662613798420e-01
3.502720898200264443e+00 -8.436012111042825445e-01
3.494011976512263029e+00 -8.802279992977528611e-01
3.484875325335005325e+00 -9.166375264328765482e-01
3.475316175188225110e+00 -9.528256856420733723e-01
3.465339754127817251e+00 -9.887884660697129346e-01
3.454951287055199494e+00 -1.024521951381216711e+00
3.444155995057968767e+00 -1.060022318309901568e+00
3.432959094780088982e+00 -1.095285835240794592e+00
3.421365797819868160e+00 -1.130308860830671946e+00
3.409381310154069755e+00 -1.165087842663530937e+00
3.397010831586613655e+00 -1.199619315940706255e+00
3.384259555220360038e+00 -1.233899902204840915e+00
3.371132666950523937e+00 -1.267926308096909427e+00
3.357635344978406877e+00 -1.301695324145503374e+00
3.343772759344089351e+00 -1.335203823587547189e+00
3.329550071476894857e+00 -1.368448761219685172e+00
3.314972433762415793e+00 -1.401427172279487099e+00
3.300044989125009209e+00 -1.434136171355717471e+00
3.284772870624660612e+00 -1.466572951326829077e+00
3.269161201067251721e+00 -1.498734782326937021e+00
3.253215092627217420e+00 -1.530619010738435870e+00
3.236939646481731714e+00 -1.562223058210516102e+00
3.220339952455521626e+00 -1.593544420702777131e+00
3.203421088675511008e+00 -1.624580667553204405e+00
3.186188121234505566e+00 -1.655329440569712096e+00
3.168646103863194341e+00 -1.685788453144531518e+00
3.150800077609780647e+00 -1.715955489390691868e+00
3.132655070526570551e+00 -1.745828403299865883e+00
3.114216097362930036e+00 -1.775405117920854980e+00
3.095488159263991346e+00 -1.804683624558011568e+00
3.076476243474604022e+00 -1.833661981988894851e+00
3.057185323048003500e+00 -1.862338315700466707e+00
3.037620356558694557e+00 -1.890710817143162803e+00
3.017786287819136160e+00 -1.918777743002161973e+00
2.997688045599773421e+00 -1.946537414485214113e+00
2.977330543352056047e+00 -1.973988216626370917e+00
2.956718678934039612e+00 -2.001128597604995729e+00
2.935857334338265012e+00 -2.027957068079451197e+00
2.914751375421587465e+00 -2.054472200534825266e+00
2.893405651636647313e+00 -2.080672628644149924e+00
2.871824995764743704e+00 -2.106557046642492104e+00
2.850014223649847356e+00 -2.132124208713377378e+00
2.827978133933518823e+00 -2.157372928386974920e+00
2.805721507790555069e+00 -2.182302077949517471e+00
2.783249108665140525e+00 -2.206910587863423867e+00
2.760565682007371624e+00 -2.231197446197592971e+00
2.737675955009966522e+00 -2.255161698067391196e+00
2.714584636345072077e+00 -2.278802445083818018e+00
2.691296415900995775e+00 -2.302118844811399168e+00
2.667815964518811978e+00 -2.325110110234307914e+00
2.644147933728722144e+00 -2.347775509230290769e+00
2.620296955486101975e+00 -2.370114364051935318e+00
2.596267641907185286e+00 -2.392126050814869398e+00
2.572064585004331772e+00 -2.413809998992459960e+00
2.547692356420834692e+00 -2.435165690916618608e+00
2.523155507165252942e+00 -2.456192661284303469e+00
2.498458567345256842e+00 -2.476890496669362118e+00
2.473606045900984096e+00 -2.497258835039319447e+00
2.448602430337905922e+00 -2.517297365276784493e+00
2.423452186459220226e+00 -2.537005826705089895e+00
2.398159758097824223e+00 -2.556384008617865522e+00
2.372729566847849636e+00 -2.575431749812203908e+00
2.347166011795863039e+00 -2.594148938125108383e+00
2.321473469251732258e+00 -2.612535509972930825e+00
2.295656292479236971e+00 -2.630591449893493028e+00
2.269718811426489236e+00 -2.648316790090621708e+00
2.243665332456236783e+00 -2.665711609980843555e+00
2.217500138076101024e+00 -2.682776035741938347e+00
2.191227486668864799e+00 -2.699510239863149863e+00
2.164851612222868926e+00 -2.715914440696789889e+00
2.138376724062632572e+00 -2.731988902011012410e+00
2.111807006579773383e+00 -2.747733932543539481e+00
2.085146618964342391e+00 -2.763149885556139385e+00
2.058399694936662083e+00 -2.778237158389635475e+00
2.031570342479802171e+00 -2.792996192019292945e+00
2.004662643572765912e+00 -2.807427470610359688e+00
1.977680653924543952e+00 -2.821531521073633364e+00
1.950628402709115861e+00 -2.835308912620855715e+00
1.923509892301544344e+00 -2.848760256319818218e+00
1.896329098015248515e+00 -2.861886204648989906e+00
1.869089967840649180e+00 -2.874687451051588738e+00
1.841796422185210336e+00 -2.887164729488902015e+00
1.814452353615103819e+00 -2.899318813992805666e+00
1.787061626598545727e+00 -2.911150518217314520e+00
1.759628077250990241e+00 -2.922660694989105856e+00
1.732155513082266785e+00 -2.933850235856881206e+00
1.704647712745819721e+00 -2.944720070639514020e+00
1.677108425790167390e+00 -2.955271166972879282e+00
1.649541372412707263e+00 -2.965504529855305549e+00
1.621950243216012888e+00 -2.975421201191579712e+00
1.594338698966733858e+00 -2.985022259335447181e+00
1.566710370357239812e+00 -2.994308818630557312e+00
1.539068857770130583e+00 -3.003282028949800786e+00
1.511417731045755053e+00 -3.011943075233020739e+00
1.483760529252842186e+00 -3.020293177023056330e+00
1.456100760462385901e+00 -3.028333588000061027e+00
1.428441901524912350e+00 -3.036065595514153781e+00
1.400787397851239735e+00 -3.043490520116308051e+00
1.373140663196863454e+00 -3.050609715087521767e+00
1.345505079450082686e+00 -3.057424565966249119e+00
1.317883996423981241e+00 -3.063936490074100849e+00
1.290280731652397872e+00 -3.070146936039818808e+00
1.262698570189982439e+00 -3.076057383321555427e+00
1.235140764416454928e+00 -3.081669341727454547e+00
1.207610533845182132e+00 -3.086984350934563359e+00
1.180111064936186116e+00 -3.092003980006139408e+00
1.152645510913673288e+00 -3.096729826907310912e+00
1.125216991588197324e+00 -3.101163518019234289e+00
1.097828593183568069e+00 -3.105306707651680043e+00
1.070483368168580807e+00 -3.109161077554180697e+00
1.043184335093677806e+00 -3.112728336425742537e+00
1.015934478432642285e+00 -3.116010219423208660e+00
9.887367484293856368e-01 -3.119008487668287533e+00
9.615940609499482594e-01 -3.121724927753367407e+00
9.345092973397761682e-01 -3.124161351246133478e+00
9.074853042863627595e-01 -3.126319594193083695e+00
8.805248936873364407e-01 -3.128201516622000522e+00
8.536308425240568543e-01 -3.129809002043463906e+00
8.268058927408046266e-01 -3.131143956951480956e+00
8.000527511296297023e-01 -3.132208310323306488e+00
7.733740892209192141e-01 -3.133004013118553033e+00
7.467725431797482827e-01 -3.133533037777664454e+00
7.202507137080741417e-01 -3.133797377719821586e+00
6.938111659528306552e-01 -3.133799046840432645e+00
6.674564294199720749e-01 -3.133540079008225732e+00
6.411889978945065627e-01 -3.133022527562089543e+00
6.150113293665936398e-01 -3.132248464807732447e+00
5.889258459636974585e-01 -3.131219981514273165e+00
5.629349338888924859e-01 -3.129939186410861662e+00
5.370409433653108300e-01 -3.128408205683408827e+00
5.112461885867820577e-01 -3.126629182471556856e+00
4.855529476746983653e-01 -3.124604276365980482e+00
4.599634626411096550e-01 -3.122335662906115417e+00
4.344799393580975888e-01 -3.119825533078439239e+00
4.091045475334224024e-01 -3.117076092815389554e+00
3.838394206924599095e-01 -3.114089562495041541e+00
3.586866561664731612e-01 -3.110868176441647037e+00
3.336483150871591419e-01 -3.107414182427138627e+00
3.087264223875531011e-01 -3.103729841173720416e+00
2.839229668092289605e-01 -3.099817425857636088e+00
2.592399009158342094e-01 -3.095679221614239918e+00
2.346791411129248162e-01 -3.091317525044467995e+00
2.102425676741181415e-01 -3.086734643722830462e+00
1.859320247735347376e-01 -3.081932895707002018e+00
1.617493205245113252e-01 -3.076914609049184790e+00
1.376962270245845887e-01 -3.071682121309266655e+00
1.137744804067101906e-01 -3.066237779069957092e+00
8.998578089669592717e-02 -3.060583937453961845e+00
6.633179287682614000e-02 -3.054722959643322966e+00
4.281414495563774791e-02 -3.048657216401022829e+00
1.943443004383444903e-02 -3.042389085594963571e+00
-3.805794563726854190e-03 -3.035920951724426331e+00
-2.690500709998003281e-02 -3.029255205449095545e+00
-4.986172123160022285e-02 -3.022394243120782864e+00
-7.267448595897813002e-02 -3.015340466317929291e+00
-9.534188551028405234e-02 -3.008096281382982351e+00
-1.178625392296487329e-01 -3.000664098962775750e+00
-1.402351014595400736e-01 -2.993046333551968363e+00
-1.624582614173729067e-01 -2.985245403039675782e+00
-1.845307430664002157e-01 -2.977263728259372577e+00
-2.064513049809740264e-01 -2.969103732542155871e+00
-2.282187402062061110e-01 -2.960767841273467926e+00
-2.498318761121061105e-01 -2.952258481453376326e+00
-2.712895742422753442e-01 -2.943578081260481483e+00
-2.925907301571880059e-01 -2.934729069619548714e+00
-3.137342732721724592e-01 -2.925713875772968375e+00
-3.347191666901315754e-01 -2.916534928856085340e+00
-3.555444070290982306e-01 -2.907194657476521282e+00
-3.762090242446798349e-01 -2.897695489297549720e+00
-3.967120814474925372e-01 -2.888039850625609972e+00
-4.170526747156427239e-01 -2.878230166002013757e+00
-4.372299329023526249e-01 -2.868268857798962124e+00
-4.572430174388038560e-01 -2.858158345819899360e+00
-4.770911221322847728e-01 -2.847901046904306011e+00
-4.967734729597270693e-01 -2.837499374536979868e+00
-5.162893278567143307e-01 -2.826955738461890189e+00
-5.356379765020599093e-01 -2.816272544300637115e+00
-5.548187400980361117e-01 -2.805452193175618891e+00
-5.738309711463394081e-01 -2.794497081337942390e+00
-5.926740532199004097e-01 -2.783409599800126255e+00
-6.113474007306108904e-01 -2.772192133973670813e+00
-6.298504586930766536e-01 -2.760847063311553384e+00
-6.481827024844861729e-01 -2.749376760955665411e+00
-6.663436376006791617e-01 -2.737783593389281123e+00
-6.843327994085365296e-01 -2.726069920094571941e+00
-7.021497528947564515e-01 -2.714238093215239012e+00
-7.197940924111452254e-01 -2.702290457224274522e+00
-7.372654414164897529e-01 -2.690229348596922421e+00
-7.545634522151402068e-01 -2.678057095488855399e+00
-7.716878056923862639e-01 -2.665776017419609012e+00
-7.886382110467156092e-01 -2.653388424961311554e+00
-8.054144055190818330e-01 -2.640896619432735015e+00
-8.220161541192567700e-01 -2.628302892598696427e+00
-8.384432493493799710e-01 -2.615609526374830907e+00
-8.546955109248082216e-01 -2.602818792537772374e+00
-8.707727854923493771e-01 -2.589932952440766822e+00
-8.866749463460024128e-01 -2.576954256734703463e+00
-9.024018931402928434e-01 -2.563884945094633494e+00
-9.179535516012926610e-01 -2.550727245951741828e+00
-9.333298732354587957e-01 -2.537483376230834864e+00
-9.485308350363473862e-01 -2.524155541093301647e+00
-9.635564391893446379e-01 -2.510745933685607056e+00
-9.784067127744798809e-01 -2.497256734893286811e+00
-9.930817074674449518e-01 -2.483690113100476271e+00
-1.007581499238906497e+00 -2.470048223954953048e+00
-1.021906188052209119e+00 -2.456333210138716971e+00
-1.036055897559580385e+00 -2.442547201144087854e+00
-1.050030774796916200e+00 -2.428692313055321517e+00
-1.063830989877262212e+00 -2.414770648335753833e+00
-1.077456735683072209e+00 -2.400784295620445263e+00
-1.090908227557352062e+00 -2.386735329514330317e+00
-1.104185702993776941e+00 -2.372625810395855073e+00
-1.117289421325879717e+00 -2.358457784226092979e+00
-1.130219663415400699e+00 -2.344233282363328730e+00
-1.142976731339897301e+00 -2.329954321383082227e+00
-1.155560948079698447e+00 -2.315622902903566427e+00
-1.167972657204309206e+00 -2.301241013416558179e+00
-1.180212222558331359e+00 -2.286810624123646996e+00
-1.192280027947020038e+00 -2.272333690777862625e+00
-1.204176476821535058e+00 -2.257812153530637023e+00
-1.215901991964001727e+00 -2.243247936784084295e+00
-1.227457015172444432e+00 -2.228642949048565747e+00
-1.238842006945697349e+00 -2.213999082805514718e+00
-1.250057446168362674e+00 -2.199318214375497238e+00
-1.261103829795907627e+00 -2.184602203791449426e+00
-1.271981672539977293e+00 -2.169852894677104072e+00
-1.282691506554016314e+00 -2.155072114130524685e+00
-1.293233881119260742e+00 -2.140261672612737254e+00
-1.303609362331191956e+00 -2.125423363841419722e+00
