npts 513 dfreq 1.000000000000000021e-02
0.000000000000000000e+00 0.000000000000000000e+00
-7.038636484095166308e-06 -5.336436433555905795e-06
-5.150803199560700391e-06 4.111747217205708837e-05
6.296080124393591199e-05 1.860625235667969949e-05
4.600945509692794266e-05 -5.396392738645850503e-05
-1.478580625348092295e-05 -5.796911304025802848e-05
-3.746128993248363322e-05 -2.356470823708060874e-05
-3.133114887672087631e-05 1.127529303886232678e-06
-1.934137131466146913e-05 1.097461156665440808e-05
-9.798668845522777988e-06 1.273282513037780780e-05
-3.665058184889605036e-06 1.129893153435195720e-05
-1.027298123614773060e-07 8.984133207405156142e-06
1.796640305193275840e-06 6.703165809722063824e-06
2.684536634953018787e-06 4.756022120584122028e-06
2.978160696735608586e-06 3.197266508867066468e-06
2.933874264793598094e-06 1.993468056135860073e-06
2.706616021986370335e-06 1.086763969065468205e-06
2.389229002582412119e-06 4.189361491010670957e-07
2.036872115167167560e-06 -6.064159414200689103e-08
1.681858529932411497e-06 -3.933949009430181826e-07
1.342648745362298196e-06 -6.122344014810779743e-07
1.029334951673120016e-06 -7.429058388910180082e-07
7.470270238923497264e-07 -8.053874324742039735e-07
4.979793840351506019e-07 -8.151390582888160562e-07
2.829511777539504954e-07 -7.841806607495805197e-07
1.020751377763301144e-07 -7.220428517805394227e-07
-4.463625366272822092e-08 -6.366444452926503524e-07
-1.571245548942579681e-07 -5.351205681990624164e-07
-2.354974356044876278e-07 -4.245442790491363012e-07
-2.806318949581100228e-07 -3.123633107732372817e-07
-2.950174130245713041e-07 -2.062864151752552411e-07
-2.834219746227868442e-07 -1.134555721906208898e-07
-2.528290252828624490e-07 -3.912809454424550390e-08
-2.113881595060292430e-07 1.445064584692288838e-08
-1.667761212478657685e-07 4.826896705383376762e-08
-1.247978205012009480e-07 6.571836757977069391e-08
-8.882857686284523063e-08 7.123167857043691461e-08
-6.008935159679553127e-08 6.907904546024655902e-08
-3.834323673296952892e-08 6.268814445271527906e-08
-2.260310866114759187e-08 5.446639077950369359e-08
-1.164456641039076175e-08 4.592284564606850479e-08
-4.298033657142255244e-09 3.789771605262206254e-08
4.240023989738859386e-10 3.078646251171138728e-08
3.297300416022907330e-09 2.471467887497453913e-08
4.903361038172380411e-09 1.965865673747437107e-08
5.663980528025374502e-09 1.552176242014334874e-08
5.877607942959892795e-09 1.217956624606566968e-08
5.751123788680963337e-09 9.504662901484259627e-09
5.425245117002634776e-09 7.379069222451663739e-09
4.993820329804405751e-09 5.699411607434222850e-09
4.518016081134555953e-09 4.378157602752460204e-09
4.036522435543589418e-09 3.342837272593125241e-09
3.572778932766963540e-09 2.534371850089402484e-09
3.140029175734956289e-09 1.905123216469909548e-09
2.744820244022559335e-09 1.416980686361932254e-09
2.389402188150411407e-09 1.039631838198203120e-09
2.073356938380093308e-09 7.490706514749769553e-10
1.794691533754601674e-09 5.263473333926124651e-10
1.550561566325763222e-09 3.565407780311279574e-10
1.337741136278950023e-09 2.279252352747254778e-10
1.152920365374368150e-09 1.313008533956970677e-10
9.928866629283497334e-10 5.945951946117134514e-11
8.546285150816931606e-10 6.760753653999485240e-12
7.353884073402930028e-10 -3.120380902893512147e-11
6.326830342872009989e-10 -5.787516158978003173e-11
5.443030906648525021e-10 -7.593542828670263132e-11
4.683008919707466015e-10 -8.747185384588735344e-11
4.029712901650505146e-10 -9.410565905649666215e-11
3.468294457043590150e-10 -9.709322239319108533e-11
2.985877216175044112e-10 -9.740549422810681486e-11
2.571330909087397761e-10 -9.579030589204685072e-11
2.215058644118132732e-10 -9.282124550331055206e-11
1.908801613714646862e-10 -8.893598803757061071e-11
1.645462963540573395e-10 -8.446634790606682236e-11
1.418950998376808341e-10 -7.966183474506442691e-11
1.224040957681560839e-10 -7.470810987477590671e-11
1.056254066618742270e-10 -6.974143999090301714e-11
9.117523120090147392e-11 -6.486000858329739581e-11
7.872473095340602570e-11 -6.013276043966316231e-11
6.799216526300566096e-11 -5.560630941799199059e-11
5.873612205851613249e-11 -5.131032582580023741e-11
5.074970441265531069e-11 -4.726173044707338557e-11
4.385554622248569518e-11 -4.346795219278964113e-11
3.790154419263740681e-11 -3.992945135363625976e-11
3.275720664343946901e-11 -3.664166724400271452e-11
2.831053212397794055e-11 -3.359651509309766278e-11
2.446534217604995481e-11 -3.078353036528315055e-11
2.113900279365245215e-11 -2.819073771440231405e-11
1.826047816192301356e-11 -2.580530527208446070e-11
1.576866819664189013e-11 -2.361403197892079898e-11
1.361098832480271075e-11 -2.160370543846676939e-11
1.174215594496695999e-11 -1.976135971778307570e-11
1.012315318271088715e-11 -1.807445617203395966e-11
8.720340008302692091e-12 -1.653100537116771061e-11
7.504695601601640987e-12 -1.511964426831802615e-11
6.451169116104558425e-12 -1.382967964766410647e-11
5.538123784715575963e-12 -1.265110644727103763e-11
4.746860690387865863e-12 -1.157460763064221990e-11
4.061210553438783004e-12 -1.059154076959637880e-11
3.467183614755983094e-12 -9.693915314070204157e-12
2.952669164213972453e-12 -8.874363593236534519e-12
2.507177514278587359e-12 -8.126107862986889872e-12
2.121618282526187031e-12 -7.442925144753674112e-12
1.788109751512245495e-12 -6.819111156182212460e-12
1.499814843899115479e-12 -6.249444288695097995e-12
1.250799905299226394e-12 -5.729150319485919388e-12
1.035913044198279906e-12 -5.253868339304850297e-12
8.506792522951142274e-13 -4.819618219401456025e-12
6.912099321266489827e-13 -4.422769820777490607e-12
5.541248025454709334e-13 -4.060014058256135839e-12
4.364844454891633580e-13 -3.728335864306622920e-12
3.357320071634220383e-13 -3.424989047951000706e-12
2.496427797363702725e-13 -3.147473008382928462e-12
1.762805714064486150e-13 -2.893511237965866833e-12
1.139599279241929045e-13 -2.661031532545040002e-12
6.121340127569508354e-14 -2.448147816540624391e-12
1.676317463018681543e-14 -2.253143484547696088e-12
-2.050355033413821678e-14 -2.074456158949428431e-12
-5.155591456294226223e-14 -1.910663763417013730e-12
-7.723795091196560053e-14 -1.760471814395935432e-12
-9.828470029907010471e-14 -1.622701836203097316e-12
-1.153362211264190963e-13 -1.496280809752434400e-12
-1.289497734794691584e-13 -1.380231569860467923e-12
-1.396104210467810587e-13 -1.273664071310625407e-12
-1.477402605608510111e-13 -1.175767449191724675e-12
-1.537064600548172900e-13 -1.085802804336769898e-12
-1.578282626973632057e-13 -1.003096649875672009e-12
-1.603830918408330805e-13 -9.270349599123887844e-13
-1.616118747106201492e-13 -8.570577660976518380e-13
-1.617236864634561825e-13 -7.926542523651850205e-13
-1.608998027942519668e-13 -7.333583023170886438e-13
-1.592972375730582976e-13 -6.787444576773225041e-13
-1.570518318863657055e-13 -6.284242498829118288e-13
-1.542809521185256368e-13 -5.820428702572881203e-13
-1.510858471493770725e-13 -5.392761473195580798e-13
-1.475537082001155598e-13 -4.998278026400250225e-13
-1.437594691911446817e-13 -4.634269592702911090e-13
-1.397673805628925813e-13 -4.298258791706168694e-13
-1.356323852501364255e-13 -3.987979082430938873e-13
-1.314013218034370188e-13 -3.701356095717535379e-13
-1.271139764414680112e-13 -3.436490672846289688e-13
-1.228040030295486942e-13 -3.191643451022111491e-13
-1.184997275558948105e-13 -2.965220851351556825e-13
-1.142248515691133207e-13 -2.755762338541436647e-13
-1.099990672061793453e-13 -2.561928833884733124e-13
-1.058385948431296832e-13 -2.382492174282439623e-13
-1.017566530095872127e-13 -2.216325520182207489e-13
-9.776386899583997254e-14 -2.062394624491243083e-13
-9.386863752403058780e-14 -1.919749882828554803e-13
-9.007743393276957638e-14 -1.787519093001341590e-13
-8.639508751954508986e-14 -1.664900858394361122e-13
-8.282501998243903427e-14 -1.551158576117484870e-13
-7.936945328863714747e-14 -1.445614956325689116e-13
-7.602959076058814630e-14 -1.347647024163433904e-13
-7.280577470146533880e-14 -1.256681560342126198e-13
-6.969762347117474256e-14 -1.172190940481189788e-13
-6.670415056502624906e-14 -1.093689337071574089e-13
-6.382386793281257534e-14 -1.020729251293342356e-13
-6.105487550074617273e-14 -9.528983449702846045e-14
-5.839493861754227711e-14 -8.898165457052889040e-14
-5.584155493460669631e-14 -8.311334007384185211e-14
-5.339201204503931055e-14 -7.765256573307037870e-14
-5.104343704372768562e-14 -7.256950495232587380e-14
-4.879283902833275948e-14 -6.783662729742587993e-14
-4.663714543597451870e-14 -6.342851312542504410e-14
-4.457323300072989648e-14 -5.932168384998754041e-14
-4.259795402077503568e-14 -5.549444647028874336e-14
-4.070815853946703085e-14 -5.192675111587529614e-14
-3.890071297043617031e-14 -4.860006047298496075e-14
-3.717251563156010576e-14 -4.549723006032494002e-14
-3.552050959542810247e-14 -4.260239841526082984e-14
-3.394169321359283360e-14 -3.990088633567918841e-14
-3.243312862770379035e-14 -3.737910439928034852e-14
-3.099194854177947625e-14 -3.502446805148533722e-14
-2.961536149574358090e-14 -3.282531961616195579e-14
-2.830065585036205265e-14 -3.077085664060609272e-14
-2.704520266736457000e-14 -2.885106603820147481e-14
-2.584645764537554941e-14 -2.705666353941156489e-14
-2.470196225193636317e-14 -2.537903800469268531e-14
-2.360934417402325018e-14 -2.381020019194443979e-14
-2.256631719376565667e-14 -2.234273560661321884e-14
-2.157068058227930037e-14 -2.096976109485540572e-14
-2.062031809242084620e-14 -1.968488486955366606e-14
-1.971319662064263207e-14 -1.848216968573084214e-14
-1.884736459880016564e-14 -1.735609890626363758e-14
-1.802095016858302227e-14 -1.630154522098620873e-14
-1.723215918406849855e-14 -1.531374180249060259e-14
-1.647927308161019556e-14 -1.438825570035699507e-14
-1.576064665076936267e-14 -1.352096329234738392e-14
-1.507470573517740372e-14 -1.270802762641869807e-14
-1.441994488800368856e-14 -1.194587750139044428e-14
-1.379492500302007708e-14 -1.123118814685995230e-14
-1.319827093903726510e-14 -1.056086337460497591e-14
-1.262866915268446400e-14 -9.932019084349502322e-15
-1.208486535206006167e-14 -9.341968016484536221e-15
-1.156566218165570532e-14 -8.788205653213914847e-15
-1.106991694711036896e-14 -8.268397177711541856e-15
-1.059653938674873357e-14 -7.780365408296213373e-15
-1.014448949547337826e-14 -7.322079631419036245e-15
-9.712775405382256816e-15 -6.891645263467994198e-15
-9.300451326451767987e-15 -6.487294277078699533e-15
-8.906615549739351256e-15 -6.107376332844517373e-15
-8.530408514800067124e-15 -5.750350562085062661e-15
-8.171010942364019757e-15 -5.414777950698655820e-15
-7.827642032770217553e-15 -5.099314278125378203e-15
-7.499557730187223852e-15 -4.802703569115426474e-15
-7.186049052258982346e-15 -4.523772019361085160e-15
-6.886440484487241050e-15 -4.261422359135405391e-15
-6.600088438391281293e-15 -4.014628621912023481e-15
-6.326379772263537075e-15 -3.782431287538288524e-15
-6.064730373160086239e-15 -3.563932771919490873e-15
-5.814583798622013842e-15 -3.358293237362812943e-15
-5.575409976512297251e-15 -3.164726699741907052e-15
-5.346703961268814889e-15 -2.982497410492895993e-15
-5.127984744813454205e-15 -2.810916493152225630e-15
-4.918794120316547448e-15 -2.649338815710238285e-15
-4.718695596992578182e-15 -2.497160081492104093e-15
-4.527273364093789811e-15 -2.353814122600440067e-15
-4.344131302271956888e-15 -2.218770381171554973e-15
-4.168892040491709044e-15 -2.091531564817824015e-15
-4.001196056701182817e-15 -1.971631463660822810e-15
-3.840700820494808388e-15 -1.858632917310445261e-15
-3.687079976037972880e-15 -1.752125921021066925e-15
-3.540022563563038008e-15 -1.651725861063233706e-15
-3.399232277789247488e-15 -1.557071870093381543e-15
-3.264426761665344405e-15 -1.467825293990512142e-15
-3.135336933881844830e-15 -1.383668262261821373e-15
-3.011706348649654378e-15 -1.304302354703351305e-15
-2.893290586292390443e-15 -1.229447357540892155e-15
-2.779856673250915493e-15 -1.158840102774041693e-15
-2.671182530149970433e-15 -1.092233384906023575e-15
-2.567056446627733812e-15 -1.029394949666278750e-15
-2.467276581680011387e-15 -9.701065497252984480e-16
-2.371650488320445814e-15 -9.141630627635535859e-16
-2.279994661407358765e-15 -8.613716675916075848e-16
-2.192134107535805248e-15 -8.115510743284122881e-16
-2.107901935940267612e-15 -7.645308049314196609e-16
-2.027138969399093320e-15 -7.201505206373933817e-16
-1.949693374176053439e-15 -6.782593931182106802e-16
-1.875420308077353054e-15 -6.387155163831848381e-16
-1.804181585743933475e-15 -6.013853566697710749e-16
-1.735845360338999408e-15 -5.661432377593476607e-16
-1.670285820829416573e-15 -5.328708593353254853e-16
-1.607382904096757783e-15 -5.014568461679789203e-16
-1.547022021149618704e-15 -4.717963260655103479e-16
-1.489093796743192891e-15 -4.437905346745094444e-16
-1.433493821744995871e-15 -4.173464453462658761e-16
-1.380122417617365729e-15 -3.923764224090078835e-16
-1.328884412417491859e-15 -3.687978963008284099e-16
-1.279688927744792107e-15 -3.465330591244683017e-16
-1.232449176093084808e-15 -3.255085792839717599e-16
-1.187082268091519796e-15 -3.056553339548872663e-16
-1.143509029143450781e-15 -2.869081582249296930e-16
-1.101653824996606089e-15 -2.692056098211149348e-16
-1.061444395800875597e-15 -2.524897484129006375e-16
-1.022811698232011485e-15 -2.367059285491978705e-16
-9.856897552804001095e-16 -2.218026053506183253e-16
-9.500155133240545762e-16 -2.077311521373887349e-16
-9.157287061238662968e-16 -1.944456892282573481e-16
-8.827717253972723536e-16 -1.819029231968195719e-16
-8.510894976436484969e-16 -1.700619959192023535e-16
-8.206293669111094183e-16 -1.588843427912916345e-16
-7.913409832099411668e-16 -1.483335595348443080e-16
-7.631761962926597270e-16 -1.383752770501582609e-16
-7.360889545348066403e-16 -1.289770438086844151e-16
-7.100352086638863377e-16 -1.201082153121933492e-16
-6.849728200966063229e-16 -1.117398501760958123e-16
-6.608614736566110815e-16 -1.038446124233795155e-16
-6.376625944563959680e-16 -9.639667960252649646e-17
-6.153392687379537879e-16 -8.937165636785783656e-17
-5.938561684770594019e-16 -8.274649318413288173e-17
-5.731794795659194974e-16 -7.649940983905385520e-17
-5.532768333982499471e-16 -7.060982346765898791e-17
-5.341172416896666886e-16 -6.505828081157842804e-17
-5.156710343747321489e-16 -5.982639445384381128e-17
-4.979098004299423826e-16 -5.489678278647825414e-17
-4.808063314795274492e-16 -5.025301348352802134e-17
-4.643345680481297050e-16 -4.587955026661980060e-17
-4.484695483312610457e-16 -4.176170276359190084e-17
-4.331873593608919392e-16 -3.788557927331963682e-17
-4.184650904497083229e-16 -3.423804226161655510e-17
-4.042807888033749600e-16 -3.080666642407262756e-17
-3.906134171957128081e-16 -2.757969916195862292e-17
-3.774428136069225838e-16 -2.454602332691879470e-17
-3.647496527300088881e-16 -2.169512209916221267e-17
-3.525154092552668844e-16 -1.901704587224100168e-17
-3.407223228471955507e-16 -1.650238102537133918e-17
-3.293533647324731110e-16 -1.414222047158680652e-17
-3.183922058216666031e-16 -1.192813587690233396e-17
-3.078231862911899864e-16 -9.852151452089246705e-18
-2.976312865556813148e-16 -7.906719224695009167e-18
-2.878020995644113008e-16 -6.084695704577572253e-18
-2.783218043586440291e-16 -4.379319861509733954e-18
-2.691771408299557660e-16 -2.784192338351448513e-18
-2.603553856225149372e-16 -1.293255827929781293e-18
-2.518443291251002796e-16 9.922345389534339447e-20
-2.436322535013281807e-16 1.398673262430499866e-18
-2.357079117090704248e-16 2.610231845245374045e-18
-2.280605074624653665e-16 3.738763546228475282e-18
-2.206796760921923721e-16 4.788873545302331040e-18
-2.135554662618587152e-16 5.764921783361365845e-18
-2.066783225003967173e-16 6.671036119037963059e-18
-2.000390685123284489e-16 7.511124761140288978e-18
-1.936288912296060033e-16 8.288888018005613361e-18
-1.874393255705052598e-16 9.007829402575978055e-18
-1.814622398727168100e-16 9.671266129717671021e-18
-1.756898219693722275e-16 1.028233904015437189e-17
-1.701145658782538674e-16 1.084402198337324677e-17
-1.647292590758715886e-16 1.135913068996397799e-17
-1.595269703294498885e-16 1.183033116207648928e-17
-1.545010380611700411e-16 1.226014760901162757e-17
-1.496450592202359952e-16 1.265096995338683691e-17
-1.449528786395091272e-16 1.300506093184880804e-17
-1.404185788545611528e-16 1.332456281291380657e-17
-1.360364703640582303e-16 1.361150375321791737e-17
-1.318010823113899586e-16 1.386780381223046538e-17
-1.277071535684093257e-16 1.409528064433561215e-17
-1.237496242030624240e-16 1.429565488610149431e-17
-1.199236273135446361e-16 1.447055525553865226e-17
-1.162244812124440086e-16 1.462152337919068134e-17
-1.126476819451103971e-16 1.475001836199894152e-17
-1.091888961272311741e-16 1.485742111403405909e-17
-1.058439540873016396e-16 1.494503844738832622e-17
-1.026088433003447022e-16 1.501410695577275578e-17
-9.947970209988069731e-17 1.506579668865335659e-17
-9.645281365574664576e-17 1.510121463109622789e-17
-9.352460020594848274e-17 1.512140799986264214e-17
-9.069161753127628152e-17 1.512736736570634536e-17
-8.795054966193731138e-17 1.512002961126588160e-17
-8.529820380595843119e-17 1.510028073342384398e-17
-8.273150548958338798e-17 1.506895849850765229e-17
-8.024749390034413613e-17 1.502685495824416263e-17
-7.784331742390781370e-17 1.497471883393867436e-17
-7.551622936621954024e-17 1.491325777593774275e-17
-7.326358385284182594e-17 1.484314050504435900e-17
-7.108283189776575783e-17 1.476499884218601252e-17
-6.897151763432271129e-17 1.467942963229119352e-17
-6.692727470115816024e-17 1.458699656800043292e-17
-6.494782277655383739e-17 1.448823191853310427e-17
-6.303096425468397956e-17 1.438363816873675386e-17
-6.117458105768675984e-17 1.427368957307405255e-17
-5.937663157770616222e-17 1.415883362904207982e-17
-5.763514774332286119e-17 1.403949247427524406e-17
-5.594823220504570843e-17 1.391606421135079877e-17
-5.431405563477345509e-17 1.378892416410147680e-17
-5.273085413436584722e-17 1.365842606903004627e-17
-5.119692674867834475e-17 1.352490320523028541e-17
-4.971063307862526607e-17 1.338866946603325847e-17
-4.827039099003137876e-17 1.325002037542578176e-17
-4.687467441422154239e-17 1.310923405212442178e-17
-4.552201123647779591e-17 1.296657212403331639e-17
-4.421098126866400860e-17 1.282228059566950324e-17
-4.294021430248214884e-17 1.267659067100015665e-17
-4.170838823998018521e-17 1.252971953400686395e-17
-4.051422729808074773e-17 1.238187108916872357e-17
-3.935650028404011878e-17 1.223323666393986425e-17
-3.823401893888410768e-17 1.208399567518624053e-17
-3.714563634599592291e-17 1.193431626144394958e-17
-3.609024540215405759e-17 1.178435588276154316e-17
-3.506677734843651473e-17 1.163426188979696340e-17
-3.407420035851958144e-17 1.148417206375145577e-17
-3.311151818200652911e-17 1.133421512863902062e-17
-3.217776884052386671e-17 1.118451123731250390e-17
-3.127202337442117835e-17 1.103517243259218691e-17
-3.039338463800272534e-17 1.088630308477246629e-17
-2.954098614130902768e-17 1.073800030671574148e-17
-2.871399093655082005e-17 1.059035434767947505e-17
-2.791159054738003468e-17 1.044344896696293534e-17
-2.713300393925922635e-17 1.029736178840338223e-17
-2.637747652926518031e-17 1.015216463669805796e-17
-2.564427923373359231e-17 1.000792385647807462e-17
-2.493270755221915148e-17 9.864700615011780123e-18
-2.424208068630945782e-17 9.722551189370279068e-18
-2.357174069189425645e-17 9.581527238844943274e-18
-2.292105166354947656e-17 9.441676063365269702e-18
-2.228939894975195457e-17 9.303040848627921945e-18
-2.167618839769572812e-17 9.165660898610423656e-18
-2.108084562653093925e-17 9.029571856109066770e-18
-2.050281532789703217e-17 8.894805911907272550e-18
-1.994156059266793456e-17 8.761392003149916490e-18
-1.939656226287293041e-17 8.629356001469704488e-18
-1.886731830779953393e-17 8.498720891383646166e-18
-1.835334322332547285e-17 8.369506939451224353e-18
-1.785416745356802131e-17 8.241731854661241732e-18
-1.736933683397429484e-17 8.115410940489849398e-18
-1.689841205501420704e-17 7.990557239050423573e-18
-1.644096814567124659e-17 7.867181667734267648e-18
-1.599659397595968262e-17 7.745293148720957671e-18
-1.556489177772806183e-17 7.624898731717880814e-18
-1.514547668303984568e-17 7.506003710270534350e-18
-1.473797627945030779e-17 7.388611731967734559e-18
-1.434203018152647196e-17 7.272724902849312740e-18
-1.395728961798434828e-17 7.158343886308937985e-18
-1.358341703384205027e-17 7.045467996769291241e-18
-1.322008570701225899e-17 6.934095288393305932e-18
-1.286697937878092715e-17 6.824222639081763608e-18
-1.252379189764072347e-17 6.715845829994908989e-18
-1.219022687597020322e-17 6.608959620823930518e-18
-1.186599735906895653e-17 6.503557821026751008e-18
-1.155082550607950995e-17 6.399633357231753113e-18
-1.124444228234503953e-17 6.297178337003085705e-18
-1.094658716277000023e-17 6.196184109151137742e-18
-1.065700784576838418e-17 6.096641320763026331e-18
-1.037545997740025929e-17 5.998539971118804450e-18
-1.010170688531356696e-17 5.901869462651038037e-18
-9.835519322122988779e-18 5.806618649097549715e-18
-9.576675217872489660e-18 5.712775880989354947e-18
-9.324959441241904828e-18 5.620329048609276712e-18
-9.080163569171433852e-18 5.529265622549354627e-18
-8.842085664590410885e-18 5.439572691989184074e-18
-8.610530061949707311e-18 5.351237000811229543e-18
-8.385307160267811108e-18 5.264244981663058900e-18
-8.166233223413108799e-18 5.178582788071380115e-18
-7.953130187354810568e-18 5.094236324707255339e-18
-7.745825474125792083e-18 5.011191275897061673e-18
-7.544151812250495015e-18 4.929433132468982375e-18
-7.347947063400617858e-18 4.848947217020485129e-18
-7.157054055050411325e-18 4.769718707687776556e-18
-6.971320418912285780e-18 4.691732660494474322e-18
-6.790598434941758937e-18 4.614974030352594371e-18
-6.614744880709161426e-18 4.539427690785640487e-18
-6.443620885942763160e-18 4.465078452439794743e-18
-6.277091792056068510e-18 4.391911080446195978e-18
-6.115027016478802145e-18 4.319910310694052503e-18
-5.957299921617898260e-18 4.249060865071246058e-18
-5.803787688281859403e-18 4.179347465726565649e-18
-5.654371193407692882e-18 4.110754848404682399e-18
-5.508934891936012919e-18 4.043267774902710827e-18
-5.367366702685661428e-18 3.976871044694565784e-18
-5.229557898084746208e-18 3.911549505767175698e-18
-5.095402997620565110e-18 3.847288064710356368e-18
-4.964799664875738114e-18 3.784071696100001744e-18
-4.837648608023214043e-18 3.721885451212411559e-18
-4.713853483657383158e-18 3.660714466105608163e-18
-4.593320803843020396e-18 3.600543969101664489e-18
-4.475959846268493343e-18 3.541359287702475814e-18
-4.361682567393597906e-18 3.483145854969694678e-18
-4.250403518486637877e-18 3.425889215398031812e-18
-4.142039764449203358e-18 3.369575030309745856e-18
-4.036510805330904002e-18 3.314189082796595778e-18
-3.933738500439838289e-18 3.259717282234358939e-18
-3.833646994958154542e-18 3.206145668393658457e-18
-3.736162648975375088e-18 3.153460415169734551e-18
-3.641213968855232616e-18 3.101647833952537281e-18
-3.548731540855131963e-18 3.050694376657610273e-18
-3.458647966919963710e-18 3.000586638437004282e-18
-3.370897802575164843e-18 2.951311360088645599e-18
-3.285417496846435499e-18 2.902855430181568158e-18
-3.202145334136301843e-18 2.855205886913588523e-18
-3.121021377990221517e-18 2.808349919717074249e-18
-3.041987416687240397e-18 2.762274870627783948e-18
-2.964986910592784347e-18 2.716968235430854543e-18
-2.889964941213249272e-18 2.672417664597434540e-18
-2.816868161894271470e-18 2.628610964024634400e-18
-2.745644750106675686e-18 2.585536095590923523e-18
-2.676244361266110909e-18 2.543181177538397679e-18
-2.608618084034249757e-18 2.501534484692824596e-18
-2.542718397051424896e-18 2.460584448531745227e-18
-2.478499127052178300e-18 2.420319657110417892e-18
-2.415915408317149746e-18 2.380728854854850911e-18
-2.354923643416149950e-18 2.341800942230736407e-18
-2.295481465199098809e-18 2.303524975296580240e-18
-2.237547699992859628e-18 2.265890165148908236e-18
-2.181082331963578749e-18 2.228885877267047094e-18
-2.126046468605567469e-18 2.192501630764511953e-18
-2.072402307319061222e-18 2.156727097553730192e-18
-2.020113103040638533e-18 2.121552101430436996e-18
-1.969143136891214290e-18 2.086966617083712318e-18
-1.919457685807853900e-18 2.052960769037373837e-18
-1.871022993126832351e-18 2.019524830528106974e-18
-1.823806240086387610e-18 1.986649222325340149e-18
-1.777775518218868860e-18 1.954324511497750974e-18
-1.732899802602953236e-18 1.922541410130903524e-18
-1.689148925947610849e-18 1.891290774000298394e-18
-1.646493553480492613e-18 1.860563601203896186e-18
-1.604905158614438832e-18 1.830351030757959737e-18
-1.564355999366550508e-18 1.800644341159783060e-18
-1.524819095505317624e-18 1.771434948920745172e-18
-1.486268206402030933e-18 1.742714407072893171e-18
-1.448677809563572546e-18 1.714474403652092136e-18
-1.412023079824416126e-18 1.686706760160555254e-18
-1.376279869176512616e-18 1.659403430011504400e-18
-1.341424687216365820e-18 1.632556496958440792e-18
-1.307434682189374506e-18 1.606158173511429695e-18
-1.274287622612175726e-18 1.580200799342626291e-18
-1.241961879454377967e-18 1.554676839683158553e-18
-1.210436408861685729e-18 1.529578883713324843e-18
-1.179690735403094282e-18 1.504899642947986487e-18
-1.149704935825301581e-18 1.480631949618851728e-18
-1.120459623298188980e-18 1.456768755055333322e-18
-1.091935932135648030e-18 1.433303128065460445e-18
-1.064115502976632703e-18 1.410228253318290525e-18
-1.036980468411801503e-18 1.387537429729155452e-18
-1.010513439041599091e-18 1.365224068848990577e-18
-9.846974899520979154e-19 1.343281693258892602e-18
-9.595161475953960671e-19 1.321703934970999345e-18
-9.349533770617891552e-19 1.300484533836701704e-18
-9.109935697313603924e-19 1.279617335963108621e-18
-8.876215312930594927e-19 1.259096292138650004e-18
-8.648224701197209648e-19 1.238915456268611093e-18
-8.425819859878427380e-19 1.219068983821332433e-18
-8.208860591313603310e-19 1.199551130285781113e-18
-7.997210396189609760e-19 1.180356249641119974e-18
-7.790736370448315754e-19 1.161478792838830605e-18
-7.589309105231131954e-19 1.142913306297963094e-18
-7.392802589765753513e-19 1.124654430413957225e-18
-7.201094117104153622e-19 1.106696898081514106e-18
-7.014064192623190668e-19 1.089035533231883004e-18
-6.831596445202600832e-19 1.071665249384961459e-18
-6.653577540997469660e-19 1.054581048216510682e-18
-6.479897099725390355e-19 1.037778018140785325e-18
-6.310447613390778565e-19 1.021251332908839738e-18
-6.145124367371513585e-19 1.004996250222736059e-18
