npts 513 dfreq 1.000000000000000021e-02
0.000000000000000000e+00 -0.000000000000000000e+00
-2.795176794363017499e-07 -1.069034293333210526e-06
-5.197358337402612921e-06 2.981354965297278028e-07
-7.095545605777317290e-06 5.553101675682039052e-06
-6.820792866786816680e-06 1.046483949303500381e-05
-5.600335332654197672e-06 1.483444331235200593e-05
-3.801414617640179577e-06 1.879042080702145228e-05
-1.556806891766686976e-06 2.240543999185314571e-05
1.070550677191721548e-06 2.570938503045685906e-05
4.041906955466015643e-06 2.870948469850341913e-05
7.327616011238606324e-06 3.140124374940109501e-05
1.090138773669107292e-05 3.377411995959555988e-05
1.473785632226287976e-05 3.581459923968238372e-05
1.881148288065059241e-05 3.750795939099648866e-05
2.309605094337998773e-05 3.883934192906612795e-05
2.756444835764328835e-05 3.979443995229025509e-05
3.218859786328300048e-05 4.035996210288223711e-05
3.693946994585945538e-05 4.052395946279287788e-05
4.178714391960606210e-05 4.027606440876190544e-05
4.670089878529314932e-05 3.960767010366421690e-05
5.164932331819702366e-05 3.851206794330098255e-05
5.660043903912166788e-05 3.698455372540366084e-05
6.152183203972720583e-05 3.502250941594448372e-05
6.638079096101216629e-05 3.262546501670680893e-05
7.114444921030798437e-05 2.979514356099698490e-05
7.577992998377107035e-05 2.653549132661184109e-05
8.025449296636807874e-05 2.285269475021502395e-05
8.453568178146482384e-05 1.875518513186633511e-05
8.859147139853945857e-05 1.425363195732977617e-05
9.239041480441893708e-05 9.360925492040236777e-06
9.590178831526730051e-05 4.092149184427272082e-06
9.909573496217126767e-05 -1.535457661566248088e-06
1.019434054280044649e-04 -7.502546537095183100e-06
1.044170960507475693e-04 -1.378771532931207251e-05
1.064903834407053264e-04 -2.036757252283968376e-05
1.081382552875021706e-04 -2.721680966729964855e-05
1.093372369581979367e-04 -3.430828178623934570e-05
1.100655135109325446e-04 -4.161309540904508791e-05
1.103030467695383874e-04 -4.910070391126408979e-05
1.100316871238182022e-04 -5.673900985094502449e-05
1.092352797378364041e-04 -6.449447398969034809e-05
1.078997648647578110e-04 -7.233223068739816407e-05
1.060132719816006693e-04 -8.021620935937508407e-05
1.035662074708379855e-04 -8.810926168371779204e-05
1.005513355881996242e-04 -9.597329424564871795e-05
9.696385246736943992e-05 -1.037694063038416341e-04
9.280145292266521483e-05 -1.114580323616882421e-04
8.806438982031060945e-05 -1.189990892238771103e-04
8.275552579769690248e-05 -1.263521272155694445e-04
7.688037711817552325e-05 -1.334764852377989645e-04
7.044714945656005477e-05 -1.403314493284703952e-04
6.346676541775216149e-05 -1.468764143934458489e-04
5.595288359787782404e-05 -1.530710487666725429e-04
4.792190900413831567e-05 -1.588754612520925638e-04
3.939299465637882501e-05 -1.642503702932000820e-04
3.038803420027708546e-05 -1.691572749085601564e-04
2.093164536917979565e-05 -1.735586270234144531e-04
1.105114413908847013e-05 -1.774180048186876186e-04
7.765094292384922936e-07 -1.807002867093353651e-04
-9.859661790742406916e-06 -1.833718255540881339e-04
-2.082220911687364664e-05 -1.854006226883332220e-04
-3.207347316975673587e-05 -1.867565013612255379e-04
-4.357337000509704772e-05 -1.874112791472592478e-04
-5.527947557245082883e-05 -1.873389388915993421e-04
-6.714712030563739975e-05 -1.865157977376330305e-04
-7.912949391383022576e-05 -1.849206737746933579e-04
-9.117776042661829164e-05 -1.825350498339372424e-04
-1.032411835292567026e-04 -1.793432339512487212e-04
-1.152672622059113406e-04 -1.753325160081317799e-04
-1.272018766889534925e-04 -1.704933200552431001e-04
-1.389894446914141787e-04 -1.648193518189803024e-04
-1.505730878777059359e-04 -1.583077408899198906e-04
-1.618948085049966409e-04 -1.509591770935178991e-04
-1.728956761445708649e-04 -1.427780405490110152e-04
-1.835160243697857535e-04 -1.337725249327013032e-04
-1.936956572756328679e-04 -1.239547534775479456e-04
-2.033740656756001660e-04 -1.133408872631616463e-04
-2.124906528059202892e-04 -1.019512253797558876e-04
-2.209849693573137349e-04 -8.981029658727501222e-05
-2.287969576523167091e-04 -7.694694213758264856e-05
-2.358672047952511887e-04 -6.339438948387723471e-05
-2.421372046454622949e-04 -4.919031666782516956e-05
-2.475496285071147450e-04 -3.437690725113765094e-05
-2.520486044959789856e-04 -1.900089574383086559e-05
-2.555800056416033844e-04 -3.113603574598068129e-06
-2.580917469196495088e-04 1.322903425319418860e-05
-2.595340915925464938e-04 2.996645157781743438e-05
-2.598599674770182377e-04 4.703344223330900223e-05
-2.590252940654458975e-04 6.436015953000044339e-05
-2.569893218166347578e-04 8.187212360169365008e-05
-2.537149854131640894e-04 9.949023615756770152e-05
-2.491692733702356136e-04 1.171308022443834986e-04
-2.433236170872128321e-04 1.347055587923304872e-04
-2.361543032684286557e-04 1.521217100254205275e-04
-2.276429146110622739e-04 1.692819703149324548e-04
-2.177768047651130665e-04 1.860846158050519325e-04
-2.065496148034715778e-04 2.024235472214242848e-04
-1.939618397727152694e-04 2.181883677807371178e-04
-1.800214552783253646e-04 2.332644821658454799e-04
-1.647446154093658353e-04 2.475332252486212720e-04
-1.481564344994271967e-04 2.608720327811470921e-04
-1.302918660629344384e-04 2.731546707973487730e-04
-1.111966924665576433e-04 2.842515461362777620e-04
-9.092863811627651500e-05 2.940301274637972502e-04
-6.955861665061108105e-05 3.023555145341095206e-04
-4.717211815928706425e-05 3.090912032058621296e-04
-2.387073494283652202e-05 3.141001047562136774e-04
2.261872474781152993e-07 3.172458899057061074e-04
2.497980240500862728e-05 3.183947398692682832e-04
5.022997524871308165e-05 3.174175973160832192e-04
7.579353459565121897e-05 3.141930172303595463e-04
1.014626937131861368e-04 3.086107182393377029e-04
1.270038110822474704e-04 3.005759248283181766e-04
1.521567214333267859e-04 2.900145646759881568e-04
1.766349274163967202e-04 2.768793369025318086e-04
2.001270000954180617e-04 2.611565899004384653e-04
2.222995807210821910e-04 2.428738363033301393e-04
2.428023913341144705e-04 2.221075854980403567e-04
2.612756277917906069e-04 1.989909951048229419e-04
2.773600036774219609e-04 1.737206459886249616e-04
2.907095173639877490e-04 1.465615574616598363e-04
3.010067167558782663e-04 1.178494214065377738e-04
3.079798450025221100e-04 8.798899862765857834e-05
3.114208014948530406e-04 5.744774332584805200e-05
3.112024141452321120e-04 2.674404540801938229e-05
3.072931885124370924e-04 -3.569983626842363486e-06
2.997675859339862174e-04 -3.293054746227113913e-05
2.888100779948583148e-04 -6.078761113935099138e-05
2.747117664903940700e-04 -8.663164348469958454e-05
2.578592023113774343e-04 -1.100190916052915945e-04
2.387160500269146408e-04 -1.305939593239892804e-04
2.177992295060215749e-04 -1.481032423804104080e-04
1.956519119547519225e-04 -1.624047476602438549e-04
1.728160964493025717e-04 -1.734668382757912795e-04
1.498073847843117104e-04 -1.813606890604813201e-04
1.270940608224457261e-04 -1.862465005690118241e-04
1.050818080361813064e-04 -1.883556589001250756e-04
8.410454695959330572e-05 -1.879709920871111973e-04
6.442110904002375368e-05 -1.854071009396227173e-04
4.621689740780078669e-05 -1.809923345016762675e-04
2.960936325759242651e-05 -1.750534614134212439e-04
1.465603452228788238e-05 -1.679035696756001582e-04
1.363919001022396586e-06 -1.598332866672304395e-04
-1.030069967284143659e-05 -1.511050881180922610e-04
-2.040281056607996682e-05 -1.419502654317549256e-04
-2.903006163190298915e-05 -1.325680296071346509e-04
-3.628526296982311140e-05 -1.231262206539808859e-04
-4.228011774990538864e-05 -1.137631356374605747e-04
-4.713017008142216294e-05 -1.045900616977549506e-04
-5.095088065736833055e-05 -9.569418391299683356e-05
-5.385469727906683213e-05 -8.714161927181375837e-05
-5.594896939984568156e-05 -7.898040017477506419e-05
-5.733455542066946220e-05 -7.124329064128187019e-05
-5.810498190843330329e-05 -6.395036524690984772e-05
-5.834603013608373950e-05 -5.711131578299013210e-05
-5.813564383324658190e-05 -5.072747548234019118e-05
-5.754407050486383206e-05 -4.479356737479073453e-05
-5.663416578444702945e-05 -3.929919381388044931e-05
-5.546180536459846625e-05 -3.423009009730515489e-05
-5.407636185751063247e-05 -2.956916773542659979e-05
-5.252121451991284762e-05 -2.529737335691042632e-05
-5.083426831837346203e-05 -2.139438826981872023e-05
-4.904846556970492166e-05 -1.783919189497792140e-05
-4.719227864417435545e-05 -1.461051005955002707e-05
-4.529017623229333411e-05 -1.168716675519633153e-05
-4.336305868897470536e-05 -9.048355603336094672e-06
-4.142866018905110888e-05 -6.673845036929318652e-06
-3.950191702926019940e-05 -4.544129162914402505e-06
-3.759530253613834817e-05 -2.640534438372082674e-06
-3.571912980127856619e-05 -9.452906819737111167e-07
-3.388182395580031350e-05 5.584264574360961475e-07
-3.209016598557109883e-05 1.886475656398891168e-06
-3.034951023255348730e-05 3.053747803304343976e-06
-2.866397776757583486e-05 4.074177590544103595e-06
-2.703662778758607284e-05 4.960765517647406090e-06
-2.546960910983254187e-05 5.725607622401224034e-06
-2.396429372402341870e-05 6.379930766983736978e-06
-2.252139423421840078e-05 6.934131729733836767e-06
-2.114106688426380635e-05 7.397818703729810687e-06
-1.982300172052917883e-05 7.779854092470729832e-06
-1.856650130804745683e-05 8.088397730611989302e-06
-1.737054928388233994e-05 8.330949852403177661e-06
-1.623386990653130185e-05 8.514393289412740379e-06
-1.515497964349121189e-05 8.645034508370412222e-06
-1.413223173126606575e-05 8.728643204617488901e-06
-1.316385454317832101e-05 8.770490250992919260e-06
-1.224798451017961949e-05 8.775383869568305440e-06
-1.138269425807836115e-05 8.747703947443144065e-06
-1.056601655074352154e-05 8.691434460295927456e-06
-9.795964562363378706e-06 8.610194000602944733e-06
-9.070548942176343468e-06 8.507264433086240553e-06
-8.387792081677934619e-06 8.385617719439713677e-06
-7.745739946589457080e-06 8.247940968869174185e-06
-7.142471793322706289e-06 8.096659781429304701e-06
-6.576108051787242697e-06 7.933959958335888785e-06
-6.044816622703346164e-06 7.761807658028597095e-06
-5.546817807670744950e-06 7.581968079289862652e-06
-5.080388063711633983e-06 7.396022753630360917e-06
-4.643862750496512394e-06 7.205385528787318494e-06
-4.235638017648853385e-06 7.011317323843342798e-06
-3.854171961117328166e-06 6.814939734398158952e-06
-3.497985161337388119e-06 6.617247563607132668e-06
-3.165660701540898816e-06 6.419120351895546659e-06
-2.855843751901145048e-06 6.221332974891561912e-06
-2.567240794030028720e-06 6.024565375694189411e-06
-2.298618550505939615e-06 5.829411494085735846e-06
-2.048802675452520832e-06 5.636387451772979662e-06
-1.816676254575838147e-06 5.445939049247248399e-06
-1.601178156380382568e-06 5.258448626428171256e-06
-1.401301270415638626e-06 5.074241335926353525e-06
-1.216090663260405459e-06 4.893590874548525588e-06
-1.044641678446980677e-06 4.716724715588104356e-06
-8.860980025869578652e-07 4.543828881505203975e-06
-7.396497165189485106e-07 4.375052293807936763e-06
-6.045313472961658013e-07 4.210510734304220291e-06
-4.800199342176207157e-07 4.050290449400423365e-06
-3.654331198335429373e-07 3.894451426778142408e-06
-2.601272748831660479e-07 3.743030371579896698e-06
-1.634956644149164116e-07 3.596043407174729321e-06
-7.496666086327955173e-08 3.453488523649619669e-06
5.997991415126517772e-09 3.315347795377429510e-06
7.990485673635327649e-08 3.181589387340491889e-06
1.472304313407447620e-07 3.052169368334189680e-06
2.084227076255385784e-07 2.927033347731714537e-06
2.639026783609557326e-07 2.806117951152095051e-06
3.140657804653924564e-07 2.689352149133294178e-06
3.592832783971355310e-07 2.576658451764131277e-06
3.999035876218907589e-07 2.467953981167213789e-06
4.362535389481437747e-07 2.363151432744354437e-06
4.686395847948503900e-07 2.262159935190500414e-06
4.973489486763290065e-07 2.164885818447244224e-06
5.226507193647149691e-07 2.071233297996964285e-06
5.447968913268597503e-07 1.981105083189652676e-06
5.640233531359252076e-07 1.894402916641559284e-06
5.805508256326549654e-07 1.811028051144089948e-06
5.945857516616993571e-07 1.730881669969082683e-06
6.063211392381259967e-07 1.653865255948838491e-06
6.159373600114436275e-07 1.579880914242987405e-06
6.236029048920744518e-07 1.508831653276013315e-06
6.294750986904555734e-07 1.440621627936328237e-06
6.337007755941470477e-07 1.375156348767228283e-06
6.364169172751451174e-07 1.312342860549525498e-06
6.377512553797513958e-07 1.252089893372738880e-06
6.378228401081421872e-07 1.194307989014068174e-06
6.367425765414062512e-07 1.138909605190219905e-06
6.346137303213343040e-07 1.085809200014485709e-06
6.315324042334695208e-07 1.034923298778505710e-06
6.275879871876122660e-07 9.861705449834053150e-07
6.228635770328220095e-07 9.394717373669464606e-07
6.174363785863756494e-07 8.947498545105346975e-07
6.113780781987049053e-07 8.519300684613062806e-07
6.047551961193361566e-07 8.109397486686754628e-07
5.976294178726356709e-07 7.717084574108445770e-07
5.900579057969596961e-07 7.341679377736452151e-07
5.820935918468702603e-07 6.982520951409699184e-07
5.737854527054895837e-07 6.638969730620139691e-07
5.651787682030190408e-07 6.310407242748671649e-07
5.563153639880484834e-07 5.996235775879872141e-07
5.472338393505070644e-07 5.695878012500283740e-07
5.379697810491217091e-07 5.408776633738755282e-07
5.285559639519905299e-07 5.134393899219635771e-07
5.190225392564022169e-07 4.872211207065474815e-07
5.093972110133315472e-07 4.621728638100603013e-07
4.997054016430626083e-07 4.382464487866431272e-07
4.899704070911958884e-07 4.153954789660082887e-07
4.802135422387288983e-07 3.935752831445308693e-07
4.704542771460604928e-07 3.727428669156740173e-07
4.607103646784892703e-07 3.528568638621448625e-07
4.509979600301163227e-07 3.338774868053061011e-07
4.413317326338703081e-07 3.157664792830955771e-07
4.317249709177072389e-07 2.984870674057874614e-07
4.221896803407196924e-07 2.820039122191473422e-07
4.127366751180091440e-07 2.662830626867447894e-07
4.033756640195171185e-07 2.512919093871282677e-07
3.941153306056865112e-07 2.369991390071910101e-07
3.849634082416347848e-07 2.233746897001049812e-07
3.759267502115110834e-07 2.103897073646172857e-07
3.670113952357708071e-07 1.980165028921322759e-07
3.582226286762384859e-07 1.862285104187433525e-07
3.495650396969058630e-07 1.750002466111109890e-07
3.410425746324892510e-07 1.643072710077464014e-07
3.326585868016978595e-07 1.541261474307293202e-07
3.244158829879824393e-07 1.444344064771268815e-07
3.163167667971180212e-07 1.352105090942676181e-07
3.083630790883777123e-07 1.264338112385657791e-07
3.005562356641322630e-07 1.180845296136379556e-07
2.928972623915088485e-07 1.101437084800404212e-07
2.853868279191889519e-07 1.025931875259706682e-07
2.780252741424698476e-07 9.541557078570383190e-08
2.708126445603644766e-07 8.859419659033062811e-08
2.637487106596993241e-07 8.211310853348288020e-08
2.568329964528794197e-07 7.595702743314926498e-08
2.500648012881994156e-07 7.011132426937052837e-08
2.434432210442259187e-07 6.456199407650885721e-08
2.369671678129024732e-07 5.929563076793238990e-08
2.306353881695229819e-07 5.429940287025996491e-08
2.244464801216323341e-07 4.956103014380385977e-08
2.183989088231823585e-07 4.506876106548288434e-08
2.124910211348836608e-07 4.081135115024245249e-08
2.067210591066358010e-07 3.677804208690629540e-08
2.010871724531672006e-07 3.295854166436642771e-08
1.955874300895498463e-07 2.934300446409708897e-08
1.902198307890598789e-07 2.592201329513332063e-08
1.849823130219223034e-07 2.268656134787617893e-08
1.798727640297763080e-07 1.962803504337258680e-08
1.748890281872327362e-07 1.673819755504773072e-08
1.700289146986317681e-07 1.400917298024763550e-08
1.652902046750563195e-07 1.143343113935959677e-08
1.606706576337861523e-07 9.003772980726074181e-09
1.561680174596822473e-07 6.713316570033826680e-09
1.517800178654710632e-07 4.555483643347864380e-09
1.475043873855219334e-07 2.523986703471475892e-09
1.433388539354941897e-07 6.128166398247096577e-10
1.392811489681381140e-07 -1.183769147438514750e-09
1.353290112535872323e-07 -2.871258137817945784e-09
1.314801903106403976e-07 -4.454893613573284446e-09
1.277324495138112804e-07 -5.939685133223655825e-09
1.240835688993174679e-07 -7.330418572580360187e-09
1.205313476916640733e-07 -8.631665749922646332e-09
1.170736065710646699e-07 -9.847793651397769275e-09
1.137081897006113501e-07 -1.098297327220729017e-08
1.104329665308653954e-07 -1.204118808862637791e-08
1.072458333983718334e-07 -1.302624217539781365e-08
1.041447149335075917e-07 -1.394176798254759141e-08
1.011275652920557303e-07 -1.479123378517890202e-08
9.819236922393236201e-08 -1.557795081932892770e-08
9.533714299159849649e-08 -1.630508011650338164e-08
9.255993514985090698e-08 -1.697563904905361028e-08
8.985882719789296121e-08 -1.759250759811346173e-08
8.723193411385406132e-08 -1.815843435538705496e-08
8.467740478123252373e-08 -1.867604226965398905e-08
8.219342231609637305e-08 -1.914783414845614320e-08
7.977820430326188288e-08 -1.957619792503066859e-08
7.743000294911585571e-08 -1.996341170017229712e-08
7.514710515820892132e-08 -2.031164856833628781e-08
7.292783254025519201e-08 -2.062298123693247225e-08
7.077054135371159657e-08 -2.089938644741339862e-08
6.867362239167323810e-08 -2.114274920642171966e-08
6.663550081541968054e-08 -2.135486683493809956e-08
6.465463594056479198e-08 -2.153745284305408083e-08
6.272952098041075115e-08 -2.169214063769315982e-08
6.085868275077513093e-08 -2.182048707030839585e-08
5.904068134024864825e-08 -2.192397583130379055e-08
5.727410974955589826e-08 -2.200402069765332634e-08
5.555759350341746168e-08 -2.206196863993003563e-08
5.388979023806182660e-08 -2.209910279470331561e-08
5.226938926729882044e-08 -2.211664530802125961e-08
5.069511112984762027e-08 -2.211576005545830157e-08
4.916570712040522480e-08 -2.209755524398460536e-08
4.767995880675217697e-08 -2.206308590069675046e-08
4.623667753501150516e-08 -2.201335625323900623e-08
4.483470392501178513e-08 -2.194932200654701240e-08
4.347290735754824575e-08 -2.187189252034980382e-08
4.215018545519330852e-08 -2.178193289168370434e-08
4.086546355817092352e-08 -2.168026594649212636e-08
3.961769419668434537e-08 -2.156767414421531371e-08
3.840585656096974473e-08 -2.144490139910980092e-08
3.722895597023920747e-08 -2.131265482188030973e-08
3.608602334157536696e-08 -2.117160638505522152e-08
3.497611465974533175e-08 -2.102239451539249739e-08
3.389831044881394946e-08 -2.086562561646319322e-08
3.285171524635540385e-08 -2.070187552442657140e-08
3.183545708098561115e-08 -2.053169089988315302e-08
3.084868695386850448e-08 -2.035559055856868930e-08
2.989057832478357757e-08 -2.017406674353518295e-08
2.896032660328155533e-08 -1.998758634135155840e-08
2.805714864539901590e-08 -1.979659204474876797e-08
2.718028225635100076e-08 -1.960150346403074059e-08
2.632898569957271237e-08 -1.940271818947298977e-08
2.550253721243598041e-08 -1.920061280683529450e-08
2.470023452892644957e-08 -1.899554386802428657e-08
2.392139440952832946e-08 -1.878784881885400446e-08
2.316535217852856752e-08 -1.857784688576865385e-08
2.243146126892101845e-08 -1.836583992331242862e-08
2.171909277505990294e-08 -1.815211322405340871e-08
2.102763501318544512e-08 -1.793693629259571604e-08
2.035649308991906430e-08 -1.772056358524367708e-08
1.970508847880238525e-08 -1.750323521681414018e-08
1.907285860493285457e-08 -1.728517763602834057e-08
1.845925643772978468e-08 -1.706660427085345185e-08
1.786375009184656186e-08 -1.684771614510420025e-08
1.728582243622868743e-08 -1.662870246755888529e-08
1.672497071130196538e-08 -1.640974119478899665e-08
1.618070615426317231e-08 -1.619099956885097455e-08
1.565255363243132115e-08 -1.597263463093768598e-08
1.514005128460851474e-08 -1.575479371204067910e-08
1.464275017038798850e-08 -1.553761490162797539e-08
1.416021392733907472e-08 -1.532122749529924184e-08
1.369201843598961469e-08 -1.510575242233787370e-08
1.323775149252062729e-08 -1.489130265404017394e-08
1.279701248908033353e-08 -1.467798359366360514e-08
1.236941210161938187e-08 -1.446589344879868915e-08
1.195457198514486627e-08 -1.425512358693558943e-08
1.155212447628529908e-08 -1.404575887496193248e-08
1.116171230305561203e-08 -1.383787800329658644e-08
1.078298830170793035e-08 -1.363155379533388834e-08
1.041561514055087036e-08 -1.342685350284300125e-08
1.005926505061835413e-08 -1.322383908793955595e-08
9.713619563066443223e-09 -1.302256749221943955e-08
9.378369253175815121e-09 -1.282309089361935964e-08
9.053213490835977310e-09 -1.262545695154388941e-08
8.737860197386620790e-09 -1.242970904077544413e-08
8.432025608691326212e-09 -1.223588647466126720e-08
8.135434044318129405e-09 -1.204402471804964985e-08
7.847817682701831926e-09 -1.185415559042742897e-08
7.568916342162990230e-09 -1.166630745969086882e-08
7.298477267659239181e-09 -1.148050542696342597e-08
7.036254923144795904e-09 -1.129677150285566087e-08
6.782010789415506979e-09 -1.111512477554569130e-08
6.535513167316777222e-09 -1.093558157104153512e-08
6.296536986194044275e-09 -1.075815560597182655e-08
6.064863617465390472e-09 -1.058285813323513991e-08
5.840280693198338497e-09 -1.040969808082496240e-08
5.622581929573678093e-09 -1.023868218413263884e-08
5.411566955120704613e-09 -1.006981511201785148e-08
5.207041143610171832e-09 -9.903099586923521627e-09
5.008815451492646872e-09 -9.738536499299860969e-09
4.816706259771784067e-09 -9.576125016590861796e-09
4.630535220203750119e-09 -9.415862687025406385e-09
4.450129105715822106e-09 -9.257745538444490365e-09
4.275319664939242896e-09 -9.101768172386290759e-09
4.105943480752780868e-09 -8.947923853640707914e-09
3.941841832736058893e-09 -8.796204595476126587e-09
3.782860563432905335e-09 -8.646601240732097075e-09
3.628849948327367927e-09 -8.499103538963115657e-09
3.479664569436823433e-09 -8.353700219810898197e-09
3.335163192428474720e-09 -8.210379062774409563e-09
3.195208647167538529e-09 -8.069126963539781223e-09
3.059667711607384373e-09 -7.929929997025014874e-09
2.928410998933654725e-09 -7.792773477287696235e-09
2.801312847876533272e-09 -7.657642014437388576e-09
2.678251216106908347e-09 -7.524519568688189914e-09
2.559107576634462484e-09 -7.393389501680949799e-09
2.443766817127170330e-09 -7.264234625199193026e-09
2.332117142073827084e-09 -7.137037247397013106e-09
2.224049977712921191e-09 -7.011779216652315477e-09
2.119459879652986072e-09 -6.888441963153665263e-09
2.018244443111348244e-09 -6.767006538324221493e-09
1.920304215699947347e-09 -6.647453652181911956e-09
1.825542612688624157e-09 -6.529763708730324272e-09
1.733865834677975161e-09 -6.413916839470888649e-09
1.645182787615524415e-09 -6.299892935122856372e-09
1.559405005090647285e-09 -6.187671675633736684e-09
1.476446572845268897e-09 -6.077232558559338344e-09
1.396224055438967104e-09 -5.968554925888909327e-09
1.318656425008612782e-09 -5.861617989387674392e-09
1.243664992064300070e-09 -5.756400854525820243e-09
1.171173338264742361e-09 -5.652882543059934820e-09
1.101107251116803519e-09 -5.551042014330048507e-09
1.033394660545309888e-09 -5.450858185332507595e-09
9.679655772805745380e-10 -5.352309949626384109e-09
9.047520330126648405e-10 -5.255376195128514719e-09
8.436880222625287914e-10 -5.160035820849756739e-09
7.847094459216558894e-10 -5.066267752622896899e-09
7.277540564130491326e-10 -4.974050957870114911e-09
6.727614044277116959e-10 -4.883364459456140321e-09
6.196727871919199421e-10 -4.794187348670841471e-09
5.684311982219276489e-10 -4.706498797383329381e-09
5.189812785237679998e-10 -4.620278069407536827e-09
4.712692691971064670e-10 -4.535504531117635592e-09
4.252429654030893993e-10 -4.452157661349831764e-09
3.808516716573469107e-10 -4.370217060625491608e-09
3.380461584102963733e-10 -4.289662459729011961e-09
2.967786198779548642e-10 -4.210473727672208817e-09
2.570026330875246583e-10 -4.132630879075815729e-09
2.186731181029227325e-10 -4.056114080997011902e-09
1.817462993964958259e-10 -3.980903659230924631e-09
1.461796683339927016e-10 -3.906980104112422007e-09
1.119319467409114589e-10 -3.834324075843695384e-09
7.896305151908560141e-11 -3.762916409371709177e-09
4.723406028336243424e-11 -3.692738118838552920e-09
1.670717798904168165e-11 -3.623770401626850347e-09
-1.265429547847645122e-11 -3.555994642021142033e-09
-4.088599677950717208e-11 -3.489392414505339570e-09
-6.802252968832809178e-11 -3.423945486715412529e-09
-9.409749477997201048e-11 -3.359635822065583502e-09
-1.191435182610533062e-10 -3.296445582065448775e-09
-1.431922799692567951e-10 -3.234357128344646800e-09
-1.662745405655534871e-10 -3.173353024400993168e-09
-1.884201679424134699e-10 -3.113416037087185554e-09
-2.096581628706931708e-10 -3.054529137850467876e-09
-2.300166839071789062e-10 -2.996675503739106434e-09
-2.495230715841744943e-10 -2.939838518188735100e-09
-2.682038719018967681e-10 -2.884001771601099679e-09
-2.860848591438265487e-10 -2.829149061727150065e-09
-3.031910580346244803e-10 -2.775264393865791889e-09
-3.195467652596316358e-10 -2.722331980889185428e-09
-3.351755703644122360e-10 -2.670336243104878579e-09
-3.501003760523179543e-10 -2.619261807964617370e-09
-3.643434178974708090e-10 -2.569093509629193945e-09
-3.779262834901191053e-10 -2.519816388398235403e-09
-3.908699310307783135e-10 -2.471415690013452607e-09
-4.031947073891317022e-10 -2.423876864843418125e-09
-4.149203656432028466e-10 -2.377185566957538771e-09
-4.260660821138307106e-10 -2.331327653096604936e-09
-4.366504729090801271e-10 -2.286289181546803797e-09
-4.466916099927769260e-10 -2.242056410923881276e-09
-4.562070367909547955e-10 -2.198615798873736012e-09
-4.652137833495917120e-10 -2.155954000695406830e-09
-4.737283810566275871e-10 -2.114057867892196004e-09
-4.817668769408986765e-10 -2.072914446656274370e-09
-4.893448475602138085e-10 -2.032510976291972515e-09
-4.964774124904979986e-10 -1.992834887582592475e-09
-5.031792474275253521e-10 -1.953873801105389543e-09
-5.094645969124721955e-10 -1.915615525499116923e-09
-5.153472866921811499e-10 -1.878048055688316699e-09
-5.208407357246976900e-10 -1.841159571068309785e-09
-5.259579678403430544e-10 -1.804938433654615271e-09
-5.307116230683023018e-10 -1.769373186200407073e-09
-5.351139686383918798e-10 -1.734452550285320576e-09
-5.391769096673991343e-10 -1.700165424378843942e-09
-5.429119995391236621e-10 -1.666500881881290963e-09
-5.463304499869663768e-10 -1.633448169145224741e-09
