npts 513 dfreq 1.000000000000000021e-02
0.000000000000000000e+00 0.000000000000000000e+00
2.411504324261886947e-07 -1.111019479388127723e-06
-5.876328812574654127e-06 -1.548119576271671119e-06
-1.009058723610967242e-05 4.662431426374510428e-06
-1.083135789131024445e-05 1.144566291261877672e-05
-9.848765142558976119e-06 1.765574000296904068e-05
-7.865363063829426159e-06 2.329525788299248361e-05
-5.171680965149731130e-06 2.844325880067591927e-05
-1.904941415518758083e-06 3.314842361083556582e-05
1.857171438736330534e-06 3.743185726755188936e-05
6.062167187348734304e-06 4.129721382842514840e-05
1.066873233669908552e-05 4.473783943758352638e-05
1.564045992952425434e-05 4.774120762880181549e-05
2.094283882153003822e-05 5.029165993696920421e-05
2.654173584525255117e-05 5.237214410478961034e-05
3.240261288085685655e-05 5.396535650912526996e-05
3.849012907124433963e-05 5.505452217230555600e-05
4.476795643505701491e-05 5.562394766974859537e-05
5.119871988969677053e-05 5.565942702656028162e-05
5.774401334611771014e-05 5.514854912880450861e-05
6.436446447745536737e-05 5.408093673354118902e-05
7.101983200784467854e-05 5.244843613310456250e-05
7.766912562914245601e-05 5.024526978000264267e-05
8.427074225312943434e-05 4.746815995778096874e-05
9.078261443546784980e-05 4.411642888975772270e-05
9.716236809793866135e-05 4.019207892740705399e-05
1.033674874745671971e-04 3.569985530458934502e-05
1.093554857114443574e-04 3.064729317028744407e-05
1.150840798732427698e-04 2.504475008890692380e-05
1.205113693193001704e-04 1.890542483993214396e-05
1.255960165498300370e-04 1.224536310391315169e-05
1.302974297138210071e-04 5.083450454131817558e-06
1.345759460306192713e-04 -2.558607040593008265e-06
1.383930154174118688e-04 -1.065631437247253002e-05
1.417113836416182689e-04 -1.918243113005651106e-05
1.444952743350372357e-04 -2.810702686089682834e-05
1.467105692185286317e-04 -3.739754812505504338e-05
1.483249858940844409e-04 -4.701889710717457383e-05
1.493082525667949396e-04 -5.693352165110489267e-05
1.496322790634597251e-04 -6.710151657130325009e-05
1.492713235181148052e-04 -7.748073608087280523e-05
1.482021540980774533e-04 -8.802691715818449620e-05
1.464042051476232707e-04 -9.869381365336496502e-05
1.438597271303533576e-04 -1.094333409131162393e-04
1.405539297559280304e-04 -1.201957306778299241e-04
1.364751176822519339e-04 -1.309296959791249511e-04
1.316148181905445083e-04 -1.415826057390698117e-04
1.259679002380948126e-04 -1.521006687446593776e-04
1.195326843019577567e-04 -1.624291266427985831e-04
1.123110424364672931e-04 -1.725124555722634440e-04
1.043084879782690306e-04 -1.822945760199637421e-04
9.553425434463642734e-05 -1.917190704594651110e-04
8.600136238421727110e-05 -2.007294083002256018e-04
7.572667575403325567e-05 -2.092691776464393526e-04
6.473094381262358039e-05 -2.172823233348653222e-04
5.303883153667556503e-05 -2.247133906916055880e-04
4.067893598739150081e-05 -2.315077744185800080e-04
2.768378887321982934e-05 -2.376119719914922160e-04
1.408984477749747037e-05 -2.429738409224873577e-04
-6.254535695737419838e-08 -2.475428592125506724e-04
-1.472917586913177712e-05 -2.512703882911052132e-04
-2.986204350298431938e-05 -2.541099377133452619e-04
-4.540942033990444263e-05 -2.560174308597576876e-04
-6.131594283746886966e-05 -2.569514708571829422e-04
-7.752271723919884031e-05 -2.568736059168948019e-04
-9.396744158578347291e-05 -2.557485932627593717e-04
-1.105845445220102289e-04 -2.535446608019080081e-04
-1.273053410554219429e-04 -2.502337656718692108e-04
-1.440582053825197701e-04 -2.457918487822256890e-04
-1.607687608562331772e-04 -2.401990844561189870e-04
-1.773600871245322754e-04 -2.334401242679202146e-04
-1.937529444247467923e-04 -2.255043341689093013e-04
-2.098660149717560257e-04 -2.163860239936369364e-04
-2.256161613313841137e-04 -2.060846684468023459e-04
-2.409187016238438625e-04 -1.946051186850151962e-04
-2.556877013571525782e-04 -1.819578036309029865e-04
-2.698362816485940104e-04 -1.681589201899739538e-04
-2.832769435555634917e-04 -1.532306115847397690e-04
-2.959219082081433901e-04 -1.372011330771758149e-04
-3.076834724177931460e-04 -1.201050044208901298e-04
-3.184743794338383669e-04 -1.019831484693908775e-04
-3.282082045371048900e-04 -8.288301546730723012e-05
-3.367997552044048565e-04 -6.285869266739981041e-05
-3.441654856563115079e-04 -4.197099904699260094e-05
-3.502239257227727815e-04 -2.028756504112895492e-05
-3.548961241374699958e-04 2.117102637334324919e-06
-3.581061066147977361e-04 2.516157086414939033e-05
-3.597813493873169735e-04 4.875744427926984807e-05
-3.598532693025195597e-04 7.280934326172186293e-05
-3.582577321134879523e-04 9.721489509758499505e-05
-3.549355812673983795e-04 1.218647376992173972e-04
-3.498331903182896885e-04 1.466425352913781411e-04
-3.429030430849154434e-04 1.714250056734682389e-04
-3.341043468573060590e-04 1.960819590520974443e-04
-3.234036853383407046e-04 2.204763490853463715e-04
-3.107757195918726934e-04 2.444643377784479622e-04
-2.962039470451755538e-04 2.678953773306008289e-04
-2.796815305274210337e-04 2.906123140892416371e-04
-2.612122113521584636e-04 3.124515225830675792e-04
-2.408113224592301437e-04 3.332430813681551548e-04
-2.185069194449485201e-04 3.528110073484956393e-04
-1.943410486664668812e-04 3.709735715590003514e-04
-1.683711721285692964e-04 3.875437273676634003e-04
-1.406717680199558011e-04 4.023296918874884808e-04
-1.113361228436777003e-04 4.151357332508987625e-04
-8.047832513673871060e-05 4.257632303264697118e-04
-4.823546058998780912e-05 4.340120872631427883e-04
-1.476999247924225182e-05 4.396826023815033984e-04
1.972771202870289084e-05 4.425779082967573478e-04
5.503678180919290502e-05 4.425071158674923825e-04
9.090328389825549720e-05 4.392893056645299707e-04
1.270378801142451925e-04 4.327585128335170728e-04
1.631139397430546897e-04 4.227698385805309469e-04
1.987664303459747987e-04 4.092067864912293058e-04
2.335919957510749177e-04 3.919898556106473590e-04
2.671507145022537105e-04 3.710863153612936290e-04
2.989700982678738378e-04 3.465209320958619835e-04
3.285519160096199952e-04 3.183872099518402551e-04
3.553823878621660570e-04 2.868584549555543194e-04
3.789461509894436722e-04 2.521976899451259450e-04
3.987441291894371184e-04 2.147651760490214517e-04
4.143150224970962607e-04 1.750220916929876133e-04
4.252595820928716137e-04 1.335288568353709378e-04
4.312661980000770281e-04 9.093674789269978146e-05
4.321356974464393014e-04 4.797189094138132472e-05
4.278027671791326345e-04 5.411466076830546255e-06
4.183512288995491833e-04 -3.594704877012350544e-05
4.040206459195810570e-04 -7.532165946539984259e-05
3.852024800438616655e-04 -1.119837214223576858e-04
3.624251939033806976e-04 -1.452942828215594883e-04
3.363291219900484456e-04 -1.747351739038330656e-04
3.076333361902458628e-04 -1.999316150674848526e-04
2.770978109148266818e-04 -2.206641840937755971e-04
2.454847196279276922e-04 -2.368694028396139462e-04
2.135225773101425144e-04 -2.486296790837223001e-04
1.818762507295056845e-04 -2.561545753692283638e-04
1.511247865250751161e-04 -2.597561640258989131e-04
1.217478102725528687e-04 -2.598214872286435306e-04
9.412016384017463599e-05 -2.567849230543260892e-04
6.851363569963678322e-05 -2.511027023601537702e-04
4.510416699843150908e-05 -2.432310999748914053e-04
2.398276868237010751e-05 -2.336090946631804713e-04
5.168490599063554612e-06 -2.226456675307968266e-04
-1.137795055138998841e-05 -2.107114458057454101e-04
-2.574093959153666276e-05 -1.981341093438415549e-04
-3.803784121118773209e-05 -1.851968402693924165e-04
-4.840840060859750489e-05 -1.721390756992349661e-04
-5.700583898001961318e-05 -1.591588801994607181e-04
-6.398964271535206307e-05 -1.464163538290132237e-04
-6.951993160583182121e-05 -1.340376068399395362e-04
-7.375322689396852178e-05 -1.221189455017943971e-04
-7.683941219371026295e-05 -1.107310147433128471e-04
-7.891967771033933914e-05 -9.992272763189752078e-05
-8.012525133470482113e-05 -8.972487818820565082e-05
-8.057674190814498121e-05 -8.015338393685110551e-05
-8.038394521115785753e-05 -7.121214029877384155e-05
-7.964598873269142416e-05 -6.289549315630831115e-05
-7.845171507361192080e-05 -5.519035129086502761e-05
-7.688022492111144888e-05 -4.807796920500908303e-05
-7.500151852593716262e-05 -4.153543498884255459e-05
-7.287718953870882504e-05 -3.553689886185385177e-05
-7.056113715361763674e-05 -3.005457693928899714e-05
-6.810027211166681923e-05 -2.505956245664706873e-05
-6.553519960813904729e-05 -2.052247371589861478e-05
-6.290086789635287296e-05 -1.641396478652656888e-05
-6.022717571450095789e-05 -1.270512176052919640e-05
-5.753953487334720476e-05 -9.367764281448043835e-06
-5.485938667300473630e-05 -6.374669232454745221e-06
-5.220467246692627031e-05 -3.699730919775445059e-06
-4.959025982201205448e-05 -1.318069836654132401e-06
-4.702832646368514374e-05 7.938998681615238687e-07
-4.452870464455936758e-05 2.658435783852585807e-06
-4.209918881301185424e-05 4.296458503806627989e-06
-3.974580954348994191e-05 5.727563001280758339e-06
-3.747307666925220359e-05 6.970045384774407136e-06
-3.528419446469582095e-05 8.040941171038367961e-06
-3.318125158390456732e-05 8.956071938609298918e-06
-3.116538829327208520e-05 9.730097828183308496e-06
-2.923694335255305163e-05 1.037657385661923521e-05
-2.739558271010843809e-05 1.090800842507021137e-05
-2.564041199114992076e-05 1.133592274260753510e-05
-2.397007457696328689e-05 1.167091016663059418e-05
-2.238283690131186922e-05 1.192269469046097757e-05
-2.087666242921958263e-05 1.210018799534010953e-05
-1.944927563398710031e-05 1.221154463578141936e-05
-1.809821715089420205e-05 1.226421504989949996e-05
-1.682089116045677043e-05 1.226499618499861544e-05
-1.561460593992854295e-05 1.222007960756274448e-05
-1.447660841838896797e-05 1.213509702935636984e-05
-1.340411347754717544e-05 1.201516323054036593e-05
-1.239432865658264500e-05 1.186491639895086911e-05
-1.144447484418268900e-05 1.168855593399210800e-05
-1.055180347367797928e-05 1.148987778561986388e-05
-9.713610677109227578e-06 1.127230741501786473e-05
-8.927248800495511566e-06 1.103893047493067459e-05
-8.190135634886840988e-06 1.079252131515233796e-05
-7.499761675379768663e-06 1.053556942315163258e-05
-6.853695682612828683e-06 1.027030391187828682e-05
-6.249588787846772419e-06 9.998716166959265730e-06
-5.685177353119043404e-06 9.722580764189233074e-06
-5.158284771739098232e-06 9.443474765789842265e-06
-4.666822371191410693e-06 9.162795500645582201e-06
-4.208789560004952259e-06 8.881776929845794464e-06
-3.782273342037189246e-06 8.601504694562723819e-06
-3.385447305636911378e-06 8.322929938719302433e-06
-3.016570181059128604e-06 8.046881994170365109e-06
-2.673984047091083130e-06 7.774080011329019196e-06
-2.356112256923007326e-06 7.505143613390273885e-06
-2.061457143690423487e-06 7.240602647595655318e-06
-1.788597557675495482e-06 6.980906102385644626e-06
-1.536186279750051799e-06 6.726430254837351720e-06
-1.302947349151982032e-06 6.477486108503675681e-06
-1.087673338004078923e-06 6.234326177674457770e-06
-8.892226000164585113e-07 5.997150670180180782e-06
-7.065165164754461750e-07 5.766113117159291943e-06
-5.385367588408017981e-07 5.541325494714082804e-06
-3.843225839819567617e-07 5.322862879085115820e-06
-2.429681752254357097e-07 5.110767673878019312e-06
-1.136200399075558636e-07 4.905053444973394115e-06
4.525528016873263958e-09 4.705708396034397234e-06
1.122249136081630282e-07 4.512698514990321612e-06
2.101895697063922350e-07 4.325970419509908026e-06
2.990883250799137723e-07 4.145453927277197254e-06
3.795496093754597335e-07 3.971064374837026652e-06
4.521635932788986252e-07 3.802704706878052090e-06
5.174842431348849525e-07 3.640267356060204841e-06
5.760312899798938446e-07 3.483635931862344750e-06
6.282921135339193420e-07 3.332686735416623883e-06
6.747235421859534113e-07 3.187290115900537684e-06
7.157535704109087257e-07 3.047311682768874095e-06
7.517829953821274637e-07 2.912613386918056164e-06
7.831869748047842628e-07 2.783054482778118700e-06
8.103165081997782838e-07 2.658492382316466057e-06
8.334998440234681155e-07 2.538783411006043804e-06
8.530438151226748710e-07 2.423783474953277949e-06
8.692351051025611297e-07 2.313348647592481667e-06
8.823414482330887598e-07 2.207335683628230760e-06
8.926127655419542004e-07 2.105602467240968549e-06
9.002822397426586172e-07 2.008008400959021779e-06
9.055673316288620703e-07 1.914414741038448778e-06
9.086707405338507016e-07 1.824684884676643257e-06
9.097813114091337770e-07 1.738684613912789763e-06
9.090748910215304997e-07 1.656282300635000150e-06
9.067151357053725002e-07 1.577349076716714449e-06
9.028542730374740117e-07 1.501758972941283361e-06
8.976338197288303015e-07 1.429389030040699343e-06
8.911852579497777542e-07 1.360119384869662830e-06
8.836306722257834955e-07 1.293833334457480175e-06
8.750833489599456618e-07 1.230417380425456445e-06
8.656483405566227640e-07 1.169761256024485887e-06
8.554229960388067962e-07 1.111757937834816910e-06
8.444974599707501748e-07 1.056303643975645724e-06
8.329551414171145110e-07 1.003297820494895011e-06
8.208731545911497705e-07 9.526431174477251155e-07
8.083227327673008213e-07 9.042453560248000155e-07
7.953696169584536111e-07 8.580134879568969202e-07
7.820744207850060552e-07 8.138595482999130433e-07
7.684929728921627062e-07 7.716986025928358908e-07
7.546766382034610320e-07 7.314486892796983367e-07
7.406726192325990047e-07 6.930307581942441921e-07
7.265242386121749484e-07 6.563686058221019246e-07
7.122712039370322967e-07 6.213888079790086688e-07
6.979498559614851274e-07 5.880206504744417580e-07
6.835934011337830283e-07 5.561960582671412329e-07
6.692321293977363491e-07 5.258495235621441925e-07
6.548936181404084215e-07 4.969180332472979827e-07
6.406029231161237380e-07 4.693409960205270022e-07
6.263827571307362234e-07 4.430601695168933617e-07
6.122536572260062550e-07 4.180195877062862645e-07
5.982341410620434864e-07 3.941654887981089392e-07
5.843408531559859089e-07 3.714462438582308132e-07
5.705887015973213632e-07 3.498122863154496952e-07
5.569909858244543705e-07 3.292160425094961625e-07
5.435595160131873197e-07 3.096118634099199662e-07
5.303047245956696875e-07 2.909559576148957374e-07
5.172357703979575188e-07 2.732063257206979889e-07
5.043606358555534884e-07 2.563226961362976539e-07
4.916862177391380685e-07 2.402664624029546932e-07
4.792184117969928667e-07 2.250006220656631549e-07
4.669621916963660096e-07 2.104897171317524346e-07
4.549216826231315535e-07 1.966997761416731318e-07
4.431002298774817973e-07 1.835982578679038191e-07
4.315004627830118158e-07 1.711539966498927626e-07
4.201243542073297873e-07 1.593371493658766530e-07
4.089732759742323717e-07 1.481191440362416255e-07
3.980480504303914310e-07 1.374726300476672133e-07
3.873489984134427133e-07 1.273714299826124858e-07
3.768759838532200040e-07 1.177904930346322651e-07
3.666284552236259644e-07 1.087058499865356496e-07
3.566054840492209701e-07 1.000945697254318606e-07
3.468058006579970884e-07 9.193471726619666198e-08
3.372278273599216784e-07 8.420531325281711583e-08
3.278697092196847052e-07 7.688629490534814694e-08
3.187293425815722836e-07 6.995847837883065195e-08
3.098044014945410976e-07 6.340352249944634965e-08
3.010923621762776116e-07 5.720389384234345146e-08
2.925905256463169497e-07 5.134283311499465035e-08
2.842960386501167384e-07 4.580432280955747118e-08
2.762059129882831592e-07 4.057305608751448464e-08
2.683170433579247604e-07 3.563440685983095041e-08
2.606262238063327847e-07 3.097440102597421444e-08
2.531301628908194117e-07 2.657968883536348709e-08
2.458254976325630889e-07 2.243751833516172643e-08
2.387088063467059457e-07 1.853570986873633472e-08
2.317766204256882093e-07 1.486263158963943925e-08
2.250254351478541352e-07 1.140717595652182597e-08
2.184517195787428475e-07 8.158737175032366567e-09
2.120519256281228583e-07 5.107189553437560671e-09
2.058224963217594685e-07 2.242866739413502978e-09
1.997598733430731716e-07 -4.434581937820512636e-10
1.938605038962721256e-07 -2.960591842774920401e-09
1.881208469391763591e-07 -5.316938781395591407e-09
1.825373788308015560e-07 -7.520519109263720297e-09
1.771065984358184061e-07 -9.578985270226851023e-09
1.718250317252382369e-07 -1.149963816841543433e-08
1.666892359100815503e-07 -1.328944260885387283e-08
1.616958031423559513e-07 -1.495504208874139930e-08
1.568413638153957518e-07 -1.650277296469895501e-08
1.521225894934833635e-07 -1.793867802046492410e-08
1.475361954986766164e-07 -1.926851945872376623e-08
1.430789431808958621e-07 -2.049779133995446533e-08
1.387476418955731107e-07 -2.163173149041532938e-08
1.345391507115306509e-07 -2.267533290060945158e-08
1.304503798702157412e-07 -2.363335463483359912e-08
1.264782920159888353e-07 -2.451033227167446798e-08
1.226199032158144007e-07 -2.531058789460428444e-08
1.188722837854481478e-07 -2.603823965112662570e-08
1.152325589380361107e-07 -2.669721089824499753e-08
1.116979092699426897e-07 -2.729123895136156102e-08
1.082655710975946766e-07 -2.782388345307185591e-08
1.049328366581638217e-07 -2.829853437769383530e-08
1.016970541860154742e-07 -2.871841968676361722e-08
9.855562787600046432e-08 -2.908661265014196812e-08
9.550601774389386512e-08 -2.940603884680434856e-08
9.254573939353504748e-08 -2.967948285883703171e-08
8.967236369954814333e-08 -2.990959467162688707e-08
8.688351641387385408e-08 -3.009889579271734995e-08
8.417687770374654156e-08 -3.024978510130401934e-08
8.155018162819106039e-08 -3.036454443986235115e-08
7.900121555959052280e-08 -3.044534395893626900e-08
7.652781955638841511e-08 -3.049424722566703821e-08
7.412788569253545473e-08 -3.051321610621212083e-08
7.179935734886138969e-08 -3.050411543178620185e-08
6.954022847116385622e-08 -3.046871745765630747e-08
6.734854279942910932e-08 -3.040870612403821119e-08
6.522239307226000636e-08 -3.032568112746850321e-08
6.315992021026362608e-08 -3.022116181087149422e-08
6.115931248185092343e-08 -3.009659088019461448e-08
5.921880465462536289e-08 -2.995333795515826651e-08
5.733667713527268909e-08 -2.979270296134639140e-08
5.551125510062824714e-08 -2.961591937056149176e-08
5.374090762236853368e-08 -2.942415729607287218e-08
5.202404678756658026e-08 -2.921852644910729068e-08
5.035912681715746154e-08 -2.900007896266126929e-08
4.874464318417579945e-08 -2.876981208845314448e-08
4.717913173346276361e-08 -2.852867077258778491e-08
4.566116780438193133e-08 -2.827755011526508287e-08
4.418936535793824984e-08 -2.801729771963676410e-08
4.276237610956204755e-08 -2.774871593469544853e-08
4.137888866869208607e-08 -2.747256399687034285e-08
4.003762768617914176e-08 -2.718956007480145904e-08
3.873735301042292049e-08 -2.690038322157180073e-08
3.747685885305512627e-08 -2.660567523849099279e-08
3.625497296489278461e-08 -2.630604245434671359e-08
3.507055582279749889e-08 -2.600205742387040615e-08
3.392249982800065413e-08 -2.569426054899994310e-08
3.280972851638074548e-08 -2.538316162636721742e-08
3.173119578111301908e-08 -2.506924132428791555e-08
3.068588510804986601e-08 -2.475295259238863288e-08
2.967280882413360220e-08 -2.443472200686863400e-08
2.869100735909158197e-08 -2.411495105426297752e-08
2.773954852061578824e-08 -2.379401735644821955e-08
2.681752678318388504e-08 -2.347227583951089928e-08
2.592406259064098854e-08 -2.315005984898494903e-08
2.505830167262197973e-08 -2.282768221385364632e-08
2.421941437486192801e-08 -2.250543626160628660e-08
2.340659500341143416e-08 -2.218359678653898136e-08
2.261906118274522607e-08 -2.186242097339278535e-08
2.185605322772746906e-08 -2.154214927832975546e-08
2.111683352937378702e-08 -2.122300626915973342e-08
2.040068595432924841e-08 -2.090520142664536582e-08
1.970691525796343584e-08 -2.058892990863311771e-08
1.903484651096506691e-08 -2.027437327868001029e-08
1.838382453930577613e-08 -1.996170020077249478e-08
1.775321337742725231e-08 -1.965106710166236002e-08
1.714239573449466005e-08 -1.934261880227840032e-08
1.655077247354884094e-08 -1.903648911960637876e-08
1.597776210337952032e-08 -1.873280144036897082e-08
1.542280028293467772e-08 -1.843166926777839487e-08
1.488533933807330999e-08 -1.813319674257707970e-08
1.436484779046312142e-08 -1.783747913952882904e-08
1.386080989841914184e-08 -1.754460334047011277e-08
1.337272520947564190e-08 -1.725464828498295954e-08
1.290010812447942365e-08 -1.696768539970260783e-08
1.244248747299024159e-08 -1.668377900722884195e-08
1.199940609977193061e-08 -1.640298671556626074e-08
1.157042046215600100e-08 -1.612535978897759600e-08
1.115510023805882001e-08 -1.585094350109512855e-08
1.075302794443287120e-08 -1.557977747109693439e-08
1.036379856593252645e-08 -1.531189598371940637e-08
9.987019193575403848e-09 -1.504732829384265556e-08
9.622308673180532313e-09 -1.478609891635221849e-08
9.269297263366867900e-09 -1.452822790195008919e-08
8.927626302895761393e-09 -1.427373109955673338e-08
8.596947887143779345e-09 -1.402262040591809413e-08
8.276924553493619026e-09 -1.377490400300343169e-08
7.967228975433453482e-09 -1.353058658375420199e-08
7.667543665157104205e-09 -1.328966956671849140e-08
7.377560684460434181e-09 -1.305215130008211448e-08
7.096981363731529504e-09 -1.281802725558431678e-08
6.825516028835855905e-09 -1.258729021278412799e-08
6.562883735699682485e-09 -1.235993043412260861e-08
6.308812012399059433e-09 -1.213593583120618898e-08
6.063036608564204892e-09 -1.191529212271735578e-08
5.825301251912559160e-09 -1.169798298434037860e-08
5.595357411727298126e-09 -1.148399019107265058e-08
5.372964069101245267e-09 -1.127329375227548744e-08
5.157887493769592381e-09 -1.106587203980215282e-08
4.949901027358253829e-09 -1.086170190952582933e-08
4.748784872878276473e-09 -1.066075881657567991e-08
4.554325890300104044e-09 -1.046301692457538500e-08
4.366317398044666081e-09 -1.026844920916476310e-08
4.184558980232467818e-09 -1.007702755607326711e-08
4.008856299534525006e-09 -9.888722854001205208e-09
3.839020915472917651e-09 -9.703505082553450436e-09
3.674870108021950616e-09 -9.521343395459105971e-09
3.516226706364474611e-09 -9.342206199300317461e-09
3.362918922661007307e-09 -9.166061227962870857e-09
3.214780190693042684e-09 -8.992875613012055526e-09
3.071649009244720998e-09 -8.822615950187706960e-09
2.933368790090853342e-09 -8.655248362203730750e-09
2.799787710461916928e-09 -8.490738558028886276e-09
2.670758569860409164e-09 -8.329051888817700660e-09
2.546138651105579872e-09 -8.170153400652490621e-09
2.425789585486832463e-09 -8.014007884250447089e-09
2.309577221909283632e-09 -7.860579921782448299e-09
2.197371499917530398e-09 -7.709833930943626520e-09
2.089046326487055680e-09 -7.561734206409549390e-09
1.984479456475188433e-09 -7.416244958805401675e-09
1.883552376626611907e-09 -7.273330351310035152e-09
1.786150193031080206e-09 -7.132954534011009522e-09
1.692161521933592404e-09 -6.995081676121387165e-09
1.601478383800203346e-09 -6.859675996164192274e-09
1.513996100544959555e-09 -6.726701790225255194e-09
1.429613195826185983e-09 -6.596123458370833324e-09
1.348231298322682245e-09 -6.467905529321670946e-09
1.269755047903019642e-09 -6.342012683471235366e-09
1.194092004603256775e-09 -6.218409774331524913e-09
1.121152560330961198e-09 -6.097061848486215437e-09
1.050849853215491233e-09 -5.977934164127062339e-09
9.830996845268439934e-10 -5.860992208245981051e-09
9.178204380875119325e-10 -5.746201712552026969e-09
8.549330021038024579e-10 -5.633528668178943016e-09
7.943606933453435017e-10 -5.522939339246277899e-09
7.360291836032534022e-10 -5.414400275333742067e-09
6.798664283596597652e-10 -5.307878322926038961e-09
6.258025976029397226e-10 -5.203340635882390762e-09
5.737700087251376778e-10 -5.100754684982778383e-09
5.237030614396528945e-10 -5.000088266600081502e-09
4.755381746591248989e-10 -4.901309510545378782e-09
4.292137252752291576e-10 -4.804386887131082650e-09
3.846699887836456260e-10 -4.709289213494717708e-09
3.418490816992496800e-10 -4.615985659224045858e-09
3.006949057079952651e-10 -4.524445751322185668e-09
2.611530935036945407e-10 -4.434639378549745622e-09
2.231709562592292268e-10 -4.346536795179019728e-09
1.866974326833379135e-10 -4.260108624193758701e-09
1.516830396154712211e-10 -4.175325859966306926e-09
1.180798241125909099e-10 -4.092159870442476799e-09
8.584131698322333152e-11 -4.010582398862970309e-09
5.492248772526683367e-11 -3.930565565048722589e-09
2.527970082543789508e-11 -3.852081866276450252e-09
-3.129326620566978777e-12 -3.775104177769051217e-09
-3.034556600691971159e-11 -3.699605752824595658e-09
-5.640871707404405620e-11 -3.625560222606335048e-09
-8.135724655991938767e-11 -3.552941595615039503e-09
-1.052284256826200699e-10 -3.481724256864028639e-09
-1.280583664892771209e-10 -3.411882966776116714e-09
-1.498820571056334671e-10 -3.343392859820832982e-09
-1.707333959193543206e-10 -3.276229442909329411e-09
-1.906452247292370429e-10 -3.210368593563454038e-09
-2.096493608915317099e-10 -3.145786557874740703e-09
-2.277766284936479538e-10 -3.082459948268204441e-09
-2.450568885845937598e-10 -3.020365741085040551e-09
-2.615190684906780565e-10 -2.959481273997695525e-09
-2.771911902440578077e-10 -2.899784243269992982e-09
-2.921003981509829396e-10 -2.841252700874398479e-09
-3.062729855257143575e-10 -2.783865051477844085e-09
-3.197344206153558744e-10 -2.727600049306976488e-09
-3.325093717400506828e-10 -2.672436794903057967e-09
-3.446217316722880368e-10 -2.618354731776263596e-09
-3.560946412783232625e-10 -2.565333642968592765e-09
-3.669505124440380960e-10 -2.513353647534050658e-09
-3.772110503068964738e-10 -2.462395196944409517e-09
-3.868972748149897213e-10 -2.412439071428267729e-09
-3.960295416335400495e-10 -2.363466376250827770e-09
-4.046275624186045759e-10 -2.315458537941287967e-09
-4.127104244771501939e-10 -2.268397300474488286e-09
-4.202966098320587932e-10 -2.222264721412914723e-09
-4.274040137100806359e-10 -2.177043168015001882e-09
-4.340499624702198475e-10 -2.132715313315160446e-09
-4.402512309894744867e-10 -2.089264132180775114e-09
-4.460240595223751280e-10 -2.046672897351051716e-09
-4.513841700502408950e-10 -2.004925175462281192e-09
-4.563467821356172921e-10 -1.964004823063880098e-09
-4.609266282968653735e-10 -1.923895982629252126e-09
-4.651379689174337971e-10 -1.884583078565295542e-09
-4.689946067039091271e-10 -1.846050813224109462e-09
-4.725099007064879551e-10 -1.808284162920284853e-09
-4.756967799151397980e-10 -1.771268373956905524e-09
-4.785677564442807800e-10 -1.734988958663158197e-09
-4.811349383184460964e-10 -1.699431691446375836e-09
-4.834100418709969953e-10 -1.664582604860982349e-09
