npts 513 dfreq 1.000000000000000021e-02
0.000000000000000000e+00 0.000000000000000000e+00
-6.382961986565281700e-13 -2.246054499742179435e-13
-3.453952285812213678e-11 2.597258377356734392e-11
-1.522061201157835138e-10 3.311500723700346761e-10
-2.115192678594128493e-10 1.552831505381952185e-09
3.801642471151064067e-10 4.772398835748726318e-09
2.986121658162014579e-09 1.145616570148364275e-08
1.005456733758494207e-08 2.324649142260400691e-08
2.537050286358308372e-08 4.161270760239263272e-08
5.419498008979775137e-08 6.738660252788582730e-08
1.032520739822235122e-07 1.002232578029782634e-07
1.805394558601676314e-07 1.380396076036256298e-07
2.949568860861781070e-07 1.764886531800900554e-07
4.557659088777293585e-07 2.085264003484478270e-07
6.719113650087134422e-07 2.241216913967263477e-07
9.512492361597024300e-07 2.101472474366049376e-07
1.299734537190802482e-06 1.504749727230932667e-07
1.720626857179157424e-06 2.628168740078783292e-08
2.213769731862335319e-06 -1.834452629652164203e-07
2.774993880999756311e-06 -5.012280440736065750e-07
3.395684454446969638e-06 -9.502815420971326480e-07
4.062540041796304512e-06 -1.553605528145150931e-06
4.757537634800687239e-06 -2.333035751809599310e-06
5.458104242956106465e-06 -3.308304167247833078e-06
6.137483519360523623e-06 -4.496155210618950040e-06
6.765275366386208960e-06 -5.909558937580162241e-06
7.308118578004543286e-06 -7.557053716280955173e-06
7.730481370498353431e-06 -9.442241910258028872e-06
7.995522134438203148e-06 -1.156345238205245651e-05
8.065982683356746891e-06 -1.391357439645700895e-05
7.905078309351561776e-06 -1.648005914814910111e-05
7.477352628868312401e-06 -1.924507806487003479e-05
6.749470028098419765e-06 -2.218582146676324613e-05
5.690924024833233847e-06 -2.527491717354675169e-05
4.274645626201129489e-06 -2.848094620335081767e-05
2.477501420491997035e-06 -3.176903166953309188e-05
2.806764150246757785e-07 -3.510147716276015200e-05
-2.330058680734154766e-06 -3.843843207907329915e-05
-5.364192053124375038e-06 -4.173856328314314387e-05
-8.826420388060715055e-06 -4.495971494871278884e-05
-1.271669418206666404e-05 -4.805954118423467542e-05
-1.703034778015256114e-05 -5.099609894781599600e-05
-2.175830215261684145e-05 -5.372839163098636642e-05
-2.688732800350862983e-05 -5.621685642804980079e-05
-3.240035687631053466e-05 -5.842379112144501234e-05
-3.827682838916475000e-05 -6.031371814720395258e-05
-4.449306249796950282e-05 -6.185368572689596653e-05
-5.102264666373852844e-05 -6.301350745261012566e-05
-5.783682891363790401e-05 -6.376594299499226983e-05
-6.490490896736040584e-05 -6.408682358851971214e-05
-7.219462079795136865e-05 -6.395512665875377738e-05
-7.967250116620785017e-05 -6.335300442400604412e-05
-8.730423977816543840e-05 -6.226577156191154369e-05
-9.505500774315102711e-05 -6.068185711347292622e-05
-1.028897619406328988e-04 -5.859272573576344736e-05
-1.107735237295455900e-04 -5.599277324003203035e-05
-1.186716311512108738e-04 -5.287920109194616121e-05
-1.265499643879071216e-04 -4.925187422941566595e-05
-1.343751447481566846e-04 -4.511316619174211709e-05
-1.421147078637195055e-04 -4.046779516930833909e-05
-1.497372521103119221e-04 -3.532265419004021104e-05
-1.572125635132313017e-04 -2.968663826893067913e-05
-1.645117185796602906e-04 -2.357047096889819843e-05
-1.716071666206736915e-04 -1.698653246175945718e-05
-1.784727931967160946e-04 -9.948690841782909433e-06
-1.850839663488572200e-04 -2.472138134184632074e-06
-1.914175672720752749e-04 5.426767841301027878e-06
-1.974520070529924465e-04 1.373065484537973343e-05
-2.031672310390193249e-04 2.242128015178152474e-05
-2.085447123339987676e-04 3.147966655467857326e-05
-2.135674358317978807e-04 4.088623014022670798e-05
-2.182198741077035289e-04 5.062089965921711218e-05
-2.224879563912173874e-04 6.066322746301626206e-05
-2.263590317455224220e-04 7.099249206960847624e-05
-2.298218274807097472e-04 8.158779251265149538e-05
-2.328664037314671247e-04 9.242813469597718084e-05
-2.354841050366822842e-04 1.034925100308405912e-04
-2.376675096692470459e-04 1.147599666752242056e-04
-2.394103773800035893e-04 1.262096737253764426e-04
-2.407075961406697311e-04 1.378209787310122564e-04
-2.415551283970158525e-04 1.495734589187171953e-04
-2.419499572756449125e-04 1.614469665143049629e-04
-2.418900331254375362e-04 1.734216685553789368e-04
-2.413742207179611708e-04 1.854780815811527645e-04
-2.404022473797208948e-04 1.975971015785812522e-04
-2.389746522828242769e-04 2.097600295528593705e-04
-2.370927370791503725e-04 2.219485930770173708e-04
-2.347585180261724182e-04 2.341449641602880800e-04
-2.319746797198739177e-04 2.463317737586275609e-04
-2.287445305213752747e-04 2.584921232336741107e-04
-2.250719597386721346e-04 2.706095930488764431e-04
-2.209613966029455676e-04 2.826682489738120241e-04
-2.164177710599346223e-04 2.946526460500807935e-04
-2.114464763806113987e-04 3.065478305548099904e-04
-2.060533335815502548e-04 3.183393401808734362e-04
-2.002445576337267402e-04 3.300132026365587231e-04
-1.940267254287636380e-04 3.415559328516639759e-04
-1.874067454636335725e-04 3.529545289619963246e-04
-1.803918291983599737e-04 3.641964672299244084e-04
-1.729894640361181719e-04 3.752696960451567480e-04
-1.652073878711705717e-04 3.861626291371718367e-04
-1.570535651471376267e-04 3.968641381187998449e-04
-1.485361643660345384e-04 4.073635444692855169e-04
-1.396635369872269226e-04 4.176506110547661813e-04
-1.304441976548096878e-04 4.277155332744478821e-04
-1.208868056918238935e-04 4.375489299117872274e-04
-1.110001478001193260e-04 4.471418337617465676e-04
-1.007931219054417912e-04 4.564856820975456185e-04
-9.027472208841782390e-05 4.655723070333516855e-04
-7.945402454347235896e-05 4.743939258328976885e-04
-6.834017450929431663e-05 4.829431312081603855e-04
-5.694237411618650077e-05 4.912128816468547916e-04
-4.526987109751501944e-05 4.991964918026106082e-04
-3.333194831442145889e-05 5.068876229772444715e-04
-2.113791404497631241e-05 5.142802737205249674e-04
-8.697092991004060474e-06 5.213687705691552772e-04
3.981182042106866727e-06 5.281477589434247855e-04
1.688757783525003572e-05 5.346121942169949817e-04
3.001276785567551724e-05 5.407573329726153002e-04
4.334743880585920593e-05 5.465787244541881916e-04
5.688229665774408039e-05 5.520722022234334425e-04
7.060807220700773303e-05 5.572338760275201332e-04
8.451552618012712491e-05 5.620601238823200608e-04
9.859545392520533975e-05 5.665475843744296330e-04
1.128386897157573459e-04 5.706931491837912351e-04
1.272361106949852956e-04 5.744939558275617697e-04
1.417786404864337837e-04 5.779473806248517200e-04
1.564572524953907894e-04 5.810510318810722897e-04
1.712629729238958950e-04 5.838027432898447314e-04
1.861868835208247211e-04 5.862005675497470453e-04
2.012201240871627740e-04 5.882427701926274451e-04
2.163538947553185498e-04 5.899278236196970390e-04
2.315794580600981931e-04 5.912544013412234260e-04
2.468881408178349437e-04 5.922213724153060389e-04
2.622713358290651962e-04 5.928277960809208913e-04
2.777205034191296425e-04 5.930729165802313537e-04
2.932271728301015382e-04 5.929561581649549348e-04
3.087829434765289576e-04 5.924771202814715226e-04
3.243794860766364258e-04 5.916355729292535962e-04
3.400085436697901646e-04 5.904314521871551098e-04
3.556619325303017934e-04 5.888648559020629066e-04
3.713315429869038387e-04 5.869360395344037787e-04
3.870093401565794520e-04 5.846454121550491954e-04
4.026873646007902486e-04 5.819935325881793377e-04
4.183577329115446657e-04 5.789811056947293411e-04
4.340126382342232884e-04 5.756089787911359461e-04
4.496443507335306719e-04 5.718781381981592445e-04
4.652452180084742646e-04 5.677897059146723869e-04
4.808076654618255430e-04 5.633449364114085029e-04
4.963241966290705834e-04 5.585452135397747566e-04
5.117873934714857378e-04 5.533920475509462433e-04
5.271899166375980297e-04 5.478870722205965221e-04
5.425245056969348056e-04 5.420320420747238221e-04
5.577839793496706510e-04 5.358288297121866720e-04
5.729612356154472697e-04 5.292794232196626697e-04
5.880492520044024738e-04 5.223859236749111819e-04
6.030410856731488207e-04 5.151505427343104279e-04
6.179298735682247279e-04 5.075756003008101641e-04
6.327088325593109358e-04 4.996635222685341009e-04
6.473712595642985412e-04 4.914168383404348859e-04
6.619105316680796080e-04 4.828381799154824968e-04
6.763201062368059220e-04 4.739302780420403573e-04
6.905935210291196764e-04 4.646959614341711494e-04
7.047243943057775878e-04 4.551381545477461337e-04
7.187064249388947813e-04 4.452598757133595072e-04
7.325333925219284278e-04 4.350642353231385599e-04
7.461991574813933931e-04 4.245544340686821494e-04
7.596976611911810577e-04 4.137337612274426843e-04
7.730229260902585697e-04 4.026055929949872597e-04
7.861690558044171591e-04 3.911733908606785976e-04
7.991302352726606210e-04 3.794407000243907075e-04
8.119007308787307489e-04 3.674111478520195235e-04
8.244748905881962419e-04 3.550884423675790226e-04
8.368471440914651517e-04 3.424763707798205619e-04
8.490120029530052537e-04 3.295787980413672231e-04
8.609640607670088078e-04 3.163996654384444501e-04
8.726979933196735541e-04 3.029429892093851956e-04
8.842085587582298317e-04 2.892128591901377190e-04
8.954905977668001227e-04 2.752134374851140626e-04
9.065390337491063084e-04 2.609489571617530645e-04
9.173488730180623689e-04 2.464237209672848509e-04
9.279152049921752209e-04 2.316421000662016651e-04
9.382332023987193263e-04 2.166085327970461167e-04
9.482981214835697111e-04 2.013275234471715994e-04
9.581053022275773856e-04 1.858036410441924293e-04
9.676501685693372204e-04 1.700415181628964136e-04
9.769282286341740475e-04 1.540458497464527879e-04
9.859350749691726465e-04 1.378213919408008534e-04
9.946663847840249081e-04 1.213729609411475662e-04
1.003117920197488288e-03 1.047054318495711529e-04
1.011285528489203360e-03 8.782373754274667304e-05
1.019165142356629134e-03 7.073286754888021422e-05
1.026752780176840149e-03 5.343786693296611256e-05
1.034044546272893696e-03 3.594383518953307016e-05
1.041036631184504794e-03 1.825592514207307091e-05
1.047725311942736401e-03 3.793418484008565829e-07
1.054106952348399327e-03 -1.768065848878306941e-05
1.060178003253873678e-03 -3.591876960682786879e-05
1.065935002848042825e-03 -5.432963626419146769e-05
1.071374576944020274e-03 -7.290785531827657093e-05
1.076493439269364787e-03 -9.164797680062161504e-05
1.081288391758467591e-03 -1.105445049900032685e-04
1.085756324846782941e-03 -1.295918994839990567e-04
1.089894217766599347e-03 -1.487845762695056697e-04
1.093699138844005147e-03 -1.681169087926876165e-04
1.097168245796748985e-03 -1.875832290288327467e-04
1.100298786032661257e-03 -2.071778285525175691e-04
1.103088096948315810e-03 -2.268949596085171325e-04
1.105533606227606432e-03 -2.467288361838195464e-04
1.107632832139928683e-03 -2.666736350811301946e-04
1.109383383837628809e-03 -2.867234969942026950e-04
1.110782961652419633e-03 -3.068725275853045713e-04
1.111829357390431428e-03 -3.271147985651632543e-04
1.112520454625590734e-03 -3.474443487756309645e-04
1.112854228991009241e-03 -3.678551852753779872e-04
1.112828748468074145e-03 -3.883412844288461991e-04
1.112442173672932317e-03 -4.088965929987118850e-04
1.111692758140047765e-03 -4.295150292420716514e-04
1.110578848602548777e-03 -4.501904840105702276e-04
1.109098885269052710e-03 -4.709168218546515967e-04
1.107251402096657905e-03 -4.916878821321244916e-04
1.105035027059834279e-03 -5.124974801212022315e-04
1.102448482414883661e-03 -5.333394081381776300e-04
1.099490584959713106e-03 -5.542074366598733273e-04
1.096160246288609618e-03 -5.750953154509930946e-04
1.092456473041732634e-03 -5.959967746965056257e-04
1.088378367149069265e-03 -6.169055261391620266e-04
1.083925126068526834e-03 -6.378152642222496751e-04
1.079096043017933057e-03 -6.587196672376689722e-04
1.073890507200634878e-03 -6.796123984794148407e-04
1.068308004024448327e-03 -7.004871074025342034e-04
1.062348115313686185e-03 -7.213374307876183143e-04
1.056010519513986105e-03 -7.421569939108896806e-04
1.049294991889702195e-03 -7.629394117199149103e-04
1.042201404713577082e-03 -7.836782900149970440e-04
1.034729727448458533e-03 -8.043672266362610328e-04
1.026880026920794567e-03 -8.249998126564762717e-04
1.018652467485665512e-03 -8.455696335795982992e-04
1.010047311183095162e-03 -8.660702705450654430e-04
1.001064917885415755e-03 -8.864953015378459643e-04
9.917057454354298064e-04 -9.068383026042118504e-04
9.819703497751239903e-04 -9.270928490732610475e-04
9.718593850647313419e-04 -9.472525167841292599e-04
9.613736037918661813e-04 -9.673108833189111595e-04
9.505138568705356244e-04 -9.872615292412228061e-04
9.392810937297785311e-04 -1.007098039340393464e-03
9.276763623917192803e-04 -1.026814003881247345e-03
9.157008095388050007e-04 -1.046403019859409259e-03
9.033556805700163582e-04 -1.065858692262110089e-03
8.906423196458167343e-04 -1.085174635334416968e-03
8.775621697216478938e-04 -1.104344473850832863e-03
8.641167725697391448e-04 -1.123361844392208736e-03
8.503077687890233435e-04 -1.142220396627885697e-03
8.361368978029712004e-04 -1.160913794603002282e-03
8.216059978451026530e-04 -1.179435718030886213e-03
8.067170059320118072e-04 -1.197779863590444759e-03
7.914719578236670315e-04 -1.215939946228473045e-03
7.758729879708119734e-04 -1.233909700466780113e-03
7.599223294492687616e-04 -1.251682881714055555e-03
7.436223138809292671e-04 -1.269253267582346172e-03
7.269753713412694046e-04 -1.286614659208083246e-03
7.099840302531755997e-04 -1.303760882577513405e-03
6.926509172669037670e-04 -1.320685789856447870e-03
6.749787571259832338e-04 -1.337383260724208430e-03
6.569703725188785846e-04 -1.353847203711660641e-03
6.386286839162372535e-04 -1.370071557543190918e-03
6.199567093935260840e-04 -1.386050292482542742e-03
6.009575644388940067e-04 -1.401777411682336759e-03
5.816344617460772817e-04 -1.417246952537193046e-03
5.619907109921731814e-04 -1.432452988040279441e-03
5.420297186001118940e-04 -1.447389628143180146e-03
5.217549874856524175e-04 -1.462051021118924553e-03
5.011701167887442580e-04 -1.476431354928040137e-03
4.802788015890653052e-04 -1.490524858587487797e-03
4.590848326055986810e-04 -1.504325803542315735e-03
4.375920958800708039e-04 -1.517828505039899370e-03
4.158045724440817526e-04 -1.531027323506586662e-03
3.937263379697868724e-04 -1.543916665926618748e-03
3.713615624039604359e-04 -1.556490987223138091e-03
3.487145095852827391e-04 -1.568744791641133894e-03
3.257895368447029090e-04 -1.580672634132153885e-03
3.025910945887256903e-04 -1.592269121740616175e-03
2.791237258654692297e-04 -1.603528914991531659e-03
2.553920659133305767e-04 -1.614446729279486693e-03
2.314008416921464956e-04 -1.625017336258686561e-03
2.071548713966616718e-04 -1.635235565233883210e-03
1.826590639521980300e-04 -1.645096304551996007e-03
1.579184184923534029e-04 -1.654594502994263111e-03
1.329380238186094723e-04 -1.663725171168699236e-03
1.077230578416990531e-04 -1.672483382902682433e-03
8.227878700460087983e-05 -1.680864276635482763e-03
5.661056568702237975e-05 -1.688863056810514709e-03
3.072383559124691488e-05 -1.696474995267123823e-03
4.624125109191645269e-06 -1.703695432631703111e-03
-2.168295132942432848e-05 -1.710519779707924933e-03
-4.819169392795473683e-05 -1.716943518865881538e-03
-7.489631821285258888e-05 -1.722962205429920662e-03
-1.017909557429964629e-04 -1.728571469064966917e-03
-1.288696548384056571e-04 -1.733767015161095026e-03
-1.561263813284971286e-04 -1.738544626216153004e-03
-1.835550193199912586e-04 -1.742900163216189614e-03
-2.111493719845765988e-04 -1.746829567013477710e-03
-2.389031623664623427e-04 -1.750328859701888234e-03
-2.668100342099288640e-04 -1.753394145989396920e-03
-2.948635528069837005e-04 -1.756021614567476741e-03
-3.230572058652372044e-04 -1.758207539477132150e-03
-3.513844043961049227e-04 -1.759948281471358485e-03
-3.798384836234508749e-04 -1.761240289373749643e-03
-4.084127039127603072e-04 -1.762080101433031315e-03
-4.371002517209579877e-04 -1.762464346673263708e-03
-4.658942405669737395e-04 -1.762389746239442908e-03
-4.947877120231445507e-04 -1.761853114738278197e-03
-5.237736367275492135e-04 -1.760851361573857569e-03
-5.528449154173907965e-04 -1.759381492277949490e-03
-5.819943799834901600e-04 -1.757440609834671347e-03
-6.112147945460019152e-04 -1.755025915999281101e-03
-6.404988565514376127e-04 -1.752134712610780307e-03
-6.698391978910704821e-04 -1.748764402898080224e-03
-6.992283860408245047e-04 -1.744912492779458670e-03
-7.286589252227176428e-04 -1.740576592155012713e-03
-7.581232575879356603e-04 -1.735754416191823135e-03
-7.876137644216332475e-04 -1.730443786601569816e-03
-8.171227673695042985e-04 -1.724642632910271690e-03
-8.466425296862354006e-04 -1.718348993719888895e-03
-8.761652575058756021e-04 -1.711561017961477690e-03
-9.056831011342150522e-04 -1.704276966139606480e-03
-9.351881563632186969e-04 -1.696495211567723965e-03
-9.646724658076040460e-04 -1.688214241594177770e-03
-9.941280202635897900e-04 -1.679432658818586074e-03
-1.023546760089902221e-03 -1.670149182298236949e-03
-1.052920576611080872e-03 -1.660362648744195162e-03
-1.082241313543133576e-03 -1.650072013706836921e-03
-1.111500768441601008e-03 -1.639276352750440027e-03
-1.140690694172066377e-03 -1.627974862616545166e-03
-1.169802800403165789e-03 -1.616166862375749413e-03
-1.198828755122121389e-03 -1.603851794567589346e-03
-1.227760186172871656e-03 -1.591029226328208876e-03
-1.256588682816780437e-03 -1.577698850505435601e-03
-1.285305797316018154e-03 -1.563860486760971624e-03
-1.313903046539589186e-03 -1.549514082659316340e-03
-1.342371913592078046e-03 -1.534659714743096372e-03
-1.370703849465085538e-03 -1.519297589594452436e-03
-1.398890274711445938e-03 -1.503428044882113663e-03
-1.426922581142159091e-03 -1.487051550393831507e-03
-1.454792133546118716e-03 -1.470168709053777710e-03
-1.482490271432607013e-03 -1.452780257924588675e-03
-1.510008310796578327e-03 -1.434887069193633386e-03
-1.537337545906733178e-03 -1.416490151143203705e-03
-1.564469251116364871e-03 -1.397590649104181416e-03
-1.591394682697008399e-03 -1.378189846392866534e-03
-1.618105080694848697e-03 -1.358289165230558556e-03
-1.644591670809895196e-03 -1.337890167645511838e-03
-1.670845666297905534e-03 -1.316994556356873482e-03
-1.696858269895030026e-03 -1.295604175640230555e-03
-1.722620675765156950e-03 -1.273721012174361790e-03
-1.748124071469952124e-03 -1.251347195868806944e-03
-1.773359639961513646e-03 -1.228485000671836365e-03
-1.798318561597648082e-03 -1.205136845358438080e-03
-1.822992016179726671e-03 -1.181305294297917315e-03
-1.847371185013036354e-03 -1.156993058200673705e-03
-1.871447252989643165e-03 -1.132202994843778225e-03
-1.895211410693632258e-03 -1.106938109774912270e-03
-1.918654856528763386e-03 -1.081201556994250586e-03
-1.941768798868382653e-03 -1.054996639613875638e-03
-1.964544458227603357e-03 -1.028326810494293838e-03
-1.986973069457647050e-03 -1.001195672857622780e-03
-2.009045883962256359e-03 -9.736069808770224160e-04
-2.030754171936137269e-03 -9.455646402419176167e-04
-2.052089224625325281e-03 -9.170727086986158556e-04
-2.073042356609371140e-03 -8.881353965658168263e-04
-2.093604908105293431e-03 -8.587570672246300826e-04
-2.113768247293136733e-03 -8.289422375826162792e-04
-2.133523772663094981e-03 -7.986955785114010923e-04
-2.152862915384050422e-03 -7.680219152574309588e-04
-2.171777141693420187e-03 -7.369262278253870804e-04
-2.190257955308192936e-03 -7.054136513338210828e-04
-2.208296899857042396e-03 -6.734894763425257423e-04
-2.225885561333355162e-03 -6.411591491511872557e-04
-2.243015570569086882e-03 -6.084282720688516562e-04
-2.259678605729236508e-03 -5.753026036537168316e-04
-2.275866394826873973e-03 -5.417880589227955408e-04
-2.291570718258492331e-03 -5.078907095309568740e-04
-2.306783411359579396e-03 -4.736167839188509484e-04
-2.321496366980229775e-03 -4.389726674292702014e-04
-2.335701538080597363e-03 -4.039649023914179205e-04
-2.349390940346093339e-03 -3.686001881726148747e-04
-2.362556654822046444e-03 -3.328853811969462368e-04
-2.375190830567733193e-03 -2.968274949303477861e-04
-2.387285687329512157e-03 -2.604336998316255031e-04
-2.398833518232933518e-03 -2.237113232689302064e-04
-2.409826692493563256e-03 -1.866678494011415792e-04
-2.420257658146339821e-03 -1.493109190236763251e-04
-2.430118944793261196e-03 -1.116483293782167169e-04
-2.439403166369143866e-03 -7.368803392580985077e-05
-2.448103023925277209e-03 -3.543814208285610252e-05
-2.456211308430704832e-03 3.093081080567130970e-06
-2.463720903590887416e-03 4.189721518054822060e-05
-2.470624788683558823e-03 8.096568489790199126e-05
-2.476916041411468886e-03 1.202897603959475421e-04
-2.482587840771779096e-03 1.598605577780840329e-04
-2.487633469941854473e-03 1.996690395856564508e-04
-2.492046319181184452e-03 2.397060153366915912e-04
-2.495819888749143973e-03 2.799621421060229944e-04
-2.498947791838358832e-03 3.204279251473778956e-04
-2.501423757523317960e-03 3.610937185579412233e-04
-2.503241633724024012e-03 4.019497259860160647e-04
-2.504395390184335334e-03 4.429860013822649930e-04
-2.504879121464705701e-03 4.841924497951686558e-04
-2.504687049949044265e-03 5.255588282112162680e-04
-2.503813528865312787e-03 5.670747464404233456e-04
-2.502253045319651533e-03 6.087296680477641535e-04
-2.500000223343590636e-03 6.505129113310882932e-04
-2.497049826954102301e-03 6.924136503460953489e-04
-2.493396763226129152e-03 7.344209159789847783e-04
-2.489036085377227883e-03 7.765235970673617979e-04
-2.483962995864025074e-03 8.187104415700123799e-04
-2.478172849490084453e-03 8.609700577861305543e-04
-2.471661156524880727e-03 9.032909156246469095e-04
-2.464423585833469283e-03 9.456613479242517847e-04
-2.456455968016490066e-03 9.880695518247443760e-04
-2.447754298560186025e-03 1.030503590190338763e-03
-2.438314740995961658e-03 1.072951393085585289e-03
-2.428133630069184180e-03 1.115400759304518031e-03
-2.417207474916790132e-03 1.157839357953720835e-03
-2.405532962253304104e-03 1.200254730089942486e-03
-2.393106959564884895e-03 1.242634290412961097e-03
-2.379926518310971056e-03 1.284965329014348210e-03
-2.365988877133135514e-03 1.327235013182851038e-03
-2.351291465070701713e-03 1.369430389267071958e-03
-2.335831904782728792e-03 1.411538384596165620e-03
-2.319608015775908270e-03 1.453545809459259918e-03
-2.302617817637947657e-03 1.495439359144380351e-03
-2.284859533275993438e-03 1.537205616037535692e-03
-2.266331592159674061e-03 1.578831051782826882e-03
-2.247032633568235571e-03 1.620302029504264597e-03
-2.226961509841398224e-03 1.661604806090132263e-03
-2.206117289633401958e-03 1.702725534540685788e-03
-2.184499261169781451e-03 1.743650266379978856e-03
-2.162106935506404991e-03 1.784364954132694383e-03
-2.138940049790269762e-03 1.824855453866815885e-03
-2.114998570521550887e-03 1.865107527802953649e-03
-2.090282696816420267e-03 1.905106846991345059e-03
-2.064792863670091363e-03 1.944838994057288472e-03
-2.038529745219589892e-03 1.984289466016045823e-03
-2.011494258005710502e-03 2.023443677158144431e-03
-1.983687564233593478e-03 2.062286962006034275e-03
-1.955111075031404962e-03 2.100804578343116839e-03
-1.925766453706516780e-03 2.138981710316194187e-03
-1.895655618998630994e-03 2.176803471612369541e-03
-1.864780748329249171e-03 2.214254908711488137e-03
-1.833144281046870765e-03 2.251321004215265428e-03
-1.800748921667317138e-03 2.287986680254207230e-03
-1.767597643108523991e-03 2.324236801973524405e-03
-1.733693689919184192e-03 2.360056181099281971e-03
-1.699040581500502016e-03 2.395429579585981773e-03
-1.663642115320431054e-03 2.430341713346907510e-03
-1.627502370119658518e-03 2.464777256068570888e-03
-1.590625709108589797e-03 2.498720843110584233e-03
-1.553016783154563931e-03 2.532157075492421933e-03
-1.514680533958560763e-03 2.565070523968484943e-03
-1.475622197220515311e-03 2.597445733193035674e-03
-1.435847305792452419e-03 2.629267225976478217e-03
-1.395361692818515142e-03 2.660519507634650539e-03
-1.354171494861023837e-03 2.691187070432765355e-03
-1.312283155011548111e-03 2.721254398125687139e-03
-1.269703425986073737e-03 2.750705970596367157e-03
-1.226439373203164294e-03 2.779526268594198577e-03
-1.182498377844073663e-03 2.807699778575220659e-03
-1.137888139893665973e-03 2.835210997646109288e-03
-1.092616681160963601e-03 2.862044438613964379e-03
-1.046692348278057978e-03 2.888184635143973243e-03
-1.000123815676112488e-03 2.913616147027088803e-03
-9.529200885370668964e-04 2.938323565559981723e-03
-9.050905057196081136e-04 2.962291519039491217e-03
-8.566447426578883582e-04 2.985504678373999705e-03
-8.075928142314074383e-04 3.007947762814149485e-03
-7.579450776043624924e-04 3.029605545805425480e-03
-7.077122350327119237e-04 3.050462860965197885e-03
-6.569053366370615965e-04 3.070504608186925243e-03
-6.055357831394288844e-04 3.089715759874267064e-03
-5.536153285617551999e-04 3.108081367307988230e-03
-5.011560828840307992e-04 3.125586567148544784e-03
-4.481705146596226042e-04 3.142216588077427659e-03
-3.946714535854302592e-04 3.157956757580351274e-03
-3.406720930241959652e-04 3.172792508875513576e-03
-2.861859924762522761e-04 3.186709387990194903e-03
-2.312270799977869055e-04 3.199693060989113481e-03
-1.758096545625364667e-04 3.211729321357998778e-03
-1.199483883636479737e-04 3.222804097545954941e-03
-6.365832905227985540e-05 3.232903460670273708e-03
-6.954901909209693320e-06 3.242013632387458558e-03
5.014608805430822015e-05 3.250120992934253921e-03
1.076284540706106812e-04 3.257212089342694048e-03
1.654756256689355763e-04 3.263273643833059911e-03
2.236706468125362348e-04 3.268292562388950846e-03
2.821961741244688243e-04 3.272255943518538428e-03
3.410344752071693382e-04 3.275151087206345027e-03
4.001674270612569557e-04 3.276965504059771526e-03
4.595765146092957204e-04 3.277686924654822469e-03
5.192428293305484084e-04 3.277303309085410118e-03
5.791470680131850530e-04 3.275802856720780656e-03
6.392695316306375511e-04 3.273174016175549404e-03
6.995901243493036830e-04 3.269405495496952897e-03
7.600883526751086444e-04 3.264486272573869328e-03
8.207433247468687992e-04 3.258405605772260721e-03
8.815337497848945358e-04 3.251153044801622597e-03
9.424379377036085168e-04 3.242718441817022106e-03
1.003433798897561142e-03 3.233091962761360655e-03
1.064498844210618172e-03 3.222264098952295000e-03
1.125610185098660336e-03 3.210225678918377391e-03
1.186744533996696030e-03 3.196967880488755902e-03
1.247878204901749655e-03 3.182482243140705418e-03
1.308987114183656408e-03 3.166760680609200310e-03
