npts 513 dfreq 1.000000000000000021e-02
0.000000000000000000e+00 -0.000000000000000000e+00
-4.802942149805394411e-13 -5.023413755151795807e-13
-4.764289734494010728e-11 1.631151788419015547e-11
-2.759186326975737156e-10 3.540173957547366107e-10
-6.125521748195628431e-10 1.876138729655166212e-09
-4.162159332472270012e-10 6.079318102659047215e-09
1.949511260603719477e-09 1.503152904780669897e-08
9.547343385248649582e-09 3.111340511959317951e-08
2.722136683543477019e-08 5.657079662716019961e-08
6.180928423190645632e-08 9.291006296674176059e-08
1.221586806616281879e-07 1.401878560308707161e-07
2.189138544249304335e-07 1.962624161221974341e-07
3.640632313855526818e-07 2.560811963799800901e-07
5.702617609751416555e-07 3.110792713703158226e-07
8.499652143875330681e-07 3.487548899410147959e-07
1.214431652489196269e-06 3.524739951776567618e-07
1.672657854283832371e-06 3.015364676301427307e-07
2.230324341697254811e-06 1.715154852584777386e-07
2.888821748444774345e-06 -6.514001040000801006e-08
3.644424311092124561e-06 -4.382691818914882671e-07
4.487664399247336546e-06 -9.789748090300699460e-07
5.402946772515828897e-06 -1.718467032644376915e-06
6.368424300208361145e-06 -2.686838120875059626e-06
7.356139785416381465e-06 -3.911832253591411503e-06
8.332422663984035221e-06 -5.417671021884357921e-06
9.258515756819725811e-06 -7.223988354969014686e-06
1.009139664104789087e-05 -9.344918914707039460e-06
1.078475091664857471e-05 -1.178837269424388442e-05
1.129005070606962296e-05 -1.455551663023826803e-05
1.155769090047128905e-05 -1.764047237031853040e-05
1.153813753464125530e-05 -2.103022863605292088e-05
1.118304669408507566e-05 -2.470475739675170979e-05
1.044631794400467405e-05 -2.863731563372185046e-05
9.285052838895637884e-06 -3.279490896156850717e-05
7.660396089892367063e-06 -3.713888976529613914e-05
5.538243977903859058e-06 -4.162566067512610035e-05
2.889811238891434578e-06 -4.620745391955674754e-05
-3.079463557040833930e-07 -5.083315810726718676e-05
-4.072051322345424028e-06 -5.544916600612970431e-05
-8.413359026791275322e-06 -6.000021963187782430e-05
-1.333653749172442648e-05 -6.443023216871760547e-05
-1.884016004264319632e-05 -6.868306968919602991e-05
-2.491689680865193722e-05 -7.270327912804329558e-05
-3.155379026468869074e-05 -7.643675234101199691e-05
-3.873259980651459062e-05 -7.983131923004193882e-05
-4.643020067368429501e-05 -8.283726576098359329e-05
-5.461902326493456842e-05 -8.540777519134417088e-05
-6.326751991849514066e-05 -8.749929294086588401e-05
-7.234064746108191570e-05 -8.907181727582310932e-05
-8.180035518090557052e-05 -9.008911935321560851e-05
-9.160606928258986832e-05 -9.051889720930717767e-05
-1.017151662795418097e-04 -9.033286901137474337e-05
-1.120834291287382448e-04 -8.950681135936532041e-05
-1.226654811821853972e-04 -8.802054866417401765e-05
-1.334151941965252706e-04 -8.585789967974945670e-05
-1.442860676938744933e-04 -8.300658716355774922e-05
-1.552315778963659113e-04 -7.945811641754365251e-05
-1.662054952628943063e-04 -7.520762814959561162e-05
-1.771621703422989369e-04 -7.025373071983107205e-05
-1.880567882287702622e-04 -6.459831641916836714e-05
-1.988455923708969206e-04 -5.824636598832120345e-05
-2.094860788549906183e-04 -5.120574513878642272e-05
-2.199371625663790240e-04 -4.348699639569437672e-05
-2.301593168396355994e-04 -3.510312915487898377e-05
-2.401146883503848693e-04 -2.606941044008527375e-05
-2.497671890871409873e-04 -1.640315846572138188e-05
-2.590825672806263877e-04 -6.123540759084789745e-06
-2.680284591684876992e-04 4.748621724727366860e-06
-2.765744234427199868e-04 1.619104335140281826e-05
-2.846919601720341686e-04 2.818015453399827673e-05
-2.923545159176255018e-04 4.069127378027306364e-05
-2.995374766732965396e-04 5.369877060310296882e-05
-3.062181501638813036e-04 6.717621900901320404e-05
-3.123757389329593530e-04 8.109654142768606177e-05
-3.179913055448740683e-04 9.543214307031837296e-05
-3.230477311194409479e-04 1.101550368090749445e-04
-3.275296683123879210e-04 1.252369587557122777e-04
-3.314234897519636623e-04 1.406494747867654193e-04
-3.347172328434288918e-04 1.563640783174793014e-04
-3.374005417591290014e-04 1.723522796686913282e-04
-3.394646073430985980e-04 1.885856874018868609e-04
-3.409021055760536197e-04 2.050360820191516090e-04
-3.417071351693328255e-04 2.216754824381592538e-04
-3.418751547849549835e-04 2.384762056589427278e-04
-3.414029203133621751e-04 2.554109200400723621e-04
-3.402884225805064000e-04 2.724526925981071344e-04
-3.385308258014880904e-04 2.895750307365407318e-04
-3.361304070487151777e-04 3.067519187998523538e-04
-3.330884969582464657e-04 3.239578498352184074e-04
-3.294074218582980626e-04 3.411678529296402408e-04
-3.250904474685151419e-04 3.583575164740956530e-04
-3.201417242872235365e-04 3.755030076893062360e-04
-3.145662347561681282e-04 3.925810887301473895e-04
-3.083697422679114301e-04 4.095691296679156005e-04
-3.015587420597809747e-04 4.264451186318557094e-04
-2.941404140198020296e-04 4.431876693737244691e-04
-2.861225774140836514e-04 4.597760265018801824e-04
-2.775136475314665002e-04 4.761900686146082777e-04
-2.683225942295946044e-04 4.924103095461339341e-04
-2.585589023567838986e-04 5.084178979231916869e-04
-2.482325340158580951e-04 5.241946152151196955e-04
-2.373538926294079053e-04 5.397228724462674321e-04
-2.259337887604485776e-04 5.549857057260681060e-04
-2.139834076381253228e-04 5.699667707394495686e-04
-2.015142783347533527e-04 5.846503363283201554e-04
-1.885382445379845100e-04 5.990212772836691528e-04
-1.750674368601587210e-04 6.130650664573546876e-04
-1.611142466257700612e-04 6.267677662928553125e-04
-1.466913010774613380e-04 6.401160198651979555e-04
-1.318114399408660338e-04 6.530970415117845138e-04
-1.164876932889528151e-04 6.656986071280355036e-04
-1.007332606472055868e-04 6.779090441945016593e-04
-8.456149128190665483e-05 6.897172215954239325e-04
-6.798586561499009415e-05 7.011125392825311121e-04
-5.101997771028914748e-05 7.120849178322241580e-04
-3.367751877753710581e-05 7.226247879390541168e-04
-1.597226164210932393e-05 7.327230798836568840e-04
2.081953869775746638e-06 7.423712130089027503e-04
2.047123467888003885e-05 7.515610852340615447e-04
3.918164738046965578e-05 7.602850626331174181e-04
5.819923039633155304e-05 7.685359691000450983e-04
7.751000539424240704e-05 7.763070761208583749e-04
9.709998801597967215e-05 7.835920926694987581e-04
1.169551979531346182e-04 7.903851552421380490e-04
1.370616684081818113e-04 7.966808180422418244e-04
1.574054549764796970e-04 8.024740433266975507e-04
1.779726439831466037e-04 8.077601919214996663e-04
1.987493603070831236e-04 8.125350139138371765e-04
2.197217747227480093e-04 8.167946395259478506e-04
2.408761107887437414e-04 8.205355701748060816e-04
2.621986513107154833e-04 8.237546697205039899e-04
2.836757444046089150e-04 8.264491559051842040e-04
3.052938091849123192e-04 8.286165919833938468e-04
3.270393411011521495e-04 8.302548785439617515e-04
3.488989169446171244e-04 8.313622455227455670e-04
3.708591995460347739e-04 8.319372444049685268e-04
3.929069421837457312e-04 8.319787406153131455e-04
4.150289927207779887e-04 8.314859060934489407e-04
4.372122974881781084e-04 8.304582120522701217e-04
4.594439049308704438e-04 8.288954219157429687e-04
4.817109690314181985e-04 8.267975844329897338e-04
5.040007525260644652e-04 8.241650269649404472e-04
5.263006299266012773e-04 8.209983489397185662e-04
5.485980903607678809e-04 8.172984154727331967e-04
5.708807402430787032e-04 8.130663511473049023e-04
5.931363057872627740e-04 8.083035339515752451e-04
6.153526353707695603e-04 8.030115893673582615e-04
6.375177017611345425e-04 7.971923846065338565e-04
6.596196042133844724e-04 7.908480229905743165e-04
6.816465704470476162e-04 7.839808384687705278e-04
7.035869585107808058e-04 7.765933902707418401e-04
7.254292585421039411e-04 7.686884576888189293e-04
7.471620944292301685e-04 7.602690349859643698e-04
7.687742253815115856e-04 7.513383264248872781e-04
7.902545474145708125e-04 7.418997414141265644e-04
8.115920947557936837e-04 7.319568897668988008e-04
8.327760411754416611e-04 7.215135770685998434e-04
8.537957012482997373e-04 7.105738001489309875e-04
8.746405315504179271e-04 6.991417426547048971e-04
8.953001317951706124e-04 6.872217707194636311e-04
9.157642459125833832e-04 6.748184287261561280e-04
9.360227630755539206e-04 6.619364351591989441e-04
9.560657186763536460e-04 6.485806785423620015e-04
9.758832952565380577e-04 6.347562134589879992e-04
9.954658233931484336e-04 6.204682566512021314e-04
1.014803782543872903e-03 6.057221831948204774e-04
1.033887801853633232e-03 5.905235227468082129e-04
1.052708660924865907e-03 5.748779558622049311e-04
1.071257290553573544e-03 5.587913103775655511e-04
1.089524773433071629e-03 5.422695578580385804e-04
1.107502344827191332e-03 5.253188101053236306e-04
1.125181393214524364e-03 5.079453157238310746e-04
1.142553460905214530e-03 4.901554567424673461e-04
1.159610244631606793e-03 4.719557452895754737e-04
1.176343596113982879e-03 4.533528203186335697e-04
1.192745522602498215e-03 4.343534443824117889e-04
1.208808187396297933e-03 4.149645004533933325e-04
1.224523910340747810e-03 3.951929887883151625e-04
1.239885168303559706e-03 3.750460238348173395e-04
1.254884595630550471e-03 3.545308311782244281e-04
1.269514984581689631e-03 3.336547445265962051e-04
1.283769285747991167e-03 3.124252027322571069e-04
1.297640608449761356e-03 2.908497468480693705e-04
1.311122221116655436e-03 2.689360172168178166e-04
1.324207551649900444e-03 2.466917505921437776e-04
1.336890187767037462e-03 2.241247772894915038e-04
1.349163877329436325e-03 2.012430183656798376e-04
1.361022528652832157e-03 1.780544828256870105e-04
1.372460210801055040e-03 1.545672648553729706e-04
1.383471153863115224e-03 1.307895410788934660e-04
1.394049749213733657e-03 1.067295678396052664e-04
1.404190549757415194e-03 8.239567850336549813e-05
1.413888270156093323e-03 5.779628078313280834e-05
1.423137787040368958e-03 3.293985408387789196e-05
1.431934139204338319e-03 7.834946866824213572e-06
1.440272527783961970e-03 -1.750982596787692338e-05
1.448148316418943794e-03 -4.308578568090030856e-05
1.455557031398014081e-03 -6.888419227676093265e-05
1.462494361787551904e-03 -9.489624707081794101e-05
1.468956159543423389e-03 -1.211130952410365377e-04
1.474938439605906005e-03 -1.475258283651511529e-04
1.480437379977594557e-03 -1.741254869438903924e-04
1.485449321784082250e-03 -2.009030629108549625e-04
1.489970769317333545e-03 -2.278495021296197509e-04
1.493998390061504001e-03 -2.549557068785632936e-04
1.497529014701097158e-03 -2.822125383239333912e-04
1.500559637111236215e-03 -3.096108189815984521e-04
1.503087414329877655e-03 -3.371413351678968578e-04
1.505109666511769738e-03 -3.647948394399824681e-04
1.506623876863965455e-03 -3.925620530260184719e-04
1.507627691562684171e-03 -4.204336682455557918e-04
1.508118919651320724e-03 -4.484003509203816234e-04
1.508095532919404231e-03 -4.764527427761308968e-04
1.507555665762294736e-03 -5.045814638348843865e-04
1.506497615021417128e-03 -5.327771147989984442e-04
1.504919839804830456e-03 -5.610302794263299616e-04
1.502820961287913617e-03 -5.893315268970619096e-04
1.500199762493998950e-03 -6.176714141722649274e-04
1.497055188054706529e-03 -6.460404883443113472e-04
1.493386343949823459e-03 -6.744292889792646069e-04
1.489192497226507657e-03 -7.028283504513304584e-04
1.484473075697632450e-03 -7.312282042694204969e-04
1.479227667619076401e-03 -7.596193813958927385e-04
1.473456021345784456e-03 -7.879924145574967835e-04
1.467158044966403087e-03 -8.163378405485206390e-04
1.460333805916326153e-03 -8.446462025261644623e-04
1.452983530568973227e-03 -8.729080522980936290e-04
1.445107603805122817e-03 -9.011139526021502005e-04
1.436706568560155821e-03 -9.292544793781717244e-04
1.427781125349037502e-03 -9.573202240318549189e-04
1.418332131768887264e-03 -9.853017956905775043e-04
1.408360601978992906e-03 -1.013189823451100336e-03
1.397867706158124716e-03 -1.040974958619047923e-03
1.386854769939018439e-03 -1.068647876940030401e-03
1.375323273819881826e-03 -1.096199280822309592e-03
1.363274852552830672e-03 -1.123619901550855634e-03
1.350711294509101016e-03 -1.150900501492653884e-03
1.337634541020957723e-03 -1.178031876293095118e-03
1.324046685700172588e-03 -1.205004857063296389e-03
1.309949973732980454e-03 -1.231810312558156723e-03
1.295346801151438113e-03 -1.258439151344987192e-03
1.280239714081054343e-03 -1.284882323962496797e-03
1.264631407964676799e-03 -1.311130825069952658e-03
1.248524726762508452e-03 -1.337175695586297021e-03
1.231922662128215632e-03 -1.363008024819000559e-03
1.214828352561055265e-03 -1.388618952582427969e-03
1.197245082533999593e-03 -1.413999671305520272e-03
1.179176281597753241e-03 -1.439141428128491110e-03
1.160625523460698813e-03 -1.464035526988357932e-03
1.141596525044672817e-03 -1.488673330693030287e-03
1.122093145516601378e-03 -1.513046262983708473e-03
1.102119385295928988e-03 -1.537145810585329505e-03
1.081679385037870832e-03 -1.560963525244817756e-03
1.060777424592464213e-03 -1.584491025756835621e-03
1.039417921939415164e-03 -1.607719999976809982e-03
1.017605432098774715e-03 -1.630642206820915501e-03
9.953446460174322601e-04 -1.653249478252767114e-03
9.726403894314731647e-04 -1.675533721256530946e-03
9.494976217044134208e-04 -1.697486919796146153e-03
9.259214346413624118e-04 -1.719101136760412245e-03
9.019170512791457699e-04 -1.740368515893607297e-03
8.774898246524454656e-04 -1.761281283711381819e-03
8.526452365360122050e-04 -1.781831751401581577e-03
8.273888961630112854e-04 -1.802012316709771661e-03
8.017265389195833312e-04 -1.821815465809087549e-03
7.756640250156800849e-04 -1.841233775154175719e-03
7.492073381322696861e-04 -1.860259913318851061e-03
7.223625840450048977e-04 -1.878886642817246882e-03
6.951359892244433989e-04 -1.897106821908090164e-03
6.675338994129261828e-04 -1.914913406381810006e-03
6.395627781782183561e-04 -1.932299451330180213e-03
6.112292054440467831e-04 -1.949258112898195937e-03
5.825398759976402850e-04 -1.965782650017829179e-03
5.535015979743927381e-04 -1.981866426123436546e-03
5.241212913198222204e-04 -1.997502910848410976e-03
4.944059862289195556e-04 -2.012685681702842348e-03
4.643628215630738213e-04 -2.027408425731848721e-03
4.339990432447092625e-04 -2.041664941154263790e-03
4.033220026297929884e-04 -2.055449138981395394e-03
3.723391548583857859e-04 -2.068755044615506414e-03
3.410580571834133726e-04 -2.081576799427750039e-03
3.094863672778177350e-04 -2.093908662315244543e-03
2.776318415203053963e-04 -2.105745011236948884e-03
2.455023332598364294e-04 -2.117080344728077598e-03
2.131057910590921462e-04 -2.127909283392732769e-03
1.804502569171109803e-04 -2.138226571374434760e-03
1.475438644712857947e-04 -2.148027077804278481e-03
1.143948371789549334e-04 -2.157305798226402498e-03
8.101148647879043889e-05 -2.166057856000463532e-03
4.740220993222915032e-05 -2.174278503680840934e-03
1.357548934514535559e-05 -2.181963124372254988e-03
-2.046011112996569382e-05 -2.189107233061525840e-03
-5.469594691107153669e-05 -2.195706477925165982e-03
-8.912329492271462068e-05 -2.201756641612539166e-03
-1.237333555508741457e-04 -2.207253642504264802e-03
-1.585172546163437970e-04 -2.212193535945632811e-03
-1.934660453663524871e-04 -2.216572515454699743e-03
-2.285707104841652227e-04 -2.220386913904814647e-03
-2.638221641163921707e-04 -2.223633204681306225e-03
-2.992112539177194976e-04 -2.226308002812035520e-03
-3.347287631127807681e-04 -2.228408066071541332e-03
-3.703654125749109168e-04 -2.229930296058555469e-03
-4.061118629214217251e-04 -2.230871739246565594e-03
-4.419587166251961953e-04 -2.231229588007200160e-03
-4.778965201422045962e-04 -2.231001181606173060e-03
-5.139157660547015406e-04 -2.230184007171523430e-03
-5.500068952297678315e-04 -2.228775700633912112e-03
-5.861602989928740371e-04 -2.226774047638703687e-03
-6.223663213161663389e-04 -2.224176984429639386e-03
-6.586152610211301476e-04 -2.220982598703788186e-03
-6.948973739953105081e-04 -2.217189130437612586e-03
-7.312028754227575290e-04 -2.212794972683859804e-03
-7.675219420278481556e-04 -2.207798672339081510e-03
-8.038447143321611954e-04 -2.202198930881549190e-03
-8.401612989240364246e-04 -2.195994605079340956e-03
-8.764617707404852515e-04 -2.189184707668369052e-03
-9.127361753610905952e-04 -2.181768408000180244e-03
-9.489745313135327731e-04 -2.173745032659252403e-03
-9.851668323903859954e-04 -2.165114066049659333e-03
-1.021303049976835485e-03 -2.155875150950831067e-03
-1.057373135388893362e-03 -2.146028089042258721e-03
-1.093367022221810583e-03 -2.135572841396962164e-03
-1.129274628708237154e-03 -2.124509528943472909e-03
-1.165085860085816319e-03 -2.112838432896229409e-03
-1.200790610973770465e-03 -2.100559995154138888e-03
-1.236378767758133761e-03 -2.087674818667185558e-03
-1.271840210985207597e-03 -2.074183667770874897e-03
-1.307164817762875627e-03 -2.060087468488391253e-03
-1.342342464169360558e-03 -2.045387308800269716e-03
-1.377363027669023044e-03 -2.030084438881463865e-03
-1.412216389534805229e-03 -2.014180271305642846e-03
-1.446892437276915602e-03 -1.997676381216585088e-03
-1.481381067077341225e-03 -1.980574506466512095e-03
-1.515672186229766660e-03 -1.962876547721262126e-03
-1.549755715584501693e-03 -1.944584568532143091e-03
-1.583621591997983954e-03 -1.925700795374361450e-03
-1.617259770786458545e-03 -1.906227617651925403e-03
-1.650660228183375381e-03 -1.886167587668854777e-03
-1.683812963800125455e-03 -1.865523420566677845e-03
-1.716708003089644809e-03 -1.844297994228023862e-03
-1.749335399812491140e-03 -1.822494349146297401e-03
-1.781685238504937237e-03 -1.800115688261295314e-03
-1.813747636948669258e-03 -1.777165376760688007e-03
-1.845512748641628181e-03 -1.753646941847319301e-03
-1.876970765269583754e-03 -1.729564072472223810e-03
-1.908111919177971029e-03 -1.704920619033293986e-03
-1.938926485843597012e-03 -1.679720593039575344e-03
-1.969404786345713056e-03 -1.653968166741081680e-03
-1.999537189836054444e-03 -1.627667672724132002e-03
-2.029314116007391137e-03 -1.600823603472132858e-03
-2.058726037560131526e-03 -1.573440610891796518e-03
-2.087763482666541142e-03 -1.545523505804747731e-03
-2.116417037432117513e-03 -1.517077257404495427e-03
-2.144677348353702002e-03 -1.488106992678776526e-03
-2.172535124773823829e-03 -1.458617995797229991e-03
-2.199981141330868608e-03 -1.428615707464413924e-03
-2.227006240404621248e-03 -1.398105724238177423e-03
-2.253601334556676241e-03 -1.367093797813352272e-03
-2.279757408965326325e-03 -1.335585834270851431e-03
-2.305465523854462011e-03 -1.303587893292123146e-03
-2.330716816915963732e-03 -1.271106187339028550e-03
-2.355502505725240968e-03 -1.238147080799178318e-03
-2.379813890149377539e-03 -1.204717089096740083e-03
-2.403642354747448102e-03 -1.170822877768799668e-03
-2.426979371162588193e-03 -1.136471261507300632e-03
-2.449816500505327781e-03 -1.101669203166649085e-03
-2.472145395727739451e-03 -1.066423812737025403e-03
-2.493957803987955843e-03 -1.030742346283486550e-03
-2.515245569004632194e-03 -9.946322048509587468e-04
-2.536000633400825773e-03 -9.581009333351656965e-04
-2.556215041036942210e-03 -9.211562193196334326e-04
-2.575880939332227896e-03 -8.838058918788384549e-04
-2.594990581574386449e-03 -8.460579203476097489e-04
-2.613536329216879523e-03 -8.079204130569260685e-04
-2.631510654163455275e-03 -7.694016160361954321e-04
-2.648906141039481226e-03 -7.305099116821614676e-04
-2.665715489449614443e-03 -6.912538173945720213e-04
-2.681931516221400073e-03 -6.516419841787418708e-04
-2.697547157634342871e-03 -6.116831952151662076e-04
-2.712555471634028013e-03 -5.713863643963332109e-04
-2.726949640030864458e-03 -5.307605348308919429e-04
-2.740722970683008054e-03 -4.898148773153775549e-04
-2.753868899663051983e-03 -4.485586887735952847e-04
-2.766380993408077728e-03 -4.070013906639278448e-04
-2.778252950852607307e-03 -3.651525273547026476e-04
-2.789478605544086411e-03 -3.230217644678195555e-04
-2.800051927740473869e-03 -2.806188871908566981e-04
-2.809967026489498983e-03 -2.379537985578394866e-04
-2.819218151689241968e-03 -1.950365176989046268e-04
-2.827799696129598608e-03 -1.518771780590691129e-04
-2.835706197514248350e-03 -1.084860255863381336e-04
-2.842932340462727293e-03 -6.487341688935826720e-05
-2.849472958492253478e-03 -2.104981736489595876e-05
-2.855323035978869078e-03 2.297420070464448386e-05
-2.860477710097601104e-03 6.718796008340655339e-05
-2.864932272741200006e-03 1.115806805437131381e-04
-2.868682172417146969e-03 1.561414808568843617e-04
-2.871723016122551715e-03 2.008593808129709830e-04
-2.874050571196592151e-03 2.457233032691226969e-04
-2.875660767150158004e-03 2.907220762263478106e-04
-2.876549697472374073e-03 3.358444349343298898e-04
-2.876713621413630982e-03 3.810790240240590973e-04
-2.876148965744879712e-03 4.264143996679541277e-04
-2.874852326492791793e-03 4.718390317671931986e-04
-2.872820470650533191e-03 5.173413061659473504e-04
-2.870050337863828353e-03 5.629095268922077074e-04
-2.866539042092078066e-03 6.085319184249007385e-04
-2.862283873244130406e-03 6.541966279869753645e-04
-2.857282298788585070e-03 6.998917278641326924e-04
-2.851531965338255543e-03 7.456052177489103615e-04
-2.845030700208569640e-03 7.913250271097372560e-04
-2.837776512949694192e-03 8.370390175847191964e-04
-2.829767596852101122e-03 8.827349853997279970e-04
-2.821002330425388845e-03 9.284006638105329239e-04
-2.811479278850109644e-03 9.740237255686152486e-04
-2.801197195402447757e-03 1.019591785410336841e-03
-2.790155022851523517e-03 1.065092402569112499e-03
-2.778351894829135353e-03 1.110513083310269312e-03
-2.765787137171792174e-03 1.155841283488245799e-03
-2.752460269234888266e-03 1.201064411125796769e-03
-2.738371005178833351e-03 1.246169829014847751e-03
-2.723519255227048030e-03 1.291144857338724031e-03
-2.707905126895676293e-03 1.335976776315329299e-03
-2.691528926194927500e-03 1.380652828861028648e-03
-2.674391158801939401e-03 1.425160223274853219e-03
-2.656492531205064626e-03 1.469486135942716168e-03
-2.637833951819576733e-03 1.513617714061340309e-03
-2.618416532074642738e-03 1.557542078381533336e-03
-2.598241587471617625e-03 1.601246325970541971e-03
-2.577310638613566733e-03 1.644717532993164545e-03
-2.555625412206034668e-03 1.687942757511294578e-03
-2.533187842029048596e-03 1.730909042301660532e-03
-2.510000069880401457e-03 1.773603417691428435e-03
-2.486064446490187773e-03 1.816012904411386155e-03
-2.461383532406703073e-03 1.858124516466510461e-03
-2.435960098853723419e-03 1.899925264023565605e-03
-2.409797128559246129e-03 1.941402156315565801e-03
-2.382897816555805751e-03 1.982542204562830982e-03
-2.355265570952448997e-03 2.023332424910434611e-03
-2.326904013678474884e-03 2.063759841381821499e-03
-2.297816981199128725e-03 2.103811488848412840e-03
-2.268008525203323283e-03 2.143474416015049913e-03
-2.237482913263631225e-03 2.182735688421082176e-03
-2.206244629468653851e-03 2.221582391456980270e-03
-2.174298375028032356e-03 2.260001633396369839e-03
-2.141649068850239555e-03 2.297980548443377333e-03
-2.108301848093427008e-03 2.335506299795201898e-03
-2.074262068689540495e-03 2.372566082719905576e-03
-2.039535305841947994e-03 2.409147127649342857e-03
-2.004127354496862932e-03 2.445236703287280346e-03
-1.968044229788817271e-03 2.480822119732713042e-03
-1.931292167460464367e-03 2.515890731618430562e-03
-1.893877624257061165e-03 2.550429941264956927e-03
-1.855807278295859564e-03 2.584427201849939792e-03
-1.817088029410798356e-03 2.617870020593194257e-03
-1.777726999472774164e-03 2.650745961957553035e-03
-1.737731532685855233e-03 2.683042650865804894e-03
-1.697109195859769623e-03 2.714747775933935153e-03
-1.655867778659028200e-03 2.745849092721009983e-03
-1.614015293829031529e-03 2.776334426996080081e-03
-1.571559977399510219e-03 2.806191678022460639e-03
-1.528510288865679275e-03 2.835408821859848171e-03
-1.484874911347474659e-03 2.863973914684806322e-03
-1.440662751727202510e-03 2.891875096130110730e-03
-1.395882940765992434e-03 2.919100592643583073e-03
-1.350544833199413724e-03 2.945638720867081728e-03
-1.304658007812565254e-03 2.971477891036314323e-03
-1.258232267495050603e-03 2.996606610402297900e-03
-1.211277639276095571e-03 3.021013486675258597e-03
-1.163804374340202336e-03 3.044687231491870726e-03
-1.115822948023569841e-03 3.067616663906827523e-03
-1.067344059791643226e-03 3.089790713909722382e-03
-1.018378633197996978e-03 3.111198425968379408e-03
-9.689378158248288181e-04 3.131828962599779963e-03
-9.190329792052729296e-04 3.151671607969860206e-03
-8.686757187277032886e-04 3.170715771523441653e-03
-8.178778535221882052e-04 3.188950991645769263e-03
-7.666514263292091612e-04 3.206366939357094270e-03
-7.150087033506883965e-04 3.222953422041857380e-03
-6.629621740833894269e-04 3.238700387214154576e-03
-6.105245511345871708e-04 3.253597926321209841e-03
-5.577087700200071422e-04 3.267636278586658494e-03
-5.045279889437875951e-04 3.280805834895593985e-03
-4.509955885603368479e-04 3.293097141723352276e-03
-3.971251717176944970e-04 3.304500905110176190e-03
-3.429305631821171233e-04 3.315007994683913817e-03
-2.884258093433453036e-04 3.324609447733088956e-03
-2.336251779000483170e-04 3.333296473332715386e-03
-1.785431575247731207e-04 3.341060456525356444e-03
-1.231944575076346956e-04 3.347892962560034165e-03
-6.759400737784557124e-05 3.353785741191682001e-03
-1.175695650212430316e-05 3.358730731043922321e-03
4.430132634119670926e-05 3.362720064038117723e-03
1.005652534136338647e-04 3.365746069891633468e-03
1.570190184950071433e-04 3.367801280688492542e-03
2.136465973904953146e-04 3.368878435525565762e-03
2.704317484680739906e-04 3.368970485237654522e-03
3.273580132282404216e-04 3.368070597204825874e-03
3.844087169082321433e-04 3.366172160245551378e-03
4.415669691230176826e-04 3.363268789599198078e-03
4.988156645457262825e-04 3.359354332001610391e-03
5.561374836302051703e-04 3.354422870857494323e-03
6.135148933788405314e-04 3.348468731513538823e-03
6.709301481588811344e-04 3.341486486636153965e-03
7.283652905708781463e-04 3.333470961697847061e-03
7.858021523730726512e-04 3.324417240576338448e-03
8.432223554658938329e-04 3.314320671270538660e-03
9.006073129410545721e-04 3.303176871737564628e-03
9.579382302000266592e-04 3.290981735855049752e-03
1.015196106147048510e-03 3.277731439513007893e-03
1.072361734462220183e-03 3.263422446839493556e-03
1.129415704960524134e-03 3.248051516564464010e-03
1.186338405043095524e-03 3.231615708525983292e-03
