npts 513 dfreq 1.000000000000000021e-02
0.000000000000000000e+00 0.000000000000000000e+00
-2.403532102208245230e-03 -5.093784139743025817e-03
-3.422256053714076846e-02 -2.531771459525182164e-02
-1.175955642582484223e-01 -1.587484458483493996e-02
-1.988494197595290502e-01 5.555139685399757693e-02
-2.438790720510679855e-01 1.515164486801017785e-01
-2.636523586425769672e-01 2.454936103173514517e-01
-2.709608907782963816e-01 3.325329791109220556e-01
-2.722237440190702351e-01 4.137243435330212327e-01
-2.702872657618115571e-01 4.907162866865580342e-01
-2.664367855360469939e-01 5.647532743957136558e-01
-2.612841647357921349e-01 6.366769531744311816e-01
-2.551379415267795991e-01 7.070486697529669851e-01
-2.481623407091194111e-01 7.762477710344095616e-01
-2.404491303259278512e-01 8.445360386458660162e-01
-2.320518682286537293e-01 9.120981644440668834e-01
-2.230030625233509201e-01 9.790671933693614326e-01
-2.133231704081231528e-01 1.045540767698735607e+00
-2.030255132092689541e-01 1.111591715120375135e+00
-1.921190602265984704e-01 1.177275102951545804e+00
-1.806100574759867128e-01 1.242633039986696497e+00
-1.685030087010150890e-01 1.307698012350485550e+00
-1.558012818715540093e-01 1.372495245303328115e+00
-1.425074930745286461e-01 1.437044405000667213e+00
-1.286237547358561051e-01 1.501360844633994551e+00
-1.141518392574651236e-01 1.565456530596439855e+00
-9.909328881393221489e-02 1.629340740306381985e+00
-8.344949022217351686e-02 1.693020594644502275e+00
-6.722172675566648326e-02 1.756501468943953981e+00
-5.041121449362619134e-02 1.819787313655544470e+00
-3.301912814184484318e-02 1.882880907035355600e+00
-1.504661958701248962e-02 1.945784056108083249e+00
3.505168628544129417e-03 2.008497757868841216e+00
2.263509342532126628e-02 2.071022329626898362e+00
4.234200387521124681e-02 2.133357515187199738e+00
6.262473574755027250e-02 2.195502571954657256e+00
8.348210741074864327e-02 2.257456342858262133e+00
1.049129167323308714e-01 2.319217316107441196e+00
1.269159387207013934e-01 2.380783675128042010e+00
1.494899237224679711e-01 2.442153340521155513e+00
1.726335960391401636e-01 2.503324005502377325e+00
1.963456528627316733e-01 2.564293165982067357e+00
2.206247634555993098e-01 2.625058146216575850e+00
2.454695685186200627e-01 2.685616120780089044e+00
2.708786797055159346e-01 2.745964133464955825e+00
2.968506792513692649e-01 2.806099113605983852e+00
3.233841196908498472e-01 2.866017890234754173e+00
3.504775236474155231e-01 2.925717204398330828e+00
3.781293836789391127e-01 2.985193719918951327e+00
4.063381621685342449e-01 3.044444032824637159e+00
4.351022912517323316e-01 3.103464679642540247e+00
4.644201727731389062e-01 3.162252144715820279e+00
4.942901782671099697e-01 3.220802866679287391e+00
5.247106489581223610e-01 3.279113244208021083e+00
5.556798957774323755e-01 3.337179641135738617e+00
5.871961993932530710e-01 3.394998391025177753e+00
6.192578102522778849e-01 3.452565801260706557e+00
6.518629486307494503e-01 3.509878156723227782e+00
6.850098046936793361e-01 3.566931723098933471e+00
7.186965385610202262e-01 3.623722749866287174e+00
7.529212803798770448e-01 3.680247472999581326e+00
7.876821304019634429e-01 3.736502117422201064e+00
8.229771590656855818e-01 3.792482899238402094e+00
8.588044070823219744e-01 3.848186027768629280e+00
8.951618855258806073e-01 3.903607707410242433e+00
9.320475759262714099e-01 3.958744139342695423e+00
9.694594303655015288e-01 4.013591523093944069e+00
1.007395371576647269e+00 4.068146057982725772e+00
1.045853293045397203e+00 4.122403944449668067e+00
1.084831059113999796e+00 4.176361385288593020e+00
1.124326505087467343e+00 4.230014586788095166e+00
1.164337437341905090e+00 4.283359759792299215e+00
1.204861633434872514e+00 4.336393120688670777e+00
1.245896842217706579e+00 4.389110892329973090e+00
1.287440783949678869e+00 4.441509304896483989e+00
1.329491150413982359e+00 4.493584596704170764e+00
1.372045605035460136e+00 4.545333014963715890e+00
1.415101783000022539e+00 4.596750816494836300e+00
1.458657291375738074e+00 4.647834268399912538e+00
1.502709709235539703e+00 4.698579648700473399e+00
1.547256587781514092e+00 4.748983246939715741e+00
1.592295450470765816e+00 4.799041364754009109e+00
1.637823793142811679e+00 4.848750316415919137e+00
1.683839084148485377e+00 4.898106429351099855e+00
1.730338764480341629e+00 4.947106044631226496e+00
1.777320247904539130e+00 4.995745517444791339e+00
1.824780921094160346e+00 5.044021217547563829e+00
1.872718143764014798e+00 5.091929529694277257e+00
1.921129248806829004e+00 5.139466854052897382e+00
1.970011542430869733e+00 5.186629606602866538e+00
2.019362304298987887e+00 5.233414219518436994e+00
2.069178787669008646e+00 5.279817141538141634e+00
2.119458219535548693e+00 5.325834838321477527e+00
2.170197800773174368e+00 5.371463792793560899e+00
2.221394706280913400e+00 5.416700505478673655e+00
2.273046085128140881e+00 5.461541494823388909e+00
2.325149060701777515e+00 5.505983297509969177e+00
2.377700730854827249e+00 5.550022468760642980e+00
2.430698168056233399e+00 5.593655582633387802e+00
2.484138419542035514e+00 5.636879232309635945e+00
2.538018507467853180e+00 5.679690030374510812e+00
2.592335429062612828e+00 5.722084609089906238e+00
2.647086156783611255e+00 5.764059620660934691e+00
2.702267638472813260e+00 5.805611737496016111e+00
2.757876797514425604e+00 5.846737652461016843e+00
2.813910532993740166e+00 5.887434079127722875e+00
2.870365719857191689e+00 5.927697752016944932e+00
2.927239209073689619e+00 5.967525426836524538e+00
2.984527827797148092e+00 6.006913880714512821e+00
3.042228379530267812e+00 6.045859912427698823e+00
3.100337644289483219e+00 6.084360342625743989e+00
3.158852378771158875e+00 6.122412014051096030e+00
3.217769316518954703e+00 6.160011791754897992e+00
3.277085168092367162e+00 6.197156563308984012e+00
3.336796621236479687e+00 6.233843239014227322e+00
3.396900341052831340e+00 6.270068752105264487e+00
3.457392970171482283e+00 6.305830058951826800e+00
3.518271128924213009e+00 6.341124139256762327e+00
3.579531415518849347e+00 6.375947996250830307e+00
3.641170406214736310e+00 6.410298656884452662e+00
3.703184655499323963e+00 6.444173172016454565e+00
3.765570696265859052e+00 6.477568616599906903e+00
3.828325039992178436e+00 6.510482089865166522e+00
3.891444176920610065e+00 6.542910715500184438e+00
3.954924576238921574e+00 6.574851641828144189e+00
4.018762686262396855e+00 6.606302041982535123e+00
4.082954934616892295e+00 6.637259114079668620e+00
4.147497728423047647e+00 6.667720081388748277e+00
4.212387454481442361e+00 6.697682192499528675e+00
4.277620479458874136e+00 6.727142721487611610e+00
4.343193150075577158e+00 6.756098968077404621e+00
4.409101793293521254e+00 6.784548257802860860e+00
4.475342716505678275e+00 6.812487942165941668e+00
4.541912207726300110e+00 6.839915398792935086e+00
4.608806535782165703e+00 6.866828031588575243e+00
4.676021950504813951e+00 6.893223270888092280e+00
4.743554682923746491e+00 6.919098573607137759e+00
4.811400945460544420e+00 6.944451423389646827e+00
4.879556932123995772e+00 6.969279330753705537e+00
4.948018818706080957e+00 6.993579833235366472e+00
5.016782762978956534e+00 7.017350495530522814e+00
5.085844904892774743e+00 7.040588909634777792e+00
5.155201366774465832e+00 7.063292694981393893e+00
5.224848253527382802e+00 7.085459498577319160e+00
5.294781652831829888e+00 7.107086995137304797e+00
5.364997635346480109e+00 7.128172887216119413e+00
5.435492254910606391e+00 7.148714905338897196e+00
5.506261548747218626e+00 7.168710808129634238e+00
5.577301537667002762e+00 7.188158382437823235e+00
5.648608226273105437e+00 7.207055443463245226e+00
5.720177603166698432e+00 7.225399834878944993e+00
5.792005641153426865e+00 7.243189428952409692e+00
5.864088297450564369e+00 7.260422126664893838e+00
5.936421513894995172e+00 7.277095857828989267e+00
6.009001217151997309e+00 7.293208581204387642e+00
6.081823318924706179e+00 7.308758284611864831e+00
6.154883716164436969e+00 7.323742985045491594e+00
6.228178291281640355e+00 7.338160728783065245e+00
6.301702912357662001e+00 7.352009591494804042e+00
6.375453433357201050e+00 7.365287678350245670e+00
6.449425694341456072e+00 7.377993124123433333e+00
6.523615521681985108e+00 7.390124093296323693e+00
6.598018728275228284e+00 7.401678780160471760e+00
6.672631113757764076e+00 7.412655408916957178e+00
6.747448464722130446e+00 7.423052233774586561e+00
6.822466554933397376e+00 7.432867539046366545e+00
6.897681145546281201e+00 7.442099639244225351e+00
6.973087985322980131e+00 7.450746879172035264e+00
7.048682810851554237e+00 7.458807634016872967e+00
7.124461346764952907e+00 7.466280309438602991e+00
7.200419305960608973e+00 7.473163341657684811e+00
7.276552389820617250e+00 7.479455197541313716e+00
7.352856288432517928e+00 7.485154374687794210e+00
7.429326680810592443e+00 7.490259401509240966e+00
7.505959235117725115e+00 7.494768837312525633e+00
7.582749608887804804e+00 7.498681272378530771e+00
7.659693449248647923e+00 7.501995328039686939e+00
7.736786393145425045e+00 7.504709656755777836e+00
7.814024067564600884e+00 7.506822942188072112e+00
7.891402089758337901e+00 7.508333899271684153e+00
7.968916067469426601e+00 7.509241274286297063e+00
8.046561599156611067e+00 7.509543844925103073e+00
8.124334274220418095e+00 7.509240420362065294e+00
8.202229673229428641e+00 7.508329841317480380e+00
8.280243368146949834e+00 7.506810980121823462e+00
8.358370922558115979e+00 7.504682740777847805e+00
8.436607891897399014e+00 7.501944059021026234e+00
8.514949823676513319e+00 7.498593902378246412e+00
8.593392257712704208e+00 7.494631270224814124e+00
8.671930726357393482e+00 7.490055193839735281e+00
8.750560754725194457e+00 7.484864736459286405e+00
8.829277860923268051e+00 7.479058993328904670e+00
8.908077556281016385e+00 7.472637091753298932e+00
8.986955345580097898e+00 7.465598191144942497e+00
9.065906727284740896e+00 7.457941483070774424e+00
9.144927193772378615e+00 7.449666191297234619e+00
9.224012231564540087e+00 7.440771571833575848e+00
9.303157321558032322e+00 7.431256912973466022e+00
9.382357939256399604e+00 7.421121535334879837e+00
9.461609555001587069e+00 7.410364791898273573e+00
9.540907634205900933e+00 7.398986068043077680e+00
9.620247637584119715e+00 7.386984781582424553e+00
9.699625021385894996e+00 7.374360382796231406e+00
9.779035237628324495e+00 7.361112354462516549e+00
9.858473734328672577e+00 7.347240211887034356e+00
9.937935955737328797e+00 7.332743502931201363e+00
1.001741734257090144e+01 7.317621808038315301e+00
1.009691333224546561e+01 7.301874740258026186e+00
1.017641935910996231e+01 7.285501945269161617e+00
1.025593085467970766e+01 7.268503101400785482e+00
1.033544324787003177e+01 7.250877919651602888e+00
1.041495196522999578e+01 7.232626143707585165e+00
1.049445243117628301e+01 7.213747549957974847e+00
1.057394006822701904e+01 7.194241947509508961e+00
1.065341029723585109e+01 7.174109178198975201e+00
1.073285853762588893e+01 7.153349116604068136e+00
1.081228020762382336e+01 7.131961670052513469e+00
1.089167072449404827e+01 7.109946778629494979e+00
1.097102550477275074e+01 7.087304415183409034e+00
1.105033996450205436e+01 7.064034585329874716e+00
1.112960951946416088e+01 7.040137327454067062e+00
1.120882958541542962e+01 7.015612712711341459e+00
1.128799557832047995e+01 6.990460845026182035e+00
1.136710291458622812e+01 6.964681861089403903e+00
1.144614701129584766e+01 6.938275930353712262e+00
1.152512328644269246e+01 6.911243255027524235e+00
1.160402715916415595e+01 6.883584070067130689e+00
1.168285404997538990e+01 6.855298643167136774e+00
1.176159938100296642e+01 6.826387274749228240e+00
1.184025857621839961e+01 6.796850297949251996e+00
1.191882706167153216e+01 6.766688078602586032e+00
1.199730026572384567e+01 6.735901015227856448e+00
1.207567361928152394e+01 6.704489539008928745e+00
1.215394255602841866e+01 6.672454113775271978e+00
1.223210251265883919e+01 6.639795235980575860e+00
1.231014892911012382e+01 6.606513434679758490e+00
1.238807724879503525e+01 6.572609271504237682e+00
1.246588291883393218e+01 6.538083340635560070e+00
1.254356139028672956e+01 6.502936268777368412e+00
1.262110811838461011e+01 6.467168715125649392e+00
1.269851856276150315e+01 6.430781371337389807e+00
1.277578818768531121e+01 6.393774961497485698e+00
1.285291246228881334e+01 6.356150242084062540e+00
1.292988686080037297e+01 6.317908001932070583e+00
1.300670686277427102e+01 6.279049062195276143e+00
1.308336795332078140e+01 6.239574276306579570e+00
1.315986562333588772e+01 6.199484529936654553e+00
1.323619536973074418e+01 6.158780740950997590e+00
1.331235269566067281e+01 6.117463859365261492e+00
1.338833311075395471e+01 6.075534867299015929e+00
1.346413213134011677e+01 6.032994778927804447e+00
1.353974528067794836e+01 5.989844640433633849e+00
1.361516808918307397e+01 5.946085529953744953e+00
1.369039609465511020e+01 5.901718557527839693e+00
1.376542484250447629e+01 5.856744865043625126e+00
1.384024988597872330e+01 5.811165626180777366e+00
1.391486678638845476e+01 5.764982046353222422e+00
1.398927111333277651e+01 5.718195362649882263e+00
1.406345844492433095e+01 5.670806843773741335e+00
1.413742436801381430e+01 5.622817789979361436e+00
1.421116447841401609e+01 5.574229533008717041e+00
1.428467438112345533e+01 5.525043436025549148e+00
1.435794969054935599e+01 5.475260893547991614e+00
1.443098603073022268e+01 5.424883331379693807e+00
1.450377903555788706e+01 5.373912206539328551e+00
1.457632434899894669e+01 5.322349007188523551e+00
1.464861762531570122e+01 5.270195252558182553e+00
1.472065452928656804e+01 5.217452492873285941e+00
1.479243073642579631e+01 5.164122309276099720e+00
1.486394193320275114e+01 5.110206313747783113e+00
1.493518381726051736e+01 5.055706149028491581e+00
1.500615209763387981e+01 5.000623488535886452e+00
1.507684249496674589e+01 4.944960036282118665e+00
1.514725074172896058e+01 4.888717526789260859e+00
1.521737258243235402e+01 4.831897725003156729e+00
1.528720377384625806e+01 4.774502426205812888e+00
1.535674008521237965e+01 4.716533455926206209e+00
1.542597729845888210e+01 4.657992669849562617e+00
1.549491120841386760e+01 4.598881953725150851e+00
1.556353762301820254e+01 4.539203223272525456e+00
1.563185236353751684e+01 4.478958424086290080e+00
1.569985126477363302e+01 4.418149531539344643e+00
1.576753017527515155e+01 4.356778550684634155e+00
1.583488495754736647e+01 4.294847516155379630e+00
1.590191148826141720e+01 4.232358492063889699e+00
1.596860565846269608e+01 4.169313571898820570e+00
1.603496337377846359e+01 4.105714878420998915e+00
1.610098055462468380e+01 4.041564563557773937e+00
1.616665313641213686e+01 3.976864808295878628e+00
1.623197706975161836e+01 3.911617822572892589e+00
1.629694832065845844e+01 3.845825845167167856e+00
1.636156287075612781e+01 3.779491143586408253e+00
1.642581671747902661e+01 3.712616013954741057e+00
1.648970587427450241e+01 3.645202780898357364e+00
1.655322637080395509e+01 3.577253797429796212e+00
1.661637425314307492e+01 3.508771444830717012e+00
1.667914558398124214e+01 3.439758132533333068e+00
1.674153644282005970e+01 3.370216298000401789e+00
1.680354292617098011e+01 3.300148406603828022e+00
1.686516114775199782e+01 3.229556951501882711e+00
1.692638723868347839e+01 3.158444453515013350e+00
1.698721734768308167e+01 3.086813461000303960e+00
1.704764764125968668e+01 3.014666549724552169e+00
1.710767430390647448e+01 2.942006322735977175e+00
1.716729353829298432e+01 2.868835410234587435e+00
1.722650156545622835e+01 2.795156469441175684e+00
1.728529462499089675e+01 2.720972184464991006e+00
1.734366897523849005e+01 2.646285266170072870e+00
1.740162089347558805e+01 2.571098452040257332e+00
1.745914667610097837e+01 2.495414506042854086e+00
1.751624263882190391e+01 2.419236218491024992e+00
1.757290511683929068e+01 2.342566405904844551e+00
1.762913046503183168e+01 2.265407910871101382e+00
1.768491505813920384e+01 2.187763601901736354e+00
1.774025529094410558e+01 2.109636373291068789e+00
1.779514757845335993e+01 2.031029144971724154e+00
1.784958835607788075e+01 1.951944862369294320e+00
1.790357407981161231e+01 1.872386496255742827e+00
1.795710122640931772e+01 1.792357042601566919e+00
1.801016629356348631e+01 1.711859522426688374e+00
1.806276580007986965e+01 1.630896981650170163e+00
1.811489628605210456e+01 1.549472490938650360e+00
1.816655431303522406e+01 1.467589145553603203e+00
1.821773646421793913e+01 1.385250065197334290e+00
1.826843934459391505e+01 1.302458393857857555e+00
1.831865958113179005e+01 1.219217299652503916e+00
1.836839382294420275e+01 1.135529974670405284e+00
1.841763874145554070e+01 1.051399634813760642e+00
1.846639103056856257e+01 9.668295196379628198e-01
1.851464740682991916e+01 8.818228921905626461e-01
1.856240460959437044e+01 7.963830388490837908e-01
1.860965940118800077e+01 7.105132691577046300e-01
1.865640856707001660e+01 6.242169156627851434e-01
1.870264891599359203e+01 5.374973337473097912e-01
1.874837728016531102e+01 4.503579014641906908e-01
1.879359051540346215e+01 3.628020193684740047e-01
1.883828550129517510e+01 2.748331103484743521e-01
1.888245914135222847e+01 1.864546194557633318e-01
1.892610836316572787e+01 9.767001373416288323e-02
1.896923011855939123e+01 8.482782047606282974e-03
1.901182138374176134e+01 -8.110356509302034389e-02
1.905387915945700428e+01 -1.710854957040891799e-01
1.909540047113457817e+01 -2.614594565045195718e-01
1.913638236903750567e+01 -3.522218730920503860e-01
1.917682192840944921e+01 -4.433691501205352936e-01
1.921671624962051084e+01 -5.348976714782571751e-01
1.925606245831164642e+01 -6.268038004672910057e-01
1.929485770553788981e+01 -7.190838799837621087e-01
1.933309916791018779e+01 -8.117342326991596746e-01
1.937078404773598095e+01 -9.047511612426100136e-01
1.940790957315846299e+01 -9.981309483840906660e-01
1.944447299829442954e+01 -1.091869857218590756e+00
1.948047160337092265e+01 -1.185964131351282536e+00
1.951590269486046125e+01 -1.280409995083519270e+00
1.955076360561491455e+01 -1.375203653599849085e+00
1.958505169499805731e+01 -1.470341293155884577e+00
1.961876434901682487e+01 -1.565819081267110446e+00
1.965189898045105110e+01 -1.661633166898549563e+00
1.968445302898201277e+01 -1.757779680655351617e+00
1.971642396131947095e+01 -1.854254734974207341e+00
1.974780927132738029e+01 -1.951054424315688429e+00
1.977860648014826950e+01 -2.048174825357366835e+00
1.980881313632610130e+01 -2.145611997187836462e+00
1.983842681592785340e+01 -2.243361981501523328e+00
1.986744512266365703e+01 -2.341420802794371703e+00
1.989586568800549671e+01 -2.439784468560265651e+00
1.992368617130457054e+01 -2.538448969488317886e+00
1.995090425990712646e+01 -2.637410279660917567e+00
1.997751766926902306e+01 -2.736664356752564586e+00
2.000352414306868454e+01 -2.836207142229485445e+00
2.002892145331879092e+01 -2.936034561549984101e+00
2.005370740047640155e+01 -3.036142524365556650e+00
2.007787981355176044e+01 -3.136526924722744525e+00
2.010143655021546394e+01 -3.237183641265715561e+00
2.012437549690447014e+01 -3.338108537439583134e+00
2.014669456892631416e+01 -3.439297461694365676e+00
2.016839171056213686e+01 -3.540746247689715798e+00
2.018946489516808285e+01 -3.642450714500292008e+00
2.020991212527531289e+01 -3.744406666821839202e+00
2.022973143268851359e+01 -3.846609895177886873e+00
2.024892087858292911e+01 -3.949056176127145434e+00
2.026747855359991846e+01 -4.051741272471496735e+00
2.028540257794098167e+01 -4.154660933464693784e+00
2.030269110146043232e+01 -4.257810895021593822e+00
2.031934230375639316e+01 -4.361186879928053095e+00
2.033535439426041336e+01 -4.464784598051402043e+00
2.035072561232556509e+01 -4.568599746551524454e+00
2.036545422731300192e+01 -4.672628010092512163e+00
2.037953853867708531e+01 -4.776865061054851758e+00
2.039297687604888054e+01 -4.881306559748240126e+00
2.040576759931825279e+01 -4.985948154624832540e+00
2.041790909871436455e+01 -5.090785482493162206e+00
2.042939979488473057e+01 -5.195814168732479033e+00
2.044023813897268482e+01 -5.301029827507624859e+00
2.045042261269329487e+01 -5.406428061984429156e+00
2.045995172840788001e+01 -5.512004464545600335e+00
2.046882402919683841e+01 -5.617754617007064688e+00
2.047703808893104593e+01 -5.723674090834775185e+00
2.048459251234164569e+01 -5.829758447362003437e+00
2.049148593508837024e+01 -5.936003238007094396e+00
2.049771702382629357e+01 -6.042404004491560343e+00
2.050328447627095585e+01 -6.148956279058735319e+00
2.050818702126208493e+01 -6.255655584692734195e+00
2.051242341882565512e+01 -6.362497435337841623e+00
2.051599246023444323e+01 -6.469477336118335309e+00
2.051889296806706042e+01 -6.576590783558630804e+00
2.052112379626528949e+01 -6.683833265803832191e+00
2.052268383019007914e+01 -6.791200262840616730e+00
2.052357198667577975e+01 -6.898687246718476551e+00
2.052378721408295448e+01 -7.006289681771320943e+00
2.052332849234949563e+01 -7.114003024839314904e+00
2.052219483304036274e+01 -7.221822725491181316e+00
2.052038527939556900e+01 -7.329744226246621253e+00
2.051789890637670410e+01 -7.437762962799217448e+00
2.051473482071184051e+01 -7.545874364239447907e+00
2.051089216093890144e+01 -7.654073853278059225e+00
2.050637009744747274e+01 -7.762356846469696592e+00
2.050116783251894503e+01 -7.870718754436751396e+00
2.049528460036527377e+01 -7.979154982093459303e+00
2.048871966716588489e+01 -8.087660928870210597e+00
2.048147233110329424e+01 -8.196231988938082580e+00
2.047354192239696147e+01 -8.304863551433573576e+00
2.046492780333568717e+01 -8.413551000683581194e+00
2.045562936830824796e+01 -8.522289716430405448e+00
2.044564604383272410e+01 -8.631075074057097396e+00
2.043497728858401885e+01 -8.739902444812889470e+00
2.042362259341989628e+01 -8.848767196038727079e+00
2.041158148140545592e+01 -8.957664691393052436e+00
2.039885350783596962e+01 -9.066590291077570640e+00
2.038543826025817651e+01 -9.175539352063260878e+00
2.037133535849005384e+01 -9.284507228316400074e+00
2.035654445463881856e+01 -9.393489271024732190e+00
2.034106523311761805e+01 -9.502480828823694381e+00
2.032489741066043365e+01 -9.611477248022703535e+00
2.030804073633546025e+01 -9.720473872831504991e+00
2.029049499155699010e+01 -9.829466045586642053e+00
2.027225999009558421e+01 -9.938449106977817138e+00
2.025333557808678009e+01 -1.004741839627441102e+01
2.023372163403815804e+01 -1.015636925155195058e+01
2.021341806883487635e+01 -1.026529700991863336e+01
2.019242482574355435e+01 -1.037419700774172604e+01
2.017074188041470961e+01 -1.048306458087416182e+01
2.014836924088346848e+01 -1.059189506488085897e+01
2.012530694756884486e+01 -1.070068379526516722e+01
2.010155507327133151e+01 -1.080942610769524848e+01
2.007711372316903464e+01 -1.091811733823032426e+01
2.005198303481212463e+01 -1.102675282354691078e+01
2.002616317811579805e+01 -1.113532790116494375e+01
1.999965435535166591e+01 -1.124383790967387498e+01
1.997245680113749344e+01 -1.135227818895854135e+01
1.994457078242553294e+01 -1.146064408042505001e+01
1.991599659848915493e+01 -1.156893092722645022e+01
1.988673458090795165e+01 -1.167713407448835206e+01
1.985678509355133059e+01 -1.178524886953427142e+01
1.982614853256051290e+01 -1.189327066211098582e+01
1.979482532632898639e+01 -1.200119480461358457e+01
1.976281593548138460e+01 -1.210901665231041058e+01
1.973012085285085249e+01 -1.221673156356780865e+01
1.969674060345482047e+01 -1.232433490007463739e+01
1.966267574446929345e+01 -1.243182202706664441e+01
1.962792686520149132e+01 -1.253918831355054309e+01
1.959249458706107916e+01 -1.264642913252793655e+01
1.955637956352974172e+01 -1.275353986121893080e+01
1.951958248012930497e+01 -1.286051588128556666e+01
1.948210405438823045e+01 -1.296735257905492311e+01
1.944394503580670630e+01 -1.307404534574201094e+01
1.940510620582005430e+01 -1.318058957767236627e+01
1.936558837776075492e+01 -1.328698067650432968e+01
1.932539239681881327e+01 -1.339321404945106586e+01
1.928451914000075362e+01 -1.349928510950222993e+01
1.924296951608692297e+01 -1.360518927564535119e+01
1.920074446558744796e+01 -1.371092197308690785e+01
1.915784496069650444e+01 -1.381647863347293459e+01
1.911427200524527237e+01 -1.392185469510947371e+01
1.907002663465319259e+01 -1.402704560318249172e+01
1.902510991587787359e+01 -1.413204680997753471e+01
1.897952294736334977e+01 -1.423685377509894323e+01
1.893326685898702522e+01 -1.434146196568874565e+01
1.888634281200494058e+01 -1.444586685664504877e+01
1.883875199899565800e+01 -1.455006393084010874e+01
1.879049564380263959e+01 -1.465404867933799693e+01
1.874157500147509836e+01 -1.475781660161170983e+01
1.869199135820744573e+01 -1.486136320575998937e+01
1.864174603127718655e+01 -1.496468400872362103e+01
1.859084036898137882e+01 -1.506777453650126475e+01
1.853927575057162969e+01 -1.517063032436487546e+01
1.848705358618760286e+01 -1.527324691707457127e+01
1.843417531678908716e+01 -1.537561986909311429e+01
1.838064241408658006e+01 -1.547774474479979112e+01
1.832645638047044301e+01 -1.557961711870385280e+01
1.827161874893860016e+01 -1.568123257565745909e+01
1.821613108302277695e+01 -1.578258671106803313e+01
1.815999497671331397e+01 -1.588367513111014162e+01
1.810321205438252434e+01 -1.598449345293681212e+01
1.804578397070667251e+01 -1.608503730489030659e+01
1.798771241058640769e+01 -1.618530232671230351e+01
1.792899908906590767e+01 -1.628528416975357729e+01
1.786964575125053045e+01 -1.638497849718304877e+01
1.780965417222300573e+01 -1.648438098419627451e+01
1.774902615695837582e+01 -1.658348731822331956e+01
1.768776354023729525e+01 -1.668229319913603348e+01
1.762586818655812237e+01 -1.678079433945473298e+01
1.756334199004756513e+01 -1.687898646455426999e+01
1.750018687436987008e+01 -1.697686531286941758e+01
1.743640479263466148e+01 -1.707442663609963418e+01
1.737199772730340541e+01 -1.717166619941325578e+01
1.730696769009453106e+01 -1.726857978165092788e+01
1.724131672188706332e+01 -1.736516317552842992e+01
1.717504689262303330e+01 -1.746141218783882110e+01
1.710816030120836118e+01 -1.755732263965386863e+01
1.704065907541254177e+01 -1.765289036652486843e+01
1.697254537176684508e+01 -1.774811121868266639e+01
1.690382137546123431e+01 -1.784298106123706518e+01
