npts 513 dfreq 1.000000000000000021e-02
0.000000000000000000e+00 -0.000000000000000000e+00
-4.404890228789104611e+01 -2.363291606514852461e+01
-4.283293296504176340e+01 2.654450384281248603e+02
4.528175850784637646e+02 1.081743557966961191e+02
2.734358732735059334e+02 -4.185298898381271329e+02
-1.753269557010148958e+02 -3.822990404399741351e+02
-2.961431999921881584e+02 -9.466033224530181656e+01
-1.997964010947266331e+02 7.956646858029287728e+01
-8.363607521954418189e+01 1.176048259060501806e+02
-1.303909729699024922e+01 9.503853230605874103e+01
1.716981160847483423e+01 6.157970200486499834e+01
2.501519854942617727e+01 3.497035067593373014e+01
2.333496192442433070e+01 1.769810809821962039e+01
1.873892795419346413e+01 7.641079210329417393e+00
1.401606676450706956e+01 2.231526414995877783e+00
1.009157595934804164e+01 -4.488495068732958337e-01
7.110890733853032941e+00 -1.621220316294319730e+00
4.948075545247040630e+00 -2.003527206588439746e+00
3.417215930333004081e+00 -1.997577721023103825e+00
2.348408494804686608e+00 -1.819776064072266442e+00
1.607666782852456899e+00 -1.582150842226263565e+00
1.096178058719887272e+00 -1.339673683825481687e+00
7.435602872582373069e-01 -1.116954898460313039e+00
5.006155159670022670e-01 -9.229572820706825054e-01
3.332933722296932411e-01 -7.589501738534574216e-01
2.181370193946413905e-01 -6.227212107121570250e-01
1.390107245933716595e-01 -5.107459655542165855e-01
8.480886293821104926e-02 -4.192587229180525510e-01
4.787454594490239690e-02 -3.447420077040912467e-01
2.291594995284908579e-02 -2.841161821453347391e-01
6.265935236794004798e-03 -2.347803328416458446e-01
-4.623631916506313992e-03 -1.945845237549868045e-01
-1.152774385503760671e-02 -1.617748536377398294e-01
-1.568540769712285093e-02 -1.349319661839296636e-01
-1.796278495594168592e-02 -1.129126273328375230e-01
-1.896582193232045424e-02 -9.479825449697183715e-02
-1.911830561730503211e-02 -7.985141295590870991e-02
-1.871616685459660118e-02 -6.747994746756717788e-02
-1.796540107086321697e-02 -5.720786343210860353e-02
-1.700864376872859504e-02 -4.865191761211862254e-02
-1.594385685747258530e-02 -4.150291303210333627e-02
-1.483750688568762598e-02 -3.551080614842942740e-02
-1.373388258064064602e-02 -3.047287100816683386e-02
-1.266169635699263864e-02 -2.622429836476178333e-02
-1.163876848432799163e-02 -2.263072636412254493e-02
-1.067535348031256777e-02 -1.958230001144060928e-02
-9.776502306303782100e-03 -1.698893946459786863e-02
-8.943738223664924811e-03 -1.477656416080545647e-02
-8.176243158549107576e-03 -1.288407326505188258e-02
-7.471694480274063653e-03 -1.126092531132832052e-02
-6.826851917483338535e-03 -9.865193325386920065e-03
-6.237965878287382755e-03 -8.661997986523223628e-03
-5.701058215207854309e-03 -7.622242000957064716e-03
-5.212112054873055400e-03 -6.721585027787354422e-03
-4.767196999654249590e-03 -5.939611181492414002e-03
-4.362548613738965846e-03 -5.259151091371990806e-03
-3.994615791304770812e-03 -4.665728323692413214e-03
-3.660085776820286903e-03 -4.147106132185077350e-03
-3.355893846447109870e-03 -3.692915360135200480e-03
-3.079222665483452148e-03 -3.294348155550074451e-03
-2.827494895706849677e-03 -2.943905200216808543e-03
-2.598361584878029675e-03 -2.635186565575370257e-03
-2.389688118222347332e-03 -2.362718227150308742e-03
-2.199538968857724531e-03 -2.121807799344890486e-03
-2.026162093390328645e-03 -1.908424275437323701e-03
-1.867973538597820192e-03 -1.719097537641595249e-03
-1.723542625030556824e-03 -1.550834189329851559e-03
-1.591577931499940386e-03 -1.401046895446320367e-03
-1.470914204783860041e-03 -1.267494928884623168e-03
-1.360500249796331787e-03 -1.148234034715648038e-03
-1.259387808433525251e-03 -1.041574060080549232e-03
-1.166721404116200693e-03 -9.460430707217894631e-04
-1.081729109173669694e-03 -8.603568977715334931e-04
-1.003714180360884166e-03 -7.833932403187806757e-04
-9.320475015708801821e-04 -7.141695982353648501e-04
-8.661607704607185952e-04 -6.518244320015255475e-04
-8.055403659937700016e-04 -5.956010468457033878e-04
-7.497218359106809114e-04 -5.448337814306110751e-04
-6.982849462302553618e-04 -4.989361498276515417e-04
-6.508492385927228379e-04 -4.573906422492631679e-04
-6.070700452718215834e-04 -4.197399370792155755e-04
-5.666349157792677357e-04 -3.855793158794414621e-04
-5.292604130179047461e-04 -3.545501056614775858e-04
-4.946892408127087290e-04 -3.263339999346779674e-04
-4.626876683034824157e-04 -3.006481328161712948e-04
-4.330432200871668961e-04 -2.772407995735941787e-04
-4.055626041374525118e-04 -2.558877329982799098e-04
-3.800698524030681293e-04 -2.363888584891663664e-04
-3.564046516007729026e-04 -2.185654620909320794e-04
-3.344208440865729221e-04 -2.022577153240203796e-04
-3.139850808243456123e-04 -1.873225087590358153e-04
-2.949756103916994793e-04 -1.736315531634750051e-04
-2.772811896859085179e-04 -1.610697128840307365e-04
-2.608001035355196726e-04 -1.495335410884947899e-04
-2.454392818023575645e-04 -1.389299907154782263e-04
-2.311135037900360228e-04 -1.291752785829840288e-04
-2.177446808734801766e-04 -1.201938831845462003e-04
-2.052612092429885622e-04 -1.119176593348062272e-04
-1.935973855285786488e-04 -1.042850550827063627e-04
-1.826928788470611029e-04 -9.724041824672784379e-05
-1.724922535058209913e-04 -9.073338159066732191e-05
-1.629445372129014055e-04 -8.471831709064506634e-05
-1.540028301910000995e-04 -7.915385097842460088e-05
-1.456239510808935366e-04 -7.400243231151614864e-05
-1.377681159542235988e-04 -6.922994874131871293e-05
-1.303986471424955639e-04 -6.480538394744144045e-05
-1.234817089338126881e-04 -6.070051189690511156e-05
-1.169860674960348379e-04 -5.688962368613909433e-05
-1.108828726588789693e-04 -5.334928324429375602e-05
-1.051454594316909440e-04 -5.005810862927354595e-05
-9.974916735151468197e-05 -4.699657604235276981e-05
-9.467117595059292413e-05 -4.414684403122478125e-05
-8.989035480614631789e-05 -4.149259565166675236e-05
-8.538712679050248220e-05 -3.901889662053086445e-05
-8.114334327842056031e-05 -3.671206772251845362e-05
-7.714217019259641292e-05 -3.455956993448107135e-05
-7.336798387944162695e-05 -3.254990090754493172e-05
-6.980627590672757495e-05 -3.067250160237837420e-05
-6.644356596385042504e-05 -2.891767200919715086e-05
-6.326732212540863874e-05 -2.727649500401447383e-05
-6.026588781050466450e-05 -2.574076749827740979e-05
-5.742841483455906460e-05 -2.430293813217580985e-05
-5.474480200824986055e-05 -2.295605084413185793e-05
-5.220563879016477910e-05 -2.169369372162731336e-05
-4.980215354648833109e-05 -2.050995260277908136e-05
-4.752616601310839670e-05 -1.939936895496139591e-05
-4.537004359339443210e-05 -1.835690160718159535e-05
-4.332666115902077261e-05 -1.737789195763060886e-05
-4.138936405196948492e-05 -1.645803231752792010e-05
-3.955193401359339775e-05 -1.559333708765627162e-05
-3.780855779166792432e-05 -1.478011649535909408e-05
-3.615379819898095542e-05 -1.401495264770505702e-05
-3.458256741745360113e-05 -1.329467768141219735e-05
-3.309010236027033508e-05 -1.261635381231743553e-05
-3.167194192122585358e-05 -1.197725510698736774e-05
-3.032390595563779379e-05 -1.137485081675973225e-05
-2.904207585089465103e-05 -1.080679013032531995e-05
-2.782277655714285826e-05 -1.027088821511386359e-05
-2.666255995989526853e-05 -9.765113430422254942e-06
-2.555818948657879002e-05 -9.287575606582103538e-06
-2.450662584833212149e-05 -8.836515294650702370e-06
-2.350501382680824161e-05 -8.410293900252998654e-06
-2.255067002341253144e-05 -8.007384623415485331e-06
-2.164107149538875999e-05 -7.626364133615580099e-06
-2.077384520951972930e-05 -7.265904915911766919e-06
-1.994675824999498655e-05 -6.924768229998433326e-06
-1.915770872226974745e-05 -6.601797629415552482e-06
-1.840471729954540569e-05 -6.295912992999406394e-06
-1.768591936288408818e-05 -6.006105025040743865e-06
-1.699955768997123761e-05 -5.731430184571907431e-06
-1.634397565119151288e-05 -5.471006007776811468e-06
-1.571761087502053953e-05 -5.224006790747374167e-06
-1.511898934778507080e-05 -4.989659602731646359e-06
-1.454671991563272379e-05 -4.767240602663157736e-06
-1.399948915910538670e-05 -4.556071634156615232e-06
-1.347605661304614093e-05 -4.355517076325992232e-06
-1.297525030670953497e-05 -4.164980929749904207e-06
-1.249596260090644823e-05 -3.983904118696251760e-06
-1.203714630081199220e-05 -3.811761992340307193e-06
-1.159781102471490970e-05 -3.648062009184907292e-06
-1.117701981049983876e-05 -3.492341590231568532e-06
-1.077388594304378380e-05 -3.344166127670519057e-06
-1.038756998698485415e-05 -3.203127136967570874e-06
-1.001727701049430814e-05 -3.068840541236285505e-06
-9.662253986762208064e-06 -2.940945077705098193e-06
-9.321787360898931655e-06 -2.819100816928660910e-06
-8.995200770868701652e-06 -2.702987786158945469e-06
-8.681852911911728279e-06 -2.592304688990801759e-06
-8.381135534686897601e-06 -2.486767714035497502e-06
-8.092471568080343840e-06 -2.386109425959188688e-06
-7.815313358284020225e-06 -2.290077732757017493e-06
-7.549141016355260851e-06 -2.198434923621488128e-06
-7.293460867028759473e-06 -2.110956772210492016e-06
-7.047803992069902844e-06 -2.027431700529514669e-06
-6.811724861935855167e-06 -1.947659999017115420e-06
-6.584800049952544990e-06 -1.871453098766453969e-06
-6.366627023623697929e-06 -1.798632892130563473e-06
-6.156823008065335565e-06 -1.729031098248087934e-06
-5.955023916908596666e-06 -1.662488670291643766e-06
-5.760883346336586880e-06 -1.598855241484527416e-06
-5.574071628220261302e-06 -1.537988607155445368e-06
-5.394274938595599370e-06 -1.479754240306832630e-06
-5.221194457980836827e-06 -1.424024838361499622e-06
-5.054545580270983007e-06 -1.370679898926699774e-06
-4.894057167167204752e-06 -1.319605322574925592e-06
-4.739470845303738513e-06 -1.270693040788481498e-06
-4.590540343424978291e-06 -1.223840667350949960e-06
-4.447030867141785903e-06 -1.178951171594041429e-06
-4.308718508960099715e-06 -1.135932572024042601e-06
-4.175389691427086565e-06 -1.094697648958731625e-06
-4.046840641381687751e-06 -1.055163674904165339e-06
-3.922876893427944859e-06 -1.017252161491625106e-06
-3.803312820871946297e-06 -9.808886218790725156e-07
-3.687971192477115228e-06 -9.460023475990586167e-07
-3.576682753498560632e-06 -9.125261989068278667e-07
-3.469285829555917592e-06 -8.803964077487123918e-07
-3.365625951996057196e-06 -8.495523925323597594e-07
-3.265555503482680209e-06 -8.199365839371565263e-07
-3.168933382629716507e-06 -7.914942610558914695e-07
-3.075624686569825546e-06 -7.641733972074246911e-07
-2.985500410418798551e-06 -7.379245148053555869e-07
-2.898437162661419211e-06 -7.127005487095595515e-07
-2.814316895544769958e-06 -6.884567175263094947e-07
-2.733026649621550159e-06 -6.651504023587735892e-07
-2.654458311638538145e-06 -6.427410325431006728e-07
-2.578508385014701729e-06 -6.211899779363832120e-07
-2.505077772199454872e-06 -6.004604473516381031e-07
-2.434071568244572195e-06 -5.805173927617333169e-07
-2.365398864963568111e-06 -5.613274189191220837e-07
-2.298972565089906869e-06 -5.428586980613758158e-07
-2.234709205880721359e-06 -5.250808893940888380e-07
-2.172528791645614330e-06 -5.079650630627381948e-07
-2.112354634710990417e-06 -4.914836283437488228e-07
-2.054113204359318567e-06 -4.756102658023925278e-07
-1.997733983309754527e-06 -4.603198631813096403e-07
-1.943149331331930177e-06 -4.455884547985210528e-07
-1.890294355608537576e-06 -4.313931642478453771e-07
-1.839106787484612378e-06 -4.177121502077274353e-07
-1.789526865262327077e-06 -4.045245551766979861e-07
-1.741497222719773504e-06 -3.918104569650774960e-07
-1.694962783050563912e-06 -3.795508227831597788e-07
-1.649870657938454316e-06 -3.677274657760587734e-07
-1.606170051497319369e-06 -3.563230038646279836e-07
-1.563812168822151409e-06 -3.453208207605621937e-07
-1.522750128911022463e-06 -3.347050290318443933e-07
-1.482938881731420289e-06 -3.244604351022801528e-07
-1.444335129217013799e-06 -3.145725060759099564e-07
-1.406897249992826487e-06 -3.050273382837212602e-07
-1.370585227637940260e-06 -2.958116274562395524e-07
-1.335360582305413725e-06 -2.869126404313833061e-07
-1.301186305528970497e-06 -2.783181883123654865e-07
-1.268026798055361846e-06 -2.700166009955073210e-07
-1.235847810550061597e-06 -2.619967029925696629e-07
-1.204616387032214059e-06 -2.542477904766551060e-07
-1.174300810902558816e-06 -2.467596094849109355e-07
-1.144870553435362072e-06 -2.395223352151557554e-07
-1.116296224612309818e-06 -2.325265523572280898e-07
-1.088549526182827526e-06 -2.257632364032841029e-07
-1.061603206841440743e-06 -2.192237358844985080e-07
-1.035431019418559046e-06 -2.128997554846389454e-07
-1.010007679986556083e-06 -2.067833399838342127e-07
-9.853088287881558560e-07 -2.008668589885123665e-07
-9.613109928990065401e-07 -1.951429924059900251e-07
-9.379915505409146129e-07 -1.896047166245494584e-07
-9.153286969665413146e-07 -1.842452913620394740e-07
-8.933014118404723809e-07 -1.790582471481242617e-07
-8.718894280454165802e-07 -1.740373734072432386e-07
-8.510732018459740253e-07 -1.691767071111922146e-07
-8.308338843458371364e-07 -1.644705219719522814e-07
-8.111532941775710791e-07 -1.599133181470214933e-07
-7.920138913672048654e-07 -1.554998124310343037e-07
-7.733987523187707939e-07 -1.512249289088851024e-07
-7.552915458667109272e-07 -1.470837900469343086e-07
-7.376765103466614334e-07 -1.430717082001452548e-07
-7.205384316376024544e-07 -1.391841775142014002e-07
-7.038626221307179224e-07 -1.354168662027892609e-07
-6.876349005824868338e-07 -1.317656091812928452e-07
-6.718415728116723898e-07 -1.282264010391567168e-07
-6.564694132018068599e-07 -1.247953893341138749e-07
-6.415056469727147035e-07 -1.214688681923822373e-07
-6.269379331863282370e-07 -1.182432721997587605e-07
-6.127543484537997815e-07 -1.151151705693503910e-07
-5.989433713124848415e-07 -1.120812615724243000e-07
-5.854938672428817567e-07 -1.091383672195679754e-07
-5.723950742970861539e-07 -1.062834281800227482e-07
-5.596365893116444533e-07 -1.035134989276810338e-07
-5.472083546790073912e-07 -1.008257431028360465e-07
-5.351006456530185462e-07 -9.821742907933826056e-08
-5.233040581650127489e-07 -9.568592572734003826e-08
-5.118094971282345978e-07 -9.322869836231839306e-08
-5.006081652093192002e-07 -9.084330487153847651e-08
-4.896915520465794051e-07 -8.852739200956974028e-08
-4.790514238957996700e-07 -8.627869185489533732e-08
-4.686798136851162420e-07 -8.409501842005231938e-08
-4.585690114614401191e-07 -8.197426440812531072e-08
-4.487115552116813969e-07 -7.991439810877513523e-08
-4.391002220428033996e-07 -7.791346042732390524e-08
-4.297280197054691624e-07 -7.596956204073959544e-08
-4.205881784467486197e-07 -7.408088067467319221e-08
-4.116741431780107239e-07 -7.224565849598566191e-08
-4.029795659447522098e-07 -7.046219961547860399e-08
-3.944982986857285048e-07 -6.872886769580229535e-08
-3.862243862693088865e-07 -6.704408365975992956e-08
-3.781520597955265538e-07 -6.540632349445941759e-08
-3.702757301528177401e-07 -6.381411614698778673e-08
-3.625899818189256447e-07 -6.226604150748965210e-08
-3.550895668959202472e-07 -6.076072847573171700e-08
-3.477693993697296567e-07 -5.929685310742337294e-08
-3.406245495850038605e-07 -5.787313683674269651e-08
-3.336502389265366141e-07 -5.648834477168538930e-08
-3.268418346988540253e-07 -5.514128405901686354e-08
-3.201948451959548351e-07 -5.383080231576019504e-08
-3.137049149535257357e-07 -5.255578612429650206e-08
-3.073678201762932440e-07 -5.131515958829273197e-08
-3.011794643335023507e-07 -5.010788294680463703e-08
-2.951358739157959744e-07 -4.893295124402275386e-08
-2.892331943470760338e-07 -4.778939305225154496e-08
-2.834676860451944555e-07 -4.667626924582160417e-08
-2.778357206255849618e-07 -4.559267182374126939e-08
-2.723337772422046181e-07 -4.453772277899733086e-08
-2.669584390603853543e-07 -4.351057301250837825e-08
-2.617063898564314223e-07 -4.251040128982803960e-08
-2.565744107390133602e-07 -4.153641323878090208e-08
-2.515593769876152407e-07 -4.058784038629712578e-08
-2.466582550035002936e-07 -3.966393923279179941e-08
-2.418680993688393528e-07 -3.876399036250826950e-08
-2.371860500098327421e-07 -3.788729758831690363e-08
-2.326093294598323140e-07 -3.703318712952887538e-08
-2.281352402186311628e-07 -3.620100682134883998e-08
-2.237611622042497328e-07 -3.539012535465195194e-08
-2.194845502936975490e-07 -3.459993154482939257e-08
-2.153029319493344038e-07 -3.382983362850241953e-08
-2.112139049275940627e-07 -3.307925858695793029e-08
-2.072151350669624342e-07 -3.234765149520945227e-08
-2.033043541522340475e-07 -3.163447489563558804e-08
-1.994793578521864615e-07 -3.093920819519398154e-08
-1.957380037279298312e-07 -3.026134708525264544e-08
-1.920782093093003258e-07 -2.960040298312224957e-08
-1.884979502367700631e-07 -2.895590249441326354e-08
-1.849952584664487681e-07 -2.832738689537898071e-08
-1.815682205358489829e-07 -2.771441163444261095e-08
-1.782149758881789491e-07 -2.711654585214061989e-08
-1.749337152530170215e-07 -2.653337191874751044e-08
-1.717226790813043455e-07 -2.596448498887903561e-08
-1.685801560326765209e-07 -2.540949257240030916e-08
-1.655044815132331135e-07 -2.486801412099493344e-08
-1.624940362619132255e-07 -2.433968062977686655e-08
-1.595472449837251168e-07 -2.382413425335512338e-08
-1.566625750281389092e-07 -2.332102793578416563e-08
-1.538385351110220503e-07 -2.283002505385831663e-08
-1.510736740785566698e-07 -2.235079907323008610e-08
-1.483665797116424093e-07 -2.188303321685512066e-08
-1.457158775693387110e-07 -2.142642014528573243e-08
-1.431202298699666925e-07 -2.098066164835681224e-08
-1.405783344085327491e-07 -2.054546834782473592e-08
-1.380889235091949665e-07 -2.012055941053976048e-08
-1.356507630115382981e-07 -1.970566227174852741e-08
-1.332626512894723432e-07 -1.930051236814049879e-08
-1.309234183016102955e-07 -1.890485288026756741e-08
-1.286319246720319953e-07 -1.851843448398169573e-08
-1.263870608003722957e-07 -1.814101511054920637e-08
-1.241877460002202601e-07 -1.777235971511508037e-08
-1.220329276648471898e-07 -1.741224005320289157e-08
-1.199215804593233805e-07 -1.706043446494941907e-08
-1.178527055381153911e-07 -1.671672766678498366e-08
-1.158253297872893400e-07 -1.638091055028155906e-08
-1.138385050904806638e-07 -1.605277998790280869e-08
-1.118913076178178191e-07 -1.573213864539978413e-08
-1.099828371370213738e-07 -1.541879480060714865e-08
-1.081122163459257525e-07 -1.511256216840372270e-08
-1.062785902256988142e-07 -1.481325973161097356e-08
-1.044811254140633985e-07 -1.452071157761211073e-08
-1.027190095978455432e-07 -1.423474674048228708e-08
-1.009914509242034840e-07 -1.395519904842946325e-08
-9.929767742991278977e-08 -1.368190697635300385e-08
-9.763693648810360490e-08 -1.341471350333419731e-08
-9.600849427187235084e-08 -1.315346597488095675e-08
-9.441163523420627561e-08 -1.289801596975510793e-08
-9.284566160368231132e-08 -1.264821917121759105e-08
-9.130989289541972458e-08 -1.240393524253340934e-08
-8.980366543678512935e-08 -1.216502770658401089e-08
-8.832633190736611401e-08 -1.193136382944079689e-08
-8.687726089274528501e-08 -1.170281450775867562e-08
-8.545583645162699083e-08 -1.147925415985479378e-08
-8.406145769588016023e-08 -1.126056062034162323e-08
-8.269353838307896603e-08 -1.104661503818946902e-08
-8.135150652113734589e-08 -1.083730177809774295e-08
-8.003480398464564059e-08 -1.063250832505880510e-08
-7.874288614253465694e-08 -1.043212519200306161e-08
-7.747522149670138243e-08 -1.023604583041752175e-08
-7.623129133124703024e-08 -1.004416654383462233e-08
-7.501058937198807180e-08 -9.856386404091718186e-09
-7.381262145591188618e-08 -9.672607170265143818e-09
-7.263690521026334611e-08 -9.492733210186981060e-09
-7.148296974095521183e-08 -9.316671424455243545e-09
-7.035035533000910055e-08 -9.144331172852179177e-09
-6.923861314174089316e-08 -8.975624203088013876e-09
-6.814730493741780711e-08 -8.810464581790977057e-09
-6.707600279811924817e-08 -8.648768627666937500e-09
-6.602428885554668250e-08 -8.490454846754985836e-09
-6.499175503053342204e-08 -8.335443869708021360e-09
-6.397800277901575113e-08 -8.183658391029900567e-09
-6.298264284523255286e-08 -8.035023110203100375e-09
-6.200529502193122132e-08 -7.889464674643525699e-09
-6.104558791736246364e-08 -7.746911624421020081e-09
-6.010315872885530386e-08 -7.607294338686689062e-09
-5.917765302277018534e-08 -7.470544983749955879e-09
-5.826872452063489756e-08 -7.336597462750576887e-09
-5.737603489127405511e-08 -7.205387366872619261e-09
-5.649925354874942779e-08 -7.076851928049344887e-09
-5.563805745593515748e-08 -6.950929973109859313e-09
-5.479213093355577493e-08 -6.827561879319916549e-09
-5.396116547452284448e-08 -6.706689531271195349e-09
-5.314485956340967752e-08 -6.588256279074778765e-09
-5.234291850090953778e-08 -6.472206897816218958e-09
-5.155505423312824090e-08 -6.358487548231142581e-09
-5.078098518556531299e-08 -6.247045738561499308e-09
-5.002043610164457629e-08 -6.137830287554374282e-09
-4.927313788565816703e-08 -6.030791288566239752e-09
-4.853882744999267531e-08 -5.925880074737035805e-09
-4.781724756651080226e-08 -5.823049185199580128e-09
-4.710814672196472847e-08 -5.722252332291037596e-09
-4.641127897732351591e-08 -5.623444369734448552e-09
-4.572640383089802977e-08 -5.526581261759153413e-09
-4.505328608515273670e-08 -5.431620053130296202e-09
-4.439169571709584664e-08 -5.338518840058428408e-09
-4.374140775214331546e-08 -5.247236741961285891e-09
-4.310220214135582546e-08 -5.157733874050818238e-09
-4.247386364194985916e-08 -5.069971320719336636e-09
-4.185618170098866718e-08 -4.983911109699647194e-09
-4.124895034216059182e-08 -4.899516186974872120e-09
-4.065196805555558279e-08 -4.816750392414377479e-09
-4.006503769035382555e-08 -4.735578436113172577e-09
-3.948796635034267874e-08 -4.655965875412825918e-09
-3.892056529218059249e-08 -4.577879092582626818e-09
-3.836264982632980246e-08 -4.501285273140569552e-09
-3.781403922058120944e-08 -4.426152384794264711e-09
-3.727455660609825559e-08 -4.352449156982693052e-09
-3.674402888590751477e-08 -4.280145061000213425e-09
-3.622228664576732136e-08 -4.209210290684965967e-09
-3.570916406734690639e-08 -4.139615743654335330e-09
-3.520449884365057467e-08 -4.071333003070658181e-09
-3.470813209662477844e-08 -4.004334319921172353e-09
-3.421990829688532775e-08 -3.938592595796261245e-09
-3.373967518550678194e-08 -3.874081366151122435e-09
-3.326728369781542475e-08 -3.810774784035992732e-09
-3.280258788913052777e-08 -3.748647604280875911e-09
-3.234544486239930154e-08 -3.687675168120985639e-09
-3.189571469767346842e-08 -3.627833388249681975e-09
-3.145326038337587406e-08 -3.569098734285983341e-09
-3.101794774930838033e-08 -3.511448218644342626e-09
-3.058964540135236825e-08 -3.454859382794499345e-09
-3.016822465781584650e-08 -3.399310283899932346e-09
-2.975355948738175000e-08 -3.344779481823510420e-09
-2.934552644861348875e-08 -3.291246026489493952e-09
-2.894400463097565321e-08 -3.238689445591341514e-09
-2.854887559732812370e-08 -3.187089732635052331e-09
-2.816002332785364732e-08 -3.136427335308149917e-09
-2.777733416538032928e-08 -3.086683144164771938e-09
-2.740069676206068386e-08 -3.037838481617506377e-09
-2.703000202737137518e-08 -2.989875091227066051e-09
-2.666514307739727835e-08 -2.942775127281021824e-09
-2.630601518536590672e-08 -2.896521144653193646e-09
-2.595251573339843003e-08 -2.851096088935557066e-09
-2.560454416544469893e-08 -2.806483286834675498e-09
-2.526200194137088290e-08 -2.762666436825099446e-09
-2.492479249216866247e-08 -2.719629600052184677e-09
-2.459282117625644541e-08 -2.677357191477236668e-09
-2.426599523684358616e-08 -2.635833971257940800e-09
-2.394422376032927585e-08 -2.595045036357340475e-09
-2.362741763570910698e-08 -2.554975812374828455e-09
-2.331548951496242626e-08 -2.515612045592773831e-09
-2.300835377439491224e-08 -2.476939795232655659e-09
-2.270592647691124144e-08 -2.438945425914728094e-09
-2.240812533519349413e-08 -2.401615600315440848e-09
-2.211486967576151660e-08 -2.364937272016983911e-09
-2.182608040389256854e-08 -2.328897678543581955e-09
-2.154167996937747180e-08 -2.293484334579179102e-09
-2.126159233309201501e-08 -2.258685025361512927e-09
-2.098574293436208441e-08 -2.224487800247516179e-09
-2.071405865910216880e-08 -2.190880966445305227e-09
-2.044646780870749222e-08 -2.157853082908085397e-09
-2.018290006967999811e-08 -2.125392954385439825e-09
-1.992328648396964948e-08 -2.093489625627616941e-09
-1.966755942001259565e-08 -2.062132375738578117e-09
-1.941565254444833186e-08 -2.031310712673653033e-09
-1.916750079449867950e-08 -2.001014367877839319e-09
-1.892304035099157339e-08 -1.971233291060806609e-09
-1.868220861201337411e-08 -1.941957645104894294e-09
-1.844494416717376700e-08 -1.913177801102395934e-09
-1.821118677246767719e-08 -1.884884333518621044e-09
-1.798087732571914920e-08 -1.857068015477251602e-09
-1.775395784259267238e-08 -1.829719814164685377e-09
-1.753037143315741052e-08 -1.802830886350094811e-09
-1.731006227899072003e-08 -1.776392574018064750e-09
-1.709297561080729512e-08 -1.750396400110749107e-09
-1.687905768660086720e-08 -1.724834064376561770e-09
-1.666825577028575623e-08 -1.699697439322570929e-09
-1.646051811082551901e-08 -1.674978566267700877e-09
-1.625579392183716344e-08 -1.650669651494151582e-09
-1.605403336165847139e-08 -1.626763062494277998e-09
-1.585518751386759752e-08 -1.603251324310448830e-09
-1.565920836824327737e-08 -1.580127115965352110e-09
-1.546604880215518599e-08 -1.557383266980352711e-09
-1.527566256237356787e-08 -1.535012753979539358e-09
-1.508800424728811620e-08 -1.513008697377200663e-09
-1.490302928952585751e-08 -1.491364358146487279e-09
-1.472069393895843003e-08 -1.470073134667133089e-09
-1.454095524608922483e-08 -1.449128559650133553e-09
-1.436377104581118989e-08 -1.428524297137356689e-09
-1.418909994152616176e-08 -1.408254139574094224e-09
-1.401690128961713037e-08 -1.388312004952666734e-09
-1.384713518426483927e-08 -1.368691934025192869e-09
-1.367976244260031384e-08 -1.349388087583718785e-09
-1.351474459018543609e-08 -1.330394743805960584e-09
-1.335204384681344316e-08 -1.311706295664924741e-09
-1.319162311262185523e-08 -1.293317248400767042e-09
-1.303344595451025426e-08 -1.275222217053264226e-09
-1.287747659285566900e-08 -1.257415924053320048e-09
-1.272367988851848579e-08 -1.239893196871996385e-09
-1.257202133013185560e-08 -1.222648965725564114e-09
-1.242246702166805104e-08 -1.205678261335146044e-09
-1.227498367027505839e-08 -1.188976212739542195e-09
-1.212953857437704680e-08 -1.172538045159868621e-09
-1.198609961203254398e-08 -1.156359077914694180e-09
-1.184463522954413105e-08 -1.140434722384368067e-09
-1.170511443031383150e-08 -1.124760480023293633e-09
-1.156750676393845209e-08 -1.109331940418938331e-09
-1.143178231553907698e-08 -1.094144779396353886e-09
-1.129791169531954207e-08 -1.079194757167112763e-09
-1.116586602834815209e-08 -1.064477716521466062e-09
-1.103561694455783136e-08 -1.049989581062693616e-09
-1.090713656895933964e-08 -1.035726353482539954e-09
