npts 513 dfreq 1.000000000000000021e-02
0.000000000000000000e+00 0.000000000000000000e+00
-3.737780385877639139e-02 -4.096449676110260757e-02
-3.045392280836257681e-01 2.580706716074385731e-01
3.774589091669370289e-01 7.543196984906358482e-01
1.050477462836235221e+00 8.905759593816566302e-03
6.170099291003725561e-01 -7.869545960134342044e-01
-7.774270078918112115e-02 -8.057322430158728732e-01
-3.936831708764363391e-01 -4.454362167356819557e-01
-3.907281992839826690e-01 -1.343863279172338443e-01
-2.773084055876735565e-01 2.632708870378585100e-02
-1.658775214705104639e-01 8.015474790459244103e-02
-8.760107470158279286e-02 8.169798882723146305e-02
-4.067562640589986178e-02 6.438757363511850296e-02
-1.566378804330241861e-02 4.398391160338387118e-02
-4.047159022201109700e-03 2.647604705323845439e-02
8.373720127603970058e-05 1.334873162035764282e-02
3.888690983652886993e-04 4.307589695141252409e-03
-1.017636252585533800e-03 -1.480139938720268942e-03
-2.985551796399217757e-03 -4.880717276933237321e-03
-4.932744347636409434e-03 -6.622081711135493522e-03
-6.597735794920800596e-03 -7.260822088148060141e-03
-7.892129402710588298e-03 -7.200157347277248189e-03
-8.815465160785180068e-03 -6.721632822987420354e-03
-9.407561216911997093e-03 -6.016063282842964641e-03
-9.722774086765762977e-03 -5.209110272633868909e-03
-9.816796663787309002e-03 -4.380860892801210008e-03
-9.740463972855261179e-03 -3.580181934339236177e-03
-9.537360703329847422e-03 -2.834959168902740495e-03
-9.243401254844954215e-03 -2.159261723907601824e-03
-8.887357877663124711e-03 -1.558279511509928252e-03
-8.491777686721307256e-03 -1.031680516036083536e-03
-8.073994922453694295e-03 -5.758630527076315795e-04
-7.647094106119840459e-03 -1.854439162034843432e-04
-7.220761787728690456e-03 1.457767415793625012e-04
-6.802008169502090328e-03 4.242055434868075687e-04
-6.395761758170809795e-03 6.560844690496191612e-04
-6.005350050116347281e-03 8.472777145646608185e-04
-5.632882648808743356e-03 1.003162051212277191e-03
-5.279553310196894410e-03 1.128583505613654303e-03
-4.945875967711220803e-03 1.227855328691668203e-03
-4.631867758767708836e-03 1.304780552986561232e-03
-4.337189954990447807e-03 1.362688132659392723e-03
-4.061255727398000934e-03 1.404475530643912789e-03
-3.803311953205574126e-03 1.432653231928876806e-03
-3.562500816061508428e-03 1.449388414708752820e-03
-3.337905753158917996e-03 1.456546174513508214e-03
-3.128585331540623213e-03 1.455727458312920794e-03
-2.933597858049969212e-03 1.448303355324930897e-03
-2.752018909584849887e-03 1.435445697672778093e-03
-2.582953482750724623e-03 1.418154107988068603e-03
-2.425544079082310109e-03 1.397279734106799624e-03
-2.278975742386315541e-03 1.373545961422008516e-03
-2.142478831027300971e-03 1.347566410367815812e-03
-2.015330126097997568e-03 1.319860522768389515e-03
-1.896852735183855287e-03 1.290867024947639019e-03
-1.786415141976524902e-03 1.260955533185056238e-03
-1.683429667320804476e-03 1.230436541950685183e-03
-1.587350541906783295e-03 1.199570009642729820e-03
-1.497671740448714177e-03 1.168572731667209775e-03
-1.413924688471341565e-03 1.137624667424928532e-03
-1.335675923138519329e-03 1.106874366500331915e-03
-1.262524766872776764e-03 1.076443620223330871e-03
-1.194101055244655134e-03 1.046431447787123797e-03
-1.130062947526663071e-03 1.016917511149366534e-03
-1.070094838452872619e-03 9.879650398674517248e-04
-1.013905382359381845e-03 9.596233356453434931e-04
-9.612256354276001993e-04 9.319299165178871521e-04
-9.118073177652824502e-04 9.049123520922929421e-04
-8.654211941935506785e-04 8.785898339399089230e-04
-8.218555705943526076e-04 8.529745189328833679e-04
-7.809149013048408312e-04 8.280726779134086864e-04
-7.424185021633406467e-04 8.038856774467680131e-04
-7.061993632927159167e-04 7.804108184366864145e-04
-6.721030554563827168e-04 7.576420519793381457e-04
-6.399867237673075287e-04 7.355705899198320113e-04
-6.097181626155196614e-04 7.141854250820348863e-04
-5.811749658627627648e-04 6.934737740088830343e-04
-5.542437466018378068e-04 6.734214532239081669e-04
-5.288194210689173974e-04 6.540131984611039428e-04
-5.048045516117291402e-04 6.352329349713382043e-04
-4.821087439416596042e-04 6.170640058665903755e-04
-4.606480942240394577e-04 5.994893644805818168e-04
-4.403446818811228660e-04 5.824917358819236245e-04
-4.211261042919402838e-04 5.660537519535185046e-04
-4.029250498690148917e-04 5.501580638321528069e-04
-3.856789062719535085e-04 5.347874349702394069e-04
-3.693294007811179290e-04 5.199248176248941720e-04
-3.538222701003962607e-04 5.055534151870329229e-04
-3.391069570867581424e-04 4.916567324259371033e-04
-3.251363321159818636e-04 4.782186154346428986e-04
-3.118664369894690773e-04 4.652232828120430588e-04
-2.992562494670819432e-04 4.526553494028550599e-04
-2.872674666763408132e-04 4.404998437317471870e-04
-2.758643058000381917e-04 4.287422201087007657e-04
-2.650133205832499745e-04 4.173683662455176299e-04
-2.546832323277939533e-04 4.063646071051581253e-04
-2.448447741583052533e-04 3.957177056036976148e-04
-2.354705474500800265e-04 3.854148606967980600e-04
-2.265348894055780726e-04 3.754437033068381592e-04
-2.180137508546404275e-04 3.657922904814499125e-04
-2.098845834338796030e-04 3.564490981178482123e-04
-2.021262353739503471e-04 3.474030125386907693e-04
-1.947188551901426882e-04 3.386433211632497117e-04
-1.876438026325424392e-04 3.301597024814919841e-04
-1.808835663073744848e-04 3.219422155074512688e-04
-1.744216874315997516e-04 3.139812888613801971e-04
-1.682426892287845386e-04 3.062677096069682785e-04
-1.623320115161329131e-04 2.987926119499510346e-04
-1.566759500707281443e-04 2.915474658872309398e-04
-1.512616003977954461e-04 2.845240658808338035e-04
-1.460768055554997218e-04 2.777145196183094036e-04
-1.411101077196971580e-04 2.711112369102591378e-04
-1.363507031984202906e-04 2.647069187663054633e-04
-1.317884006299302783e-04 2.584945466827890531e-04
-1.274135821201234208e-04 2.524673721686193075e-04
-1.232171670951210881e-04 2.466189065298382728e-04
-1.191905786631781408e-04 2.409429109284736683e-04
-1.153257122967668011e-04 2.354333867270070062e-04
-1.116149066609859998e-04 2.300845661262000653e-04
-1.080509164284148952e-04 2.248909031009798190e-04
-1.046268869333230340e-04 2.198470646365401635e-04
-1.013363305298467450e-04 2.149479222646824030e-04
-9.817310452945130774e-05 2.101885438986375956e-04
-9.513139060281488452e-05 2.055641859631572122e-04
-9.220567554025610154e-05 2.010702858154510297e-04
-8.939073327306711319e-05 1.967024544515804405e-04
-8.668160806567735131e-05 1.924564694921414548e-04
-8.407359879549897695e-05 1.883282684404567699e-04
-8.156224424367922588e-05 1.843139422060369550e-04
-7.914330932582105851e-05 1.804097288857147514e-04
-7.681277219711082904e-05 1.766120077946251434e-04
-7.456681217122227421e-05 1.729172937390408742e-04
-7.240179839690914581e-05 1.693222315229970523e-04
-7.031427924036933049e-05 1.658235906806137974e-04
-6.830097232531208244e-05 1.624182604260638815e-04
-6.635875518619363989e-05 1.591032448132014335e-04
-6.448465649335008030e-05 1.558756580969828678e-04
-6.267584781175766632e-05 1.527327202889445514e-04
-6.092963585792305600e-05 1.496717528991665252e-04
-5.924345522196023344e-05 1.466901748573322200e-04
-5.761486152426859941e-05 1.437854986056828440e-04
-5.604152497840468198e-05 1.409553263568753974e-04
-5.452122433375007133e-05 1.381973465099605141e-04
-5.305184117343604512e-05 1.355093302179154234e-04
-5.163135454470472579e-05 1.328891281003862228e-04
-5.025783590047280569e-05 1.303346670955151017e-04
-4.892944433233610752e-05 1.278439474449470301e-04
-4.764442207661265380e-05 1.254150398063312772e-04
-4.640109027628138962e-05 1.230460824878456020e-04
-4.519784498284317071e-05 1.207352787994881772e-04
-4.403315338320946411e-05 1.184808945160848381e-04
-4.290555023772979286e-05 1.162812554471668713e-04
-4.181363451639818514e-05 1.141347451090704064e-04
-4.075606622114210959e-05 1.120398024948009738e-04
-3.973156338289958667e-05 1.099949199373941695e-04
-3.873889922293440963e-05 1.079986410626844413e-04
-3.777689946852999796e-05 1.060495588275668091e-04
-3.684443981384691720e-05 1.041463136400074137e-04
-3.594044351732469825e-05 1.022875915572185254e-04
-3.506387912756646602e-05 1.004721225585733665e-04
-3.421375833016094680e-05 9.869867888998377621e-05
-3.338913390837774871e-05 9.696607347660871491e-05
-3.258909781112226162e-05 9.527315840090294326e-05
-3.181277932195062720e-05 9.361882344314351634e-05
-3.105934332333922210e-05 9.200199468170595441e-05
-3.032798865076133789e-05 9.042163315047647238e-05
-2.961794653146619012e-05 8.887673355091119717e-05
-2.892847910316827262e-05 8.736632301635931003e-05
-2.825887800815192767e-05 8.588945992637856146e-05
-2.760846305856997065e-05 8.444523276887158278e-05
-2.697658096897255283e-05 8.303275904796975613e-05
-2.636260415234297343e-05 8.165118423568675974e-05
-2.576592957614071060e-05 8.029968076544936797e-05
-2.518597767506323222e-05 7.897744706570433454e-05
-2.462219131743262555e-05 7.768370663187556657e-05
-2.407403482229820274e-05 7.641770713502754587e-05
-2.354099302451758002e-05 7.517871956566495094e-05
-2.302257038523900396e-05 7.396603741116634446e-05
-2.251829014535980538e-05 7.277897586542210766e-05
-2.202769351967544178e-05 7.161687106930651530e-05
-2.155033892956728531e-05 7.047907938067911392e-05
-2.108580127220015320e-05 6.936497667266718840e-05
-2.063367122431794242e-05 6.827395765903739944e-05
-2.019355457883410327e-05 6.720543524551920935e-05
-1.976507161251625199e-05 6.615883990599172001e-05
-1.934785648316068944e-05 6.513361908249628727e-05
-1.894155665474212425e-05 6.412923660808128113e-05
-1.854583234910936454e-05 6.314517215153150735e-05
-1.816035602287693632e-05 6.218092068307600612e-05
-1.778481186823743077e-05 6.123599196020777379e-05
-1.741889533649006893e-05 6.030991003278835135e-05
-1.706231268314664475e-05 5.940221276664545960e-05
-1.671478053353849446e-05 5.851245138490734839e-05
-1.637602546790696534e-05 5.764019002635169318e-05
-1.604578362501418861e-05 5.678500532007602368e-05
-1.572380032336363688e-05 5.594648597582969679e-05
-1.540982969916854906e-05 5.512423238937472095e-05
-1.510363436025180832e-05 5.431785626226989815e-05
-1.480498505510520257e-05 5.352698023550068172e-05
-1.451366035637601934e-05 5.275123753640032268e-05
-1.422944635808784780e-05 5.199027163833301769e-05
-1.395213638593880045e-05 5.124373593263203123e-05
-1.368153072005437682e-05 5.051129341230727960e-05
-1.341743632960498696e-05 4.979261636705860253e-05
-1.315966661872828338e-05 4.908738608914986061e-05
-1.290804118322521326e-05 4.839529258971756386e-05
-1.266238557752657897e-05 4.771603432510781469e-05
-1.242253109145161964e-05 4.704931793284991765e-05
-1.218831453630509539e-05 4.639485797689318214e-05
-1.195957803988225118e-05 4.575237670174907712e-05
-1.173616884997236200e-05 4.512160379519533724e-05
-1.151793914597238143e-05 4.450227615921295126e-05
-1.130474585824160055e-05 4.389413768884157374e-05
-1.109645049484630510e-05 4.329693905865069796e-05
-1.089291897536125727e-05 4.271043751653783325e-05
-1.069402147141055611e-05 4.213439668457525012e-05
-1.049963225364691403e-05 4.156858636664027335e-05
-1.030962954488206280e-05 4.101278236257293301e-05
-1.012389537909588162e-05 4.046676628861696007e-05
-9.942315466064482571e-06 3.993032540390920038e-05
-9.764779061360168833e-06 3.940325244279194639e-05
-9.591178841488166658e-06 3.888534545273267452e-05
-9.421410783936024728e-06 3.837640763764335323e-05
-9.255374051922501396e-06 3.787624720640056053e-05
-9.092970883642768789e-06 3.738467722637563189e-05
-8.934106485816269830e-06 3.690151548179101227e-05
-8.778688931352810493e-06 3.642658433672734747e-05
-8.626629060961024610e-06 3.595971060261171864e-05
-8.477840388531663029e-06 3.550072541002531113e-05
-8.332239010135707681e-06 3.504946408467406730e-05
-8.189743516485044531e-06 3.460576602737305580e-05
-8.050274908710114159e-06 3.416947459790018219e-05
-7.913756517315897619e-06 3.374043700258147276e-05
-7.780113924183776884e-06 3.331850418547471689e-05
-7.649274887492933189e-06 3.290353072302411492e-05
-7.521169269440623466e-06 3.249537472206291526e-05
-7.395728966646072282e-06 3.209389772104621495e-05
-7.272887843128041221e-06 3.169896459440028593e-05
-7.152581665751067303e-06 3.131044345988000656e-05
-7.034748042039685355e-06 3.092820558882828231e-05
-6.919326360265093239e-06 3.055212531923793255e-05
-6.806257731712228966e-06 3.018207997151791969e-05
-6.695484935039829798e-06 2.981794976687098439e-05
-6.586952362649642490e-06 2.945961774819297568e-05
-6.480605968984559644e-06 2.910696970340694687e-05
-6.376393220679232357e-06 2.875989409114926201e-05
-6.274263048489668907e-06 2.841828196872725837e-05
-6.174165800931874872e-06 2.808202692227162553e-05
-6.076053199562269258e-06 2.775102499900899939e-05
-5.979878295835730833e-06 2.742517464158341367e-05
-5.885595429479825811e-06 2.710437662435781294e-05
-5.793160188326260861e-06 2.678853399162906722e-05
-5.702529369543309118e-06 2.647755199769284904e-05
-5.613660942215161739e-06 2.617133804869676972e-05
-5.526514011216527507e-06 2.586980164622232697e-05
-5.441048782332970567e-06 2.557285433253875988e-05
-5.357226528579483847e-06 2.528040963747347654e-05
-5.275009557671838733e-06 2.499238302684617558e-05
-5.194361180607141337e-06 2.470869185241543996e-05
-5.115245681311774793e-06 2.442925530328839376e-05
-5.037628287316651904e-06 2.415399435874593403e-05
-4.961475141421382994e-06 2.388283174243759798e-05
-4.886753274310520656e-06 2.361569187790205703e-05
-4.813430578086457614e-06 2.335250084537004585e-05
-4.741475780685155702e-06 2.309318633980920099e-05
-4.670858421142132427e-06 2.283767763017069690e-05
-4.601548825677451327e-06 2.258590551979944435e-05
-4.533518084569758239e-06 2.233780230797085628e-05
-4.466738029790624507e-06 2.209330175251863264e-05
-4.401181213371531342e-06 2.185233903351898514e-05
-4.336820886476984035e-06 2.161485071799808792e-05
-4.273630979158251885e-06 2.138077472563058048e-05
-4.211586080763351124e-06 2.115005029539840275e-05
-4.150661420979631873e-06 2.092261795317962818e-05
-4.090832851486502396e-06 2.069841948023874666e-05
-4.032076828196524474e-06 2.047739788259028240e-05
-3.974370394064036093e-06 2.025949736120891625e-05
-3.917691162441242025e-06 2.004466328305983740e-05
-3.862017300962529392e-06 1.983284215292450649e-05
-3.807327515938435345e-06 1.962398158599716453e-05
-3.753601037241471515e-06 1.941803028122877036e-05
-3.700817603666669783e-06 1.921493799539569008e-05
-3.648957448750366516e-06 1.901465551787104435e-05
-3.598001287031313340e-06 1.881713464607751739e-05
-3.547930300738961029e-06 1.862232816160130908e-05
-3.498726126894135356e-06 1.843018980694705381e-05
-3.450370844808041205e-06 1.824067426291487153e-05
-3.402846963965946687e-06 1.805373712658067225e-05
-3.356137412282517374e-06 1.786933488986213638e-05
-3.310225524716123084e-06 1.768742491865257983e-05
-3.265095032230044897e-06 1.750796543250633924e-05
-3.220730051088865391e-06 1.733091548485913980e-05
-3.177115072478797312e-06 1.715623494376790098e-05
-3.134234952441103569e-06 1.698388447315466232e-05
-3.092074902108146858e-06 1.681382551453989782e-05
-3.050620478232066298e-06 1.664602026925120551e-05
-3.009857573996306322e-06 1.648043168109321327e-05
-2.969772410100710527e-06 1.631702341946567007e-05
-2.930351526111144336e-06 1.615575986291665128e-05
-2.891581772064982176e-06 1.599660608311835551e-05
-2.853450300324081159e-06 1.583952782925348877e-05
-2.815944557667151275e-06 1.568449151280033353e-05
-2.779052277613798396e-06 1.553146419270534889e-05
-2.742761472972661721e-06 1.538041356093208375e-05
-2.707060428606447968e-06 1.523130792837583544e-05
-2.671937694406899310e-06 1.508411621113385383e-05
-2.637382078472901396e-06 1.493880791712078588e-05
-2.603382640485266926e-06 1.479535313301991287e-05
-2.569928685271949594e-06 1.465372251156074090e-05
-2.537009756557564777e-06 1.451388725911370371e-05
-2.504615630891433429e-06 1.437581912359328695e-05
-2.472736311748496927e-06 1.423949038266100402e-05
-2.441362023797631469e-06 1.410487383221983913e-05
-2.410483207332154874e-06 1.397194277519220602e-05
-2.380090512857384303e-06 1.384067101057353954e-05
-2.350174795830425712e-06 1.371103282275414768e-05
-2.320727111547369054e-06 1.358300297110166014e-05
-2.291738710173391071e-06 1.345655667979727497e-05
-2.263201031911319596e-06 1.333166962791880186e-05
-2.235105702304369994e-06 1.320831793976371390e-05
-2.207444527668973158e-06 1.308647817540584494e-05
-2.180209490653673764e-06 1.296612732147936955e-05
-2.153392745920270638e-06 1.284724278218401958e-05
-2.126986615943461262e-06 1.272980237050548088e-05
-2.100983586925398155e-06 1.261378429964535795e-05
-2.075376304821679219e-06 1.249916717465503794e-05
-2.050157571475414830e-06 1.238592998426805861e-05
-2.025320340856110172e-06 1.227405209292574878e-05
-2.000857715400205076e-06 1.216351323299092545e-05
-1.976762942450272450e-06 1.205429349714484302e-05
-1.953029410789887383e-06 1.194637333096247349e-05
-1.929650647271348423e-06 1.183973352566146737e-05
-1.906620313533482718e-06 1.173435521102026028e-05
-1.883932202806896082e-06 1.163021984846095962e-05
-1.861580236804043041e-06 1.152730922429256618e-05
-1.839558462691690303e-06 1.142560544311067150e-05
-1.817861050143295261e-06 1.132509092134926704e-05
-1.796482288468999805e-06 1.122574838098092482e-05
-1.775416583820975347e-06 1.112756084336154281e-05
-1.754658456471912734e-06 1.103051162321582655e-05
-1.734202538164555790e-06 1.093458432276005111e-05
-1.714043569530224616e-06 1.083976282595849496e-05
-1.694176397574314861e-06 1.074603129291019843e-05
-1.674595973226896757e-06 1.065337415436273973e-05
-1.655297348956499853e-06 1.056177610634978964e-05
-1.636275676445319283e-06 1.047122210494937860e-05
-1.617526204324055695e-06 1.038169736115973021e-05
-1.599044275964741145e-06 1.029318733588988295e-05
-1.580825327329856273e-06 1.020567773506202376e-05
-1.562864884876193316e-06 1.011915450482292105e-05
-1.545158563511897985e-06 1.003360382686165535e-05
-1.527702064605206388e-06 9.949012113830986071e-06
-1.510491174043424777e-06 9.865366004869901512e-06
-1.493521760340746877e-06 9.782652361224688871e-06
-1.476789772793561184e-06 9.700858261966262839e-06
-1.460291239681910971e-06 9.619970999801281044e-06
-1.444022266515838562e-06 9.539978076974789888e-06
-1.427979034325379126e-06 9.460867201262132396e-06
-1.412157797992987434e-06 9.382626282048015765e-06
-1.396554884627239680e-06 9.305243426490532929e-06
-1.381166691976683608e-06 9.228706935768108644e-06
-1.365989686882729659e-06 9.153005301407425318e-06
-1.351020403770532601e-06 9.078127201690280447e-06
-1.336255443176806973e-06 9.004061498137502030e-06
-1.321691470313609459e-06 8.930797232068161823e-06
-1.307325213667083173e-06 8.858323621232136566e-06
-1.293153463630247171e-06 8.786630056514411206e-06
-1.279173071168892661e-06 8.715706098709294521e-06
-1.265380946519716450e-06 8.645541475362969984e-06
-1.251774057919820438e-06 8.576126077682731826e-06
-1.238349430366739238e-06 8.507449957511317281e-06
-1.225104144408195265e-06 8.439503324364852700e-06
-1.212035334960770262e-06 8.372276542532839741e-06
-1.199140190156749777e-06 8.305760128238773879e-06
-1.186415950218390324e-06 8.239944746860023027e-06
-1.173859906358880800e-06 8.174821210205477200e-06
-1.161469399709299117e-06 8.110380473849690186e-06
-1.149241820270890689e-06 8.046613634522218974e-06
-1.137174605892004031e-06 7.983511927550837861e-06
-1.125265241269026411e-06 7.921066724357383798e-06
-1.113511256970727895e-06 7.859269530005086096e-06
-1.101910228485371298e-06 7.798111980796113325e-06
-1.090459775290019491e-06 7.737585841918205769e-06
-1.079157559941467455e-06 7.677683005139316022e-06
-1.068001287188235170e-06 7.618395486549140476e-06
-1.056988703103090683e-06 7.559715424346450726e-06
-1.046117594235558493e-06 7.501635076671172036e-06
-1.035385786783933197e-06 7.444146819480294064e-06
-1.024791145786271123e-06 7.387243144466488985e-06
-1.014331574329899583e-06 7.330916657018578978e-06
-1.004005012778964546e-06 7.275160074222851869e-06
-9.938094380195586817e-07 7.219966222904336405e-06
-9.837428627219978070e-07 7.165328037707146924e-06
-9.738033346198025109e-07 7.111238559213004643e-06
-9.639889358049703428e-07 7.057690932097085993e-06
-9.542977820391351620e-07 7.004678403320402644e-06
-9.447280220802120494e-07 6.952194320357870413e-06
-9.352778370241371931e-07 6.900232129461271692e-06
-9.259454396613435010e-07 6.848785373956375328e-06
-9.167290738475890802e-07 6.797847692573437228e-06
-9.076270138888022057e-07 6.747412817810385420e-06
-8.986375639395719910e-07 6.697474574327875575e-06
-8.897590574149783436e-07 6.648026877375668119e-06
-8.809898564154118075e-07 6.599063731249512077e-06
-8.723283511640771943e-07 6.550579227777967303e-06
-8.637729594568610357e-07 6.502567544838431550e-06
-8.553221261242796333e-07 6.455022944901827759e-06
-8.469743225051876298e-07 6.407939773605243424e-06
-8.387280459319902418e-07 6.361312458352023994e-06
-8.305818192270591964e-07 6.315135506938607954e-06
-8.225341902100937109e-07 6.269403506207640250e-06
-8.145837312161583221e-07 6.224111120726722868e-06
-8.067290386241464207e-07 6.179253091492338380e-06
-7.989687323954109341e-07 6.134824234658284081e-06
-7.913014556223274237e-07 6.090819440288253347e-06
-7.837258740865481911e-07 6.047233671131906061e-06
-7.762406758267221903e-07 6.004061961424047786e-06
-7.688445707154466456e-07 5.961299415706335791e-06
-7.615362900452403114e-07 5.918941207671109569e-06
-7.543145861233267221e-07 5.876982579026858812e-06
-7.471782318750065673e-07 5.835418838384827401e-06
-7.401260204554351758e-07 5.794245360166412060e-06
-7.331567648695947246e-07 5.753457583530811862e-06
-7.262692976002732398e-07 5.713051011322582171e-06
-7.194624702438700746e-07 5.673021209038676270e-06
-7.127351531538324148e-07 5.633363803814508806e-06
-7.060862350915559427e-07 5.594074483428709864e-06
-6.995146228845773974e-07 5.555148995326186813e-06
-6.930192410918790343e-07 5.516583145659059392e-06
-6.865990316761518846e-07 5.478372798345139389e-06
-6.802529536828596300e-07 5.440513874143636434e-06
-6.739799829259295581e-07 5.403002349747631651e-06
-6.677791116799410003e-07 5.365834256893089629e-06
-6.616493483786478838e-07 5.329005681483989432e-06
-6.555897173196927752e-07 5.292512762733298514e-06
-6.495992583753810224e-07 5.256351692319450718e-06
-6.436770267093623156e-07 5.220518713557993801e-06
-6.378220924990980126e-07 5.185010120588144723e-06
-6.320335406639789157e-07 5.149822257573912224e-06
-6.263104705989652789e-07 5.114951517919523234e-06
-6.206519959136278154e-07 5.080394343498852442e-06
-6.150572441764601089e-07 5.046147223898547529e-06
-6.095253566643616312e-07 5.012206695674668825e-06
-6.040554881171506536e-07 4.978569341622430015e-06
-5.986468064970224541e-07 4.945231790058929790e-06
-5.932984927528196244e-07 4.912190714118522929e-06
-5.880097405890210923e-07 4.879442831060586012e-06
-5.827797562393404846e-07 4.846984901589481250e-06
-5.776077582448324005e-07 4.814813729186438073e-06
-5.724929772364102432e-07 4.782926159453139020e-06
-5.674346557216687800e-07 4.751319079466745653e-06
-5.624320478759324426e-07 4.719989417146193398e-06
-5.574844193374220089e-07 4.688934140629506286e-06
-5.525910470064584540e-07 4.658150257661898661e-06
-5.477512188486097412e-07 4.627634814994486811e-06
-5.429642337017047405e-07 4.597384897793403030e-06
-5.382294010866147507e-07 4.567397629059072360e-06
-5.335460410217382487e-07 4.537670169055511447e-06
-5.289134838410915649e-07 4.508199714749402140e-06
-5.243310700159468256e-07 4.478983499258808571e-06
-5.197981499799167910e-07 4.450018791311272579e-06
-5.153140839574390477e-07 4.421302894711213796e-06
-5.108782417955652181e-07 4.392833147816352318e-06
-5.064900027989942000e-07 4.364606923023056574e-06
-5.021487555682825207e-07 4.336621626260410545e-06
-4.978538978411521854e-07 4.308874696492828390e-06
-4.936048363368480550e-07 4.281363605231093674e-06
-4.894009866034610048e-07 4.254085856051619883e-06
-4.852417728681696404e-07 4.227038984123799263e-06
-4.811266278903293154e-07 4.200220555745296834e-06
-4.770549928173500044e-07 4.173628167885098131e-06
-4.730263170433105169e-07 4.147259447734226840e-06
-4.690400580702427170e-07 4.121112052263941727e-06
-4.650956813720336047e-07 4.095183667791268879e-06
-4.611926602608962890e-07 4.069472009551798090e-06
-4.573304757563416148e-07 4.043974821279500317e-06
-4.535086164566189957e-07 4.018689874793561942e-06
-4.497265784125499037e-07 3.993614969591970744e-06
-4.459838650037315690e-07 3.968747932451854412e-06
-4.422799868170397912e-07 3.944086617036375101e-06
-4.386144615273936998e-07 3.919628903508049565e-06
-4.349868137807358763e-07 3.895372698148437302e-06
-4.313965750791774918e-07 3.871315932984014566e-06
-4.278432836682709278e-07 3.847456565418179210e-06
-4.243264844263584208e-07 3.823792577869221181e-06
-4.208457287559590925e-07 3.800321977414181169e-06
-4.174005744771549770e-07 3.777042795438501677e-06
-4.139905857229261773e-07 3.753953087291309185e-06
-4.106153328364077803e-07 3.731050931946300693e-06
-4.072743922700198269e-07 3.708334431668080502e-06
-4.039673464864345487e-07 3.685801711683851940e-06
-4.006937838613505386e-07 3.663450919860400077e-06
-3.974532985880256257e-07 3.641280226386236256e-06
-3.942454905835433625e-07 3.619287823458828215e-06
-3.910699653967746369e-07 3.597471924976825159e-06
-3.879263341179962386e-07 3.575830766237173604e-06
-3.848142132901422413e-07 3.554362603637065111e-06
-3.817332248216465357e-07 3.533065714380592267e-06
-3.786829959008521091e-07 3.511938396190071379e-06
-3.756631589119490604e-07 3.490978967021902738e-06
-3.726733513524176868e-07 3.470185764786932426e-06
-3.697132157519418082e-07 3.449557147075203880e-06
-3.667823995927666530e-07 3.429091490885041606e-06
-3.638805552314693303e-07 3.408787192356372593e-06
-3.610073398221192302e-07 3.388642666508239697e-06
-3.581624152407941536e-07 3.368656346980391797e-06
-3.553454480114325299e-07 3.348826685778919371e-06
-3.525561092329899603e-07 3.329152153025837262e-06
-3.497940745078788566e-07 3.309631236712570551e-06
-3.470590238716639657e-07 3.290262442457245320e-06
-3.443506417239880500e-07 3.271044293265744466e-06
-3.416686167607077139e-07 3.251975329296448115e-06
-3.390126419072126407e-07 3.233054107628602716e-06
