npts 513 dfreq 1.000000000000000021e-02
0.000000000000000000e+00 0.000000000000000000e+00
2.215645954679848289e-07 -4.516791733999316979e-08
3.183964365330458618e-06 -1.307892196581737218e-06
1.373840997478218369e-05 -8.572292204059499149e-06
3.578706652809621159e-05 -3.031123503803478578e-05
7.069975614940000657e-05 -7.663576106621112452e-05
1.176379967963789845e-04 -1.576168010435746963e-04
1.743868427579295301e-04 -2.826566469098931115e-04
2.379621710890854813e-04 -4.604720835806288735e-04
3.049161737748336807e-04 -6.992581285546579321e-04
3.714541992179407667e-04 -1.006846112295112922e-03
4.334617507488771303e-04 -1.390812085257975977e-03
4.864959528082267773e-04 -1.858540301482465833e-03
5.257660601543429806e-04 -2.417255569229912870e-03
5.461127002501766020e-04 -3.074035917196626076e-03
5.419890521860215539e-04 -3.835813147903412157e-03
5.074446233315489359e-04 -4.709365859567474569e-03
4.361114224772581326e-04 -5.701307592583739967e-03
3.211921268255734643e-04 -6.818071602534595335e-03
1.554498727846524611e-04 -8.065893091073387741e-03
-6.880060138171834126e-05 -9.450789341955371375e-03
-3.597006305042295166e-04 -1.097853799126558699e-02
-7.258541962171646475e-04 -1.265465353810477089e-02
-1.176333409322431311e-03 -1.448436213438540447e-02
-1.720682854241232943e-03 -1.647257465711498767e-02
-2.368922704040223991e-03 -1.862385805066391065e-02
-3.131550478123175038e-03 -2.094240492270056653e-02
-4.019541284526244318e-03 -2.343200138157958134e-02
-5.044346363187328201e-03 -2.609599311266053157e-02
-6.217889724455056590e-03 -2.893724970502273286e-02
-7.552562657754027971e-03 -3.195812725763563095e-02
-9.061215868336268409e-03 -3.516042931488968376e-02
-1.075714898527025710e-02 -3.854536620533230429e-02
-1.265409717127336311e-02 -4.211351288442063967e-02
-1.476621455485117515e-02 -4.586476541207985119e-02
-1.710805419775021652e-02 -4.979829622882273737e-02
-1.969454430633429606e-02 -5.391250843010167437e-02
-2.254096039461049930e-02 -5.820498927733896294e-02
-2.566289310977370661e-02 -6.267246322556739579e-02
-2.907621143886924761e-02 -6.731074479157669876e-02
-3.279702102809080311e-02 -7.211469163258181492e-02
-3.684161736495455280e-02 -7.707815825327710146e-02
-4.122643359873837121e-02 -8.219395080816277455e-02
-4.596798280675782472e-02 -8.745378351555307961e-02
-5.108279455383026024e-02 -9.284823724887694696e-02
-5.658734564016113661e-02 -9.836672091880327429e-02
-6.249798498928559043e-02 -1.039974363052534601e-01
-6.883085269289679342e-02 -1.097273470402496676e-01
-7.560179330352871652e-02 -1.155421524793988075e-01
-8.282626354907482447e-02 -1.214262672301125306e-01
-9.051923473472921200e-02 -1.273628071267954576e-01
-9.869509019758959667e-02 -1.333335824555064164e-01
-1.073675182860262672e-01 -1.393190992312765553e-01
-1.165494014488307195e-01 -1.452985693186424898e-01
-1.262527021366232349e-01 -1.512499301583581646e-01
-1.364883463381425244e-01 -1.571498748191604289e-01
-1.472661056946671099e-01 -1.629738930315529077e-01
-1.585944792543399762e-01 -1.686963237797763915e-01
-1.704805760417150706e-01 -1.742904199277549027e-01
-1.829299997232308184e-01 -1.797284252345598687e-01
-1.959467367431741991e-01 -1.849816639750755387e-01
-2.095330493834817176e-01 -1.900206432228649100e-01
-2.236893752608844765e-01 -1.948151676761949447e-01
-2.384142348129395794e-01 -1.993344667168930051e-01
-2.537041483371202388e-01 -2.035473331879942005e-01
-2.695535641314197317e-01 -2.074222731635008143e-01
-2.859547992384068316e-01 -2.109276657661731391e-01
-3.028979942155493599e-01 -2.140319318718493513e-01
-3.203710832418479315e-01 -2.167037103265629927e-01
-3.383597807242468836e-01 -2.189120401013012751e-01
-3.568475853877841053e-01 -2.206265466243648166e-01
-3.758158026228599624e-01 -2.218176303687478812e-01
-3.952435856244025936e-01 -2.224566556373114845e-01
-4.151079955950850997e-01 -2.225161373869130044e-01
-4.353840810031985864e-01 -2.219699238685956255e-01
-4.560449755912787118e-01 -2.207933728380394311e-01
-4.770620145307732929e-01 -2.189635191113728507e-01
-4.984048678182044778e-01 -2.164592313074900631e-01
-5.200416897169051200e-01 -2.132613557293234208e-01
-5.419392827730783457e-01 -2.093528454917783499e-01
-5.640632746829619126e-01 -2.047188732005424394e-01
-5.863783060660606727e-01 -1.993469257197495181e-01
-6.088482270137824948e-01 -1.932268798322346604e-01
-6.314363001383953566e-01 -1.863510578876056423e-01
-6.541054077477538309e-01 -1.787142628434225944e-01
-6.768182607192664291e-01 -1.703137924257340230e-01
-6.995376066429821460e-01 -1.611494324590557192e-01
-7.222264348480836871e-01 -1.512234297345619038e-01
-7.448481760175146293e-01 -1.405404450910825442e-01
-7.673668942287679151e-01 -1.291074876692469287e-01
-7.897474694305489651e-01 -1.169338315584085852e-01
-8.119557685696959792e-01 -1.040309162834278101e-01
-8.339588038142923265e-01 -9.041223276970848655e-02
-8.557248765705380844e-01 -7.609319657709004425e-02
-8.772237062558752019e-01 -6.109101030453693848e-02
-8.984265430620363979e-01 -4.542451713758897253e-02
-9.193062642125133799e-01 -2.911404754000135667e-02
-9.398374534831119842e-01 -1.218126108170778342e-02
-9.599964640062378374e-01 5.351014649954875801e-03
-9.797614646144022776e-01 2.345894618639768336e-02
-9.991124701922621254e-01 4.211785559767192849e-02
-1.018031356696141865e+00 6.130237956176841363e-02
-1.036501861663335244e+00 8.098662459705946448e-02
-1.054509571169278015e+00 1.011443171335574820e-01
-1.072041894298501274e+00 1.217489472697530634e-01
-1.089088026275522481e+00 1.427739052375078810e-01
-1.105638901455475942e+00 1.641926097736513268e-01
-1.121687137403007961e+00 1.859786277699015389e-01
-1.137226971293726185e+00 2.081057847392396021e-01
-1.152254189857693678e+00 2.305482657942844738e-01
-1.166766054051719959e+00 2.532807069793949761e-01
-1.180761219599141709e+00 2.762782769315585418e-01
-1.194239654475232282e+00 2.995167489645648717e-01
-1.207202554345868428e+00 3.229725637758226187e-01
-1.219652256889288466e+00 3.466228830653242388e-01
-1.231592155847958336e+00 3.704456344317886285e-01
-1.243026615571929172e+00 3.944195479724406095e-01
-1.253960886728510804e+00 4.185241850608815151e-01
-1.264401023767282473e+00 4.427399598129947433e-01
-1.274353804645802057e+00 4.670481537748655820e-01
-1.283826653241025628e+00 4.914309243803595129e-01
-1.292827564795310025e+00 5.158713077305457917e-01
-1.301365034674684562e+00 5.403532162436965880e-01
-1.309447990651237070e+00 5.648614317143456631e-01
-1.317085728861376426e+00 5.893815943039710792e-01
-1.324287853537490012e+00 6.139001879653303018e-01
-1.331064220562124811e+00 6.384045227783078369e-01
-1.337424884851223128e+00 6.628827146482496602e-01
-1.343380051535905340e+00 6.873236627889389716e-01
-1.348940030880568797e+00 7.117170253823493775e-01
-1.354115196848341585e+00 7.360531937766909838e-01
-1.358915949202847306e+00 7.603232655536087403e-01
-1.363352679017410418e+00 7.845190167651036051e-01
-1.367435737448866373e+00 8.086328736112269322e-01
-1.371175407622708065e+00 8.326578838011157169e-01
-1.374581879468887102e+00 8.565876878127433036e-01
-1.377665227342988130e+00 8.804164902409992166e-01
-1.380435390265208895e+00 9.041390313995285588e-01
-1.382902154609354062e+00 9.277505593191951450e-01
-1.385075139075585549e+00 9.512468022651724420e-01
-1.386963781783598026e+00 9.746239418754472084e-01
-1.388577329327079779e+00 9.978785870059998508e-01
-1.389924827635396820e+00 1.021007748351972166e+00
-1.391015114494333682e+00 1.044008813899806487e+00
-1.391856813584127162e+00 1.066879525252400374e+00
-1.392458329899888714e+00 1.089617954857899251e+00
-1.392827846426610394e+00 1.112222484162552094e+00
-1.392973321948195453e+00 1.134691782699155604e+00
-1.392902489877271277e+00 1.157024788114808578e+00
-1.392622857999778141e+00 1.179220687134972412e+00
-1.392141709035494612e+00 1.201278897455042349e+00
-1.391466101922636867e+00 1.223199050545738187e+00
-1.390602873741424439e+00 1.244980975354512687e+00
-1.389558642198044369e+00 1.266624682881765995e+00
-1.388339808596660507e+00 1.288130351607872370e+00
-1.386952561233094405e+00 1.309498313744862141e+00
-1.385402879149407074e+00 1.330729042284872543e+00
-1.383696536193971927e+00 1.351823138816233838e+00
-1.381839105336611473e+00 1.372781322077207822e+00
-1.379835963193086101e+00 1.393604417216837144e+00
-1.377692294717595356e+00 1.414293345732143825e+00
-1.375413098026047054e+00 1.434849116050924023e+00
-1.373003189316635231e+00 1.455272814729604125e+00
-1.370467207857779313e+00 1.475565598236033393e+00
-1.367809621016720323e+00 1.495728685287629700e+00
-1.365034729305059980e+00 1.515763349715972597e+00
-1.362146671420256805e+00 1.535670913829730422e+00
-1.359149429264619569e+00 1.555452742248619069e+00
-1.356046832925625667e+00 1.575110236182037715e+00
-1.352842565603498359e+00 1.594644828126972280e+00
-1.349540168473869262e+00 1.614057976960727947e+00
-1.346143045475083788e+00 1.633351163405079243e+00
-1.342654468011294178e+00 1.652525885839424280e+00
-1.339077579563859421e+00 1.671583656441547605e+00
-1.335415400204894798e+00 1.690525997635600408e+00
-1.331670831007904843e+00 1.709354438827893619e+00
-1.327846658351526488e+00 1.728070513412089060e+00
-1.323945558113245546e+00 1.746675756026299542e+00
-1.319970099750848780e+00 1.765171700045548242e+00
-1.315922750270040353e+00 1.783559875293942554e+00
-1.311805878077318521e+00 1.801841805961751364e+00
-1.307621756717775918e+00 1.820019008713443576e+00
-1.303372568497974227e+00 1.838092990973526630e+00
-1.299060407994489186e+00 1.856065249377793380e+00
-1.294687285449081848e+00 1.873937268378320642e+00
-1.290255130051811916e+00 1.891710518991271073e+00
-1.285765793113635258e+00 1.909386457677196169e+00
-1.281221051130326583e+00 1.926966525344202985e+00
-1.276622608739722553e+00 1.944452146464923148e+00
-1.271972101574463831e+00 1.961844728298802965e+00
-1.267271099012561075e+00 1.979145660211786062e+00
-1.262521106828197404e+00 1.996356313085946521e+00
-1.257723569745285097e+00 2.013478038812149595e+00
-1.252879873896346696e+00 2.030512169859226113e+00
-1.247991349189349730e+00 2.047460018913637381e+00
-1.243059271585128300e+00 2.064322878583944476e+00
-1.238084865288077818e+00 2.081102021164835669e+00
-1.233069304852766113e+00 2.097798698455799471e+00
-1.228013717209135214e+00 2.114414141629850086e+00
-1.222919183608920601e+00 2.130949561148072657e+00
-1.217786741495901159e+00 2.147406146716010156e+00
-1.212617386302559996e+00 2.163785067278212626e+00
-1.207412073175683220e+00 2.180087471047535974e+00
-1.202171718633390896e+00 2.196314485566000840e+00
-1.196897202156038897e+00 2.212467217794266805e+00
-1.191589367713378422e+00 2.228546754226997884e+00
-1.186249025230298182e+00 2.244554161031558692e+00
-1.180876951993430790e+00 2.260490484207726691e+00
-1.175473894000822250e+00 2.276356749766219600e+00
-1.170040567256821706e+00 2.292153963924036919e+00
-1.164577659014282451e+00 2.307883113314765477e+00
-1.159085828966087250e+00 2.323545165212108632e+00
-1.153565710387976173e+00 2.339141067765088788e+00
-1.148017911234565869e+00 2.354671750243428452e+00
-1.142443015190404587e+00 2.370138123291783749e+00
-1.136841582677831308e+00 2.385541079191572322e+00
-1.131214151823374481e+00 2.400881492129291139e+00
-1.125561239384318402e+00 2.416160218470219334e+00
-1.119883341637065044e+00 2.431378097036600572e+00
-1.114180935228807900e+00 2.446535949389385234e+00
-1.108454477994019083e+00 2.461634580112739723e+00
-1.102704409737168101e+00 2.476674777100579483e+00
-1.096931152983055657e+00 2.491657311844459155e+00
-1.091135113696083181e+00 2.506582939722183490e+00
-1.085316681969732855e+00 2.521452400286609663e+00
-1.079476232687480275e+00 2.536266417554091657e+00
-1.073614126156323678e+00 2.551025700292147036e+00
-1.067730708714051291e+00 2.565730942305899376e+00
-1.061826313311337477e+00 2.580382822722919300e+00
-1.055901260069715519e+00 2.594982006276141728e+00
-1.049955856816418232e+00 2.609529143584533362e+00
-1.043990399597052310e+00 2.624024871431251515e+00
-1.038005173167037887e+00 2.638469813039048262e+00
-1.032000451462676160e+00 2.652864578342685853e+00
-1.025976498052715513e+00 2.667209764258194671e+00
-1.019933566571224581e+00 2.681505954948802284e+00
-1.013871901132535225e+00 2.695753722087367077e+00
-1.007791736729034993e+00 2.709953625115214759e+00
-1.001693299612496535e+00 2.724106211497245855e+00
-9.955768076596507310e-01 2.738212016973241347e+00
-9.894424707226534554e-01 2.752271565805276321e+00
-9.832904909650806990e-01 2.766285371021186101e+00
-9.771210631840536731e-01 2.780253934654020487e+00
-9.709343751190805394e-01 2.794177747977471427e+00
-9.647306077481592190e-01 2.808057291737223959e+00
-9.585099355716866221e-01 2.821893036378221087e+00
-9.522725268846679025e-01 2.835685442267830148e+00
-9.460185440377348876e-01 2.849434959914922683e+00
-9.397481436874131067e-01 2.863142030184848696e+00
-9.334614770361178149e-01 2.876807084510345724e+00
-9.271586900622780236e-01 2.890430545098372939e+00
-9.208399237410186400e-01 2.904012825132925801e+00
-9.145053142557891812e-01 2.917554328973831712e+00
-9.081549932013072146e-01 2.931055452351578605e+00
-9.017890877781942205e-01 2.944516582558207141e+00
-8.954077209796311720e-01 2.957938098634304680e+00
-8.890110117703805548e-01 2.971320371552150341e+00
-8.825990752584738086e-01 2.984663764395056873e+00
-8.761720228598929294e-01 2.997968632532950650e+00
-8.697299624565070220e-01 3.011235323794257734e+00
-8.632729985475687817e-01 3.024464178634123979e+00
-8.568012323950163767e-01 3.037655530299052664e+00
-8.503147621628565078e-01 3.050809704987984983e+00
-8.438136830508468078e-01 3.063927022009911294e+00
-8.372980874227422543e-01 3.077007793938038471e+00
-8.307680649293045505e-01 3.090052326760603929e+00
-8.242237026263028454e-01 3.103060920028364311e+00
-8.176650850877085208e-01 3.116033866998844104e+00
-8.110922945142756690e-01 3.128971454777382810e+00
-8.045054108377082125e-01 3.141873964455059731e+00
-7.979045118205820852e-01 3.154741671243532775e+00
-7.912896731521993354e-01 3.167574844606874773e+00
-7.846609685405495638e-01 3.180373748390446398e+00
-7.780184698005176980e-01 3.193138640946878937e+00
-7.713622469385149616e-01 3.205869775259214016e+00
-7.646923682336544958e-01 3.218567399061265100e+00
-7.580089003156353922e-01 3.231231754955257163e+00
-7.513119082394454917e-01 3.243863080526797393e+00
-7.446014555570336091e-01 3.256461608457241752e+00
-7.378776043860538758e-01 3.269027566633496029e+00
-7.311404154758215368e-01 3.281561178255334443e+00
-7.243899482705697945e-01 3.294062661940256209e+00
-7.176262609701358208e-01 3.306532231825954238e+00
-7.108494105881689729e-01 3.318970097670448816e+00
-7.040594530079667956e-01 3.331376464949935112e+00
-6.972564430360271848e-01 3.343751534954381377e+00
-6.904404344534144089e-01 3.356095504880948877e+00
-6.836114800650266998e-01 3.368408567925273100e+00
-6.767696317468434586e-01 3.380690913370651973e+00
-6.699149404912416728e-01 3.392942726675199250e+00
-6.630474564504464929e-01 3.405164189556982191e+00
-6.561672289782081169e-01 3.417355480077239438e+00
-6.492743066697574950e-01 3.429516772721663997e+00
-6.423687374001189054e-01 3.441648238479842803e+00
-6.354505683608466793e-01 3.453750044922870188e+00
-6.285198460952426958e-01 3.465822356279188998e+00
-6.215766165321158221e-01 3.477865333508688650e+00
-6.146209250181492445e-01 3.489879134375124092e+00
-6.076528163489165468e-01 3.501863913516856108e+00
-6.006723347986152595e-01 3.513819822515996893e+00
-5.936795241485554042e-01 3.525747009965968015e+00
-5.866744277144648745e-01 3.537645621537517826e+00
-5.796570883726459567e-01 3.549515800043227198e+00
-5.726275485850353952e-01 3.561357685500558645e+00
-5.655858504232137429e-01 3.573171415193462153e+00
-5.585320355913973023e-01 3.584957123732581241e+00
-5.514661454484592884e-01 3.596714943114085905e+00
-5.443882210290146295e-01 3.608445002777179944e+00
-5.372983030636113710e-01 3.620147429660301786e+00
-5.301964319980502216e-01 3.631822348256040112e+00
-5.230826480118866417e-01 3.643469880664826022e+00
-5.159569910361256895e-01 3.655090146647396843e+00
-5.088195007701609152e-01 3.666683263676077331e+00
-5.016702166979719602e-01 3.678249346984916901e+00
-4.945091781036171641e-01 3.689788509618677104e+00
-4.873364240860513230e-01 3.701300862480735976e+00
-4.801519935732859179e-01 3.712786514379905700e+00
-4.729559253359248427e-01 3.724245572076200439e+00
-4.657482580000997796e-01 3.735678140325579211e+00
-4.585290300598258151e-01 3.747084321923696670e+00
-4.512982798887994473e-01 3.758464217748659575e+00
-4.440560457516657400e-01 3.769817926802839114e+00
-4.368023658147696664e-01 3.781145546253751544e+00
-4.295372781564156250e-01 3.792447171474031098e+00
-4.222608207766498367e-01 3.803722896080502736e+00
-4.149730316065942670e-01 3.814972811972404898e+00
-4.076739485173349054e-01 3.826197009368750290e+00
-4.003636093283943209e-01 3.837395576844867318e+00
-3.930420518157994314e-01 3.848568601368139053e+00
-3.857093137197606381e-01 3.859716168332942843e+00
-3.783654327519757610e-01 3.870838361594827415e+00
-3.710104466025806458e-01 3.881935263503937250e+00
-3.636443929467500502e-01 3.893006954937705100e+00
-3.562673094509695160e-01 3.904053515332824187e+00
-3.488792337789912712e-01 3.915075022716521858e+00
-3.414802035974809913e-01 3.926071553737150222e+00
-3.340702565813738478e-01 3.937043183694111992e+00
-3.266494304189467845e-01 3.947989986567127740e+00
-3.192177628166221748e-01 3.958912035044877875e+00
-3.117752915035070238e-01 3.969809400553005130e+00
-3.043220542356874780e-01 3.980682153281532631e+00
-2.968580888002799179e-01 3.991530362211665572e+00
-2.893834330192519566e-01 4.002354095142036883e+00
-2.818981247530205625e-01 4.013153418714359155e+00
-2.744022019038406257e-01 4.023928398438551213e+00
-2.668957024189875238e-01 4.034679098717311341e+00
-2.593786642937424558e-01 4.045405582870161609e+00
-2.518511255741904264e-01 4.056107913156973943e+00
-2.443131243598372082e-01 4.066786150801009470e+00
-2.367646988060539415e-01 4.077440356011441835e+00
-2.292058871263506215e-01 4.088070588005424888e+00
-2.216367275944967352e-01 4.098676905029664752e+00
-2.140572585464803335e-01 4.109259364381557589e+00
-2.064675183823253823e-01 4.119818022429857507e+00
-1.988675455677647308e-01 4.130352934634923479e+00
-1.912573786357805172e-01 4.140864155568520388e+00
-1.836370561880091290e-01 4.151351738933224844e+00
-1.760066168960268407e-01 4.161815737581398444e+00
-1.683660995025102192e-01 4.172256203533770247e+00
-1.607155428222883375e-01 4.182673187997632880e+00
-1.530549857432760008e-01 4.193066741384652296e+00
-1.453844672273115202e-01 4.203436913328302715e+00
-1.377040263108835205e-01 4.213783752700934748e+00
-1.300137021057669873e-01 4.224107307630500685e+00
-1.223135337995638755e-01 4.234407625516906748e+00
-1.146035606561553177e-01 4.244684753048047376e+00
-1.068838220160689551e-01 4.254938736215489570e+00
-9.915435729676154442e-02 4.265169620329841038e+00
-9.141520599282886017e-02 4.275377450035797722e+00
-8.366640767613450769e-02 4.285562269326869789e+00
-7.590800199587044439e-02 4.295724121559818087e+00
-6.814002867855124823e-02 4.305863049468785064e+00
-6.036252752793462573e-02 4.315979095179128144e+00
-5.257553842488939949e-02 4.326072300220975997e+00
-4.477910132719480768e-02 4.336142705542506803e+00
-3.697325626928959358e-02 4.346190351522943196e+00
-2.915804336195932170e-02 4.356215277985296730e+00
-2.133350279197835861e-02 4.366217524208833467e+00
-1.349967482169530698e-02 4.376197128941293535e+00
-5.656599788577481094e-03 4.386154130410864660e+00
2.195681895297979958e-03 4.396088566337901682e+00
1.005712974378639851e-02 4.406000473946414253e+00
1.792770319726877740e-02 4.415889889975316507e+00
2.580736162327978284e-02 4.425756850689444910e+00
3.369606431717236950e-02 4.435601391890364731e+00
4.159377050282012794e-02 4.445423548926945578e+00
4.950043933335249863e-02 4.455223356705719340e+00
5.741602989192346601e-02 4.465000849701042718e+00
6.534050119250764399e-02 4.474756061965037723e+00
7.327381218073159008e-02 4.484489027137350980e+00
8.121592173472330645e-02 4.494199778454690986e+00
8.916678866599940523e-02 4.503888348760193061e+00
9.712637172036649169e-02 4.513554770512588021e+00
1.050946295788532520e-01 4.523199075795189650e+00
1.130715208586598602e-01 4.532821296324688554e+00
1.210570041141308673e-01 4.542421463459794140e+00
1.290510378377486833e-01 4.551999608209670534e+00
1.370535804611419384e-01 4.561555761242243712e+00
1.450645903561154915e-01 4.571089952892289254e+00
1.530840258356945260e-01 4.580602213169418846e+00
1.611118451551817043e-01 4.590092571765851837e+00
1.691480065132365818e-01 4.599561058064071339e+00
1.771924680529585183e-01 4.609007701144306246e+00
1.852451878629910731e-01 4.618432529791864027e+00
1.933061239786303676e-01 4.627835572504325867e+00
2.013752343829521840e-01 4.637216857498605016e+00
2.094524770079403686e-01 4.646576412717832838e+00
2.175378097356333307e-01 4.655914265838149824e+00
2.256311903992727907e-01 4.665230444275323407e+00
2.337325767844633528e-01 4.674524975191264531e+00
2.418419266303369897e-01 4.683797885500387892e+00
2.499591976307277974e-01 4.693049201875871823e+00
2.580843474353494149e-01 4.702278950755769849e+00
2.662173336509775501e-01 4.711487158349020099e+00
2.743581138426399169e-01 4.720673850641317060e+00
2.825066455348075878e-01 4.729839053400891835e+00
2.906628862125916757e-01 4.738982792184139647e+00
2.988267933229408202e-01 4.748105092341182498e+00
3.069983242758456132e-01 4.757205979021275510e+00
3.151774364455401933e-01 4.766285477178141328e+00
3.233640871717081144e-01 4.775343611575182834e+00
3.315582337606893804e-01 4.784380406790586626e+00
3.397598334866867575e-01 4.793395887222342111e+00
3.479688435929758628e-01 4.802390077093146026e+00
3.561852212931103101e-01 4.811363000455224359e+00
3.644089237721302998e-01 4.820314681195027262e+00
3.726399081877685426e-01 4.829245143037883992e+00
3.808781316716577936e-01 4.838154409552507751e+00
3.891235513305333904e-01 4.847042504155457010e+00
3.973761242474350697e-01 4.855909450115470705e+00
4.056358074829082838e-01 4.864755270557752809e+00
4.139025580762031864e-01 4.873579988468143220e+00
4.221763330464692876e-01 4.882383626697222923e+00
4.304570893939483334e-01 4.891166207964324109e+00
4.387447841011637983e-01 4.899927754861475471e+00
4.470393741341077143e-01 4.908668289857256006e+00
4.553408164434218919e-01 4.917387835300582211e+00
4.636490679655806413e-01 4.926086413424403787e+00
4.719640856240605586e-01 4.934764046349349620e+00
4.802858263305166964e-01 4.943420756087279599e+00
4.886142469859445225e-01 4.952056564544775163e+00
4.969493044818442118e-01 4.960671493526551679e+00
5.052909557013778308e-01 4.969265564738829966e+00
5.136391575205212501e-01 4.977838799792588809e+00
5.219938668092113376e-01 4.986391220206808583e+00
5.303550404324868239e-01 4.994922847411603861e+00
5.387226352516284456e-01 5.003433702751333811e+00
5.470966081252859325e-01 5.011923807487606908e+00
5.554769159106067722e-01 5.020393182802261656e+00
5.638635154643525382e-01 5.028841849800266495e+00
5.722563636440189949e-01 5.037269829512569963e+00
5.806554173089375492e-01 5.045677142898881584e+00
5.890606333213811441e-01 5.054063810850420779e+00
5.974719685476591602e-01 5.062429854192580514e+00
6.058893798592071001e-01 5.070775293687550089e+00
6.143128241336707207e-01 5.079100150036892636e+00
6.227422582559796194e-01 5.087404443884057770e+00
6.311776391194220404e-01 5.095688195816843624e+00
6.396189236267069145e-01 5.103951426369814470e+00
6.480660686910175716e-01 5.112194156026670377e+00
6.565190312370687842e-01 5.120416405222548484e+00
6.649777682021456027e-01 5.128618194346310943e+00
6.734422365371413033e-01 5.136799543742752050e+00
6.819123932075886740e-01 5.144960473714783156e+00
6.903881951946809759e-01 5.153101004525548312e+00
6.988695994962904612e-01 5.161221156400531918e+00
7.073565631279750132e-01 5.169320949529578435e+00
7.158490431239820095e-01 5.177400404068907669e+00
7.243469965382437481e-01 5.185459540143064316e+00
7.328503804453615489e-01 5.193498377846837322e+00
7.413591519415924092e-01 5.201516937247136596e+00
7.498732681458168958e-01 5.209515238384820890e+00
7.583926862005090364e-01 5.217493301276506124e+00
7.669173632726949963e-01 5.225451145916314211e+00
7.754472565549037633e-01 5.233388792277601453e+00
7.839823232661120578e-01 5.241306260314635423e+00
7.925225206526830268e-01 5.249203569964248750e+00
8.010678059892953895e-01 5.257080741147446723e+00
8.096181365798665874e-01 5.264937793770983809e+00
8.181734697584669425e-01 5.272774747728916189e+00
8.267337628902307056e-01 5.280591622904091231e+00
8.352989733722556709e-01 5.288388439169646738e+00
8.438690586344944622e-01 5.296165216390427588e+00
8.524439761406461535e-01 5.303921974424425478e+00
8.610236833890312358e-01 5.311658733124138720e+00
8.696081379134629197e-01 5.319375512337924938e+00
8.781972972841148861e-01 5.327072331911320902e+00
8.867911191083763800e-01 5.334749211688337489e+00
8.953895610317034182e-01 5.342406171512711133e+00
9.039925807384586731e-01 5.350043231229138385e+00
9.126001359527499135e-01 5.357660410684474073e+00
9.212121844392557879e-01 5.365257729728913461e+00
9.298286840040512757e-01 5.372835208217141556e+00
9.384495924954139312e-01 5.380392866009438890e+00
9.470748678046362334e-01 5.387930722972793518e+00
9.557044678668230597e-01 5.395448798981962391e+00
9.643383506616847178e-01 5.402947113920517630e+00
9.729764742143188760e-01 5.410425687681860829e+00
9.816187965959936035e-01 5.417884540170224916e+00
9.902652759249105374e-01 5.425323691301630724e+00
9.989158703669777095e-01 5.432743161004855104e+00
1.007570538136557836e+00 5.440142969222332425e+00
1.016229237497223936e+00 5.447523135911075620e+00
1.024891926762497407e+00 5.454883681043535049e+00
1.033558564296585880e+00 5.462224624608468027e+00
1.042229108515110525e+00 5.469545986611769273e+00
1.050903517885829253e+00 5.476847787077286256e+00
1.059581750929347921e+00 5.484130046047606122e+00
1.068263766219833988e+00 5.491392783584843507e+00
1.076949522385708402e+00 5.498636019771366179e+00
1.085638978110347486e+00 5.505859774710552657e+00
1.094332092132769274e+00 5.513064068527500972e+00
1.103028823248307200e+00 5.520248921369697470e+00
