freeperiod 1.500000e+01 magnification 3.750000e+02
npts 513 dfreq 1.000000000000000021e-02
0.000000000000000000e+00 0.000000000000000000e+00
-5.057092880401948065e+01 1.439075264790282560e+01
-5.914402477321075935e+01 1.490725467163944415e+02
4.136306510603373710e+01 2.464669105635969117e+02
1.665104337295963717e+02 2.651157711954707565e+02
2.694748119994380886e+02 2.259880291701452109e+02
3.348037013885466990e+02 1.586184110347597880e+02
3.650289724834576646e+02 8.567789023838713547e+01
3.695273500595768610e+02 1.973283675071855825e+01
3.579114860871521273e+02 -3.441235179151740908e+01
3.375465216951498064e+02 -7.633474862419321028e+01
3.133142494254032044e+02 -1.075181131254079361e+02
2.881599736604382542e+02 -1.299822046778100741e+02
2.637232202978902365e+02 -1.456625636794493914e+02
2.408308337711762022e+02 -1.561923798314452938e+02
2.198306585254727565e+02 -1.628684113545255627e+02
2.008010087371376926e+02 -1.666880716215626137e+02
1.836769980744483632e+02 -1.684054987132140013e+02
1.683241090650171827e+02 -1.685858513690380960e+02
1.545800293722251979e+02 -1.676508650855257656e+02
1.422774624230251277e+02 -1.659147278125635125e+02
1.312562013797876261e+02 -1.636114499546827972e+02
1.213686465793743281e+02 -1.609153647684957775e+02
1.124819323203733319e+02 -1.579563703557512611e+02
1.044781160196956478e+02 -1.548312193983253735e+02
9.725340297502086173e+01 -1.516118854748075364e+02
9.071685840449038096e+01 -1.483517389710117698e+02
8.478910430858660163e+01 -1.450901951398732592e+02
7.940088665757802744e+01 -1.418561306419809682e+02
7.449180136952786313e+01 -1.386704667345571238e+02
7.000913723620446660e+01 -1.355481126996317585e+02
6.590681076606077227e+01 -1.324994044700704876e+02
6.214451513873696342e+01 -1.295312476232985830e+02
5.868690379008416613e+01 -1.266479350535700519e+02
5.550292540895820537e+01 -1.238517943294410486e+02
5.256524481596947851e+01 -1.211436777825632731e+02
4.984974612991521070e+01 -1.185233377897812801e+02
4.733510679946243727e+01 -1.159897145948009154e+02
4.500244087241446067e+01 -1.135411663952496895e+02
4.283495086865070078e+01 -1.111756021661936842e+02
4.081771156464760963e+01 -1.088906675961578543e+02
3.893740238192508230e+01 -1.066838073673423821e+02
3.718211702974159749e+01 -1.045523508292662456e+02
3.554119127342911355e+01 -1.024935699880761604e+02
3.400505399557751218e+01 -1.005047233513535758e+02
3.256509814741438191e+01 -9.858308878965060273e+01
3.121356870952449825e+01 -9.672598786604358168e+01
2.994346522195813520e+01 -9.493080353941644489e+01
2.874845681561066257e+01 -9.319499272644229393e+01
2.762281213650920719e+01 -9.151610114739769131e+01
2.656131755900543467e+01 -8.989174356573809632e+01
2.555924580433461557e+01 -8.831964513846531872e+01
2.461228854199612570e+01 -8.679761705969097818e+01
2.371651669716606037e+01 -8.532356299711304359e+01
2.286834155149630732e+01 -8.389547802156975820e+01
2.206448036025950188e+01 -8.251144677501719116e+01
2.130192590508686123e+01 -8.116964108690945068e+01
2.057791948280743100e+01 -7.986831720303588611e+01
1.988992689997712304e+01 -7.860581275462818951e+01
1.923561952318116042e+01 -7.738054814754738686e+01
1.861284541784140956e+01 -7.619100483153835057e+01
1.801962720837747867e+01 -7.503574988694906267e+01
1.745413679692125442e+01 -7.391341401139338529e+01
1.691468425844978185e+01 -7.282269300981225513e+01
1.639970558937184109e+01 -7.176234464269673197e+01
1.590775169489844032e+01 -7.073118556913487964e+01
1.543747847531481909e+01 -6.972808839690129901e+01
1.498763788862635415e+01 -6.875197884755642974e+01
1.455706988207136199e+01 -6.780183304121794663e+01
1.414469509801569913e+01 -6.687667490310943208e+01
1.374950827105423556e+01 -6.597557369203418887e+01
1.337057224298241209e+01 -6.509764164943680953e+01
1.300701253087441955e+01 -6.424203176660645909e+01
1.265801239098861153e+01 -6.340793566676774162e+01
1.232280832776142709e+01 -6.259458159822676748e+01
1.200068839957895150e+01 -6.180123848104830131e+01
1.169097880938095635e+01 -6.102719017874886731e+01
1.139305515846007921e+01 -6.027176991523726457e+01
1.110632946137687505e+01 -5.953433443944507530e+01
1.083024979042000169e+01 -5.881426860290885372e+01
1.056429766598891895e+01 -5.811098392552170822e+01
1.030798566369387892e+01 -5.742391724082209947e+01
1.006085521794281235e+01 -5.675252941652152572e+01
9.822474603874894683e+00 -5.609630414613088334e+01
9.592437081353509143e+00 -5.545474680771274478e+01
9.370359186378303562e+00 -5.482738338596368521e+01
9.155879156740789782e+00 -5.421375945401076279e+01
8.948655480051639799e+00 -5.361343921148482394e+01
8.748365553431927566e+00 -5.302600457561424463e+01
8.554704445197970131e+00 -5.245105432225420827e+01
8.367383749798561254e+00 -5.188820327393931109e+01
8.186130528093217507e+00 -5.133708153220874237e+01
8.010686325804989849e+00 -5.079733375161256959e+01
7.840806263648545382e+00 -5.026861845295756837e+01
7.676258193233729266e+00 -4.975060737349443230e+01
7.516821913383794573e+00 -4.924298485188549535e+01
7.362288441992389743e+00 -4.874544724592105638e+01
7.212460458679552211e+00 -4.825770604617639492e+01
7.067147162424535445e+00 -4.777947262206105705e+01
6.926170505204110484e+00 -4.731047993283859654e+01
6.789360063110406962e+00 -4.685046718042055147e+01
6.656553681315669380e+00 -4.639918310273866098e+01
6.527596998467103617e+00 -4.595638555167517580e+01
6.402343002610072276e+00 -4.552184109258291755e+01
6.280651616279474325e+00 -4.509532462416436971e+01
6.162389308596030624e+00 -4.467661901755680276e+01
6.047428732382050143e+00 -4.426551477353822861e+01
5.935648384474066397e+00 -4.386180969683745445e+01
5.826932287557062828e+00 -4.346530858659187402e+01
5.721169691979491212e+00 -4.307582294205429463e+01
5.618254796131270545e+00 -4.269317068270586191e+01
5.518086484078775555e+00 -4.231717588198188906e+01
5.420568079252734428e+00 -4.194766851386442141e+01
5.325607113079036559e+00 -4.158448421164231945e+01
5.233115107527291698e+00 -4.122746403817843941e+01
5.143007370630581221e+00 -4.087645426706492202e+01
5.055202804101387670e+00 -4.053130617408279335e+01
4.969623722234570273e+00 -4.019187583841820555e+01
4.886196306511714660e+00 -3.985802646592708243e+01
4.804847928712104199e+00 -3.952961811629069899e+01
4.725510797448531974e+00 -3.920652273078800221e+01
4.648119267008050670e+00 -3.888861379200460533e+01
4.572610343709727410e+00 -3.857576872128162648e+01
4.498923558587863525e+00 -3.826786872860879640e+01
4.427000847136975281e+00 -3.796479866922721413e+01
4.356786435675427782e+00 -3.766644690660222494e+01
4.288226733915275979e+00 -3.737270518144336506e+01
4.221270233354530887e+00 -3.708346848646776550e+01
4.155867411134631872e+00 -3.679863494661996981e+01
4.091970639030364509e+00 -3.651810570447793936e+01
4.029534097261750603e+00 -3.624178481058784485e+01
3.968513692838859352e+00 -3.596957911848731726e+01
3.908866982169242554e+00 -3.570139818418706312e+01
3.850553097676224557e+00 -3.543715416989558520e+01
3.793532678192407470e+00 -3.517676175178204545e+01
3.737767802908414705e+00 -3.492013803158337737e+01
3.683221928671219558e+00 -3.466720245187339344e+01
3.629859830439492008e+00 -3.441787671481930744e+01
3.577647544715959249e+00 -3.417208470426249534e+01
3.526552315788012315e+00 -3.392975241096696237e+01
3.476542544618671737e+00 -3.369080786088873225e+01
3.427587740239765424e+00 -3.345518104632611767e+01
3.379658473508436067e+00 -3.322280385981802908e+01
3.332726333096864391e+00 -3.299361003066547227e+01
3.286763883592806579e+00 -3.276753506395598237e+01
3.241744625596269191e+00 -3.254451618197847296e+01
3.197642957704454503e+00 -3.232449226792073915e+01
3.154434140283735477e+00 -3.210740381174783664e+01
3.112094260933325973e+00 -3.189319285816414506e+01
3.070600201551137332e+00 -3.168180295656722123e+01
3.029930218084634586e+00 -3.147318225871994102e+01
2.990061453874542252e+00 -3.126727084840269555e+01
2.950973614386139587e+00 -3.106401969481350278e+01
2.912646458555519846e+00 -3.086337790250254542e+01
2.875060396196226442e+00 -3.066529585744262576e+01
2.838196463070592035e+00 -3.046972518723914902e+01
2.802036297066649695e+00 -3.027661872280163635e+01
2.766562115425173385e+00 -3.008593046141624683e+01
2.731756692964156574e+00 -2.989761553115927484e+01
2.697603341251256559e+00 -2.971163015659628215e+01
2.664085888677390823e+00 -2.952793162571341412e+01
2.631188661387171113e+00 -2.934647825802957044e+01
2.598896465024427282e+00 -2.916722937384131953e+01
2.567194567253275661e+00 -2.899014526455412621e+01
2.536068681017312976e+00 -2.881518716405552993e+01
2.505504948501602325e+00 -2.864231722108854328e+01
2.475489925763921573e+00 -2.847149847258462785e+01
2.446010568003573304e+00 -2.830269481791795627e+01
2.417054215437835829e+00 -2.813587099404470138e+01
2.388608579757404371e+00 -2.797099255149152697e+01
2.360661731134138464e+00 -2.780802583116082616e+01
2.333202085755282429e+00 -2.764693794191972387e+01
2.306218393860135940e+00 -2.748769673894294741e+01
2.279699728256109559e+00 -2.733027080278034404e+01
2.253635473292327607e+00 -2.717462941912059904e+01
2.228015314270148206e+00 -2.702074255922511270e+01
2.202829227270847845e+00 -2.686858086100563980e+01
2.178067469381942178e+00 -2.671811561072238206e+01
2.153720569304261812e+00 -2.656931872527780669e+01
2.129779318323032467e+00 -2.642216273508480029e+01
2.106234761626919028e+00 -2.627662076748724473e+01
2.083078189959763904e+00 -2.613266653071237755e+01
2.060301131590598356e+00 -2.599027429833555303e+01
2.037895344588123603e+00 -2.584941889423841488e+01
2.015852809386502464e+00 -2.571007567804212712e+01
1.994165721630074328e+00 -2.557222053099885883e+01
1.972826485284997711e+00 -2.543582984232418553e+01
1.951827706006651342e+00 -2.530088049595552491e+01
1.931162184751822775e+00 -2.516734985771994459e+01
1.910822911625601250e+00 -2.503521576289796613e+01
1.890803059953053200e+00 -2.490445650416846846e+01
1.871095980566420458e+00 -2.477505081992158509e+01
1.851695196298896118e+00 -2.464697788292638592e+01
1.832594684346837921e+00 -2.452021920347995376e+01
1.813787716056321164e+00 -2.439475094272652456e+01
1.795268591341179221e+00 -2.427055544584269242e+01
1.777031469816832132e+00 -2.414761351645716303e+01
1.759070658383713237e+00 -2.402590634082100607e+01
1.741380606795333685e+00 -2.390541547835974967e+01
1.723955903381081844e+00 -2.378612285250311587e+01
1.706791270917585424e+00 -2.366801074178261288e+01
1.689881562642768564e+00 -2.355106177118804212e+01
1.673221758407025694e+00 -2.343525890377426535e+01
1.656806960956137997e+00 -2.332058543250986915e+01
1.640632392340795276e+00 -2.320702497235950545e+01
1.624693390447845998e+00 -2.309456145259243698e+01
1.608985405648557521e+00 -2.298317910930949282e+01
1.593503997559420737e+00 -2.287286247818148155e+01
1.578244831911205015e+00 -2.276359638739221936e+01
1.563203677522129853e+00 -2.265536595077915294e+01
1.548376403371213739e+00 -2.254815656116541334e+01
1.533758975768108712e+00 -2.244195388387742440e+01
1.519347455615662756e+00 -2.233674385044130517e+01
1.505137995761887337e+00 -2.223251265245308517e+01
1.491126838437959234e+00 -2.212924673561701994e+01
1.477310312779048562e+00 -2.202693279394631887e+01
1.463684832424977822e+00 -2.192555776412155311e+01
1.450246893197782105e+00 -2.182510882000179819e+01
1.436993070853320509e+00 -2.172557336728331023e+01
1.423920018904324181e+00 -2.162693903830162867e+01
1.411024466512242004e+00 -2.152919368697234503e+01
1.398303216445458741e+00 -2.143232538386647335e+01
1.385753143101442264e+00 -2.133632241141588892e+01
1.373371190590641611e+00 -2.124117325924543920e+01
1.361154370879848585e+00 -2.114686661962737801e+01
1.349099761992970103e+00 -2.105339138305449964e+01
1.337204506267206661e+00 -2.096073663392864006e+01
1.325465808662657397e+00 -2.086889164636079030e+01
1.313880935123504567e+00 -2.077784588007943256e+01
1.302447210989020165e+00 -2.068758897644432082e+01
1.291162019452605225e+00 -2.059811075456191531e+01
1.280022800067277089e+00 -2.050940120749994477e+01
1.269027047295981703e+00 -2.042145049859811223e+01
1.258172309105184405e+00 -2.033424895787179665e+01
1.247456185600311240e+00 -2.024778707850645887e+01
1.236876487262267288e+00 -2.016205680919417986e+01
1.226430593403440517e+00 -2.007704635690705430e+01
1.216116414366734455e+00 -1.999274799093939947e+01
1.205931745955141965e+00 -1.990915282381727636e+01
1.195874429867498367e+00 -1.982625211497657958e+01
1.185942352556961898e+00 -1.974403726774785639e+01
1.176133444122477112e+00 -1.966249982641505412e+01
1.166445677232097689e+00 -1.958163147334562026e+01
1.156877066077185434e+00 -1.950142402619052362e+01
1.147425665356445856e+00 -1.942186943515195807e+01
1.138089569288801561e+00 -1.934295978031649099e+01
1.128866910654253042e+00 -1.926468726905261164e+01
1.119755859861739866e+00 -1.918704423347016785e+01
1.110754624043199135e+00 -1.911002312794040137e+01
1.101861446172928138e+00 -1.903361652667458159e+01
1.093074604211512257e+00 -1.895781712136007258e+01
1.084392410273481433e+00 -1.888261771885184714e+01
1.075813209817964244e+00 -1.880801123891799875e+01
1.067335380861647254e+00 -1.873399071203818878e+01
1.058957333213276897e+00 -1.866054927725287982e+01
1.050677507729101290e+00 -1.858768018006274048e+01
1.042494375588553179e+00 -1.851537677037634566e+01
1.034406437589560523e+00 -1.844363250050503567e+01
1.026412223462906059e+00 -1.837244092320394628e+01
1.018510291204984819e+00 -1.830179568975734838e+01
1.010699226428474651e+00 -1.823169054810782441e+01
1.002977641730325331e+00 -1.816211934102774705e+01
9.953441760765406876e-01 -1.809307600433190188e+01
9.877974942032714534e-01 -1.802455456513041199e+01
9.803362860337163642e-01 -1.795654914012085968e+01
9.729592661103334539e-01 -1.788905393391831211e+01
9.656651730419334445e-01 -1.782206323742263265e+01
9.584527689652024840e-01 -1.775557142622191265e+01
9.513208390202316789e-01 -1.768957295903125981e+01
9.442681908396046708e-01 -1.762406237616567495e+01
9.372936540507000869e-01 -1.755903429804668292e+01
9.303960797907805391e-01 -1.749448342374142840e+01
9.235743402344950281e-01 -1.743040452953356123e+01
9.168273281334432534e-01 -1.736679246752503758e+01
9.101539563674797551e-01 -1.730364216426843882e+01
9.035531575073317834e-01 -1.724094861942826284e+01
8.970238833883251717e-01 -1.717870690447141513e+01
8.905651046947793414e-01 -1.711691216138529370e+01
8.841758105548583879e-01 -1.705555960142345739e+01
8.778550081455259724e-01 -1.699464450387779024e+01
8.716017223073346809e-01 -1.693416221487665041e+01
8.654149951687798437e-01 -1.687410814620843524e+01
8.592938857799274910e-01 -1.681447777416982348e+01
8.532374697550542120e-01 -1.675526663843789876e+01
8.472448389241017397e-01 -1.669647034096635707e+01
8.413151009926065349e-01 -1.663808454490411748e+01
8.354473792099365026e-01 -1.658010497353653534e+01
8.296408120456000290e-01 -1.652252740924862096e+01
8.238945528733759849e-01 -1.646534769250946795e+01
8.182077696630427610e-01 -1.640856172087730869e+01
8.125796446795766625e-01 -1.635216544802550587e+01
8.070093741894873718e-01 -1.629615488278767899e+01
8.014961681742135413e-01 -1.624052608822272958e+01
7.960392500503132851e-01 -1.618527518069852889e+01
7.906378563962990214e-01 -1.613039832899421100e+01
7.852912366859363669e-01 -1.607589175342053522e+01
7.799986530278001373e-01 -1.602175172495768862e+01
7.747593799109725454e-01 -1.596797456441056973e+01
7.695727039566753191e-01 -1.591455664158069894e+01
7.644380787684107448e-01 -1.586149597987105153e+01
7.593545027801045233e-01 -1.580878582318893244e+01
7.543214542335716644e-01 -1.575642429967757252e+01
7.493382659081728736e-01 -1.570440796716639831e+01
7.444042815574644090e-01 -1.565273342858042582e+01
7.395188556933663948e-01 -1.560139733120528405e+01
7.346813533752630798e-01 -1.555039636596662334e+01
7.298911500039229061e-01 -1.549972726672349310e+01
7.251476311200824032e-01 -1.544938680957536548e+01
7.204501922075980946e-01 -1.539937181218246209e+01
7.157982385010440707e-01 -1.534967913309924725e+01
7.111911847976378764e-01 -1.530030567112066109e+01
7.066284552733680391e-01 -1.525124836464066469e+01
7.021094833032639482e-01 -1.520250419102334583e+01
6.976337112856396683e-01 -1.515407016598561718e+01
6.932005904702563948e-01 -1.510594334299175401e+01
6.888095807902928636e-01 -1.505812081265938573e+01
6.844601506980046990e-01 -1.501059970217642459e+01
6.801517770040329536e-01 -1.496337717472931317e+01
6.758839447202037443e-01 -1.491645042894153761e+01
6.716561469057900080e-01 -1.486981669832292319e+01
6.674678845171084784e-01 -1.482347325072894861e+01
6.633186662603889339e-01 -1.477741738783010916e+01
6.592080084478436630e-01 -1.473164644459123274e+01
6.551354348568226849e-01 -1.468615778876012179e+01
6.511004765920193060e-01 -1.464094882036576450e+01
6.471026719506265401e-01 -1.459601697122564445e+01
6.431415662903826602e-01 -1.455135970446209726e+01
6.392167119004193987e-01 -1.450697451402729143e+01
6.353276678748843720e-01 -1.446285892423713904e+01
6.314739999892018396e-01 -1.441901048931315898e+01
6.276552805789999967e-01 -1.437542679293316539e+01
6.238710884215442620e-01 -1.433210544778951423e+01
6.201210086196842219e-01 -1.428904409515548402e+01
6.164046324882410666e-01 -1.424624040445954698e+01
6.127215574427428146e-01 -1.420369207286688962e+01
6.090713868905015538e-01 -1.416139682486866924e+01
6.054537301239277802e-01 -1.411935241187823209e+01
6.018682022160840583e-01 -1.407755661183485429e+01
5.983144239183686430e-01 -1.403600722881408913e+01
5.947920215603166305e-01 -1.399470209264515397e+01
5.913006269514492486e-01 -1.395363905853485065e+01
5.878398772851515242e-01 -1.391281600669835328e+01
5.844094150444859581e-01 -1.387223084199604450e+01
5.810088879099328807e-01 -1.383188149357683550e+01
5.776379486690130793e-01 -1.379176591452775114e+01
5.742962551277186467e-01 -1.375188208152934699e+01
5.709834700237439442e-01 -1.371222799451719254e+01
5.676992609414582835e-01 -1.367280167634914534e+01
5.644433002285818013e-01 -1.363360117247825620e+01
5.612152649145278893e-01 -1.359462455063131614e+01
5.580148366303716578e-01 -1.355586990049278029e+01
5.548417015304177857e-01 -1.351733533339419324e+01
5.516955502153199076e-01 -1.347901898200880666e+01
5.485760776567052410e-01 -1.344091900005117068e+01
5.454829831233115600e-01 -1.340303356198211127e+01
5.424159701085556895e-01 -1.336536086271835799e+01
5.393747462595315234e-01 -1.332789911734722388e+01
5.363590233073920466e-01 -1.329064656084589835e+01
5.333685169990871611e-01 -1.325360144780548666e+01
5.304029470304434390e-01 -1.321676205215972466e+01
5.274620369805074205e-01 -1.318012666691782542e+01
5.245455142472081889e-01 -1.314369360390229424e+01
5.216531099842073305e-01 -1.310746119349047767e+01
5.187845590390014472e-01 -1.307142778436071673e+01
5.159395998921946225e-01 -1.303559174324255743e+01
5.131179745979436158e-01 -1.299995145467109303e+01
5.103194287255151673e-01 -1.296450532074505269e+01
5.075437113019837243e-01 -1.292925176088917283e+01
5.047905747560058609e-01 -1.289418921162026521e+01
5.020597748626385304e-01 -1.285931612631684473e+01
4.993510706892350104e-01 -1.282463097499290328e+01
4.966642245423272262e-01 -1.279013224407490767e+01
4.939990019155228174e-01 -1.275581843618265054e+01
4.913551714383682101e-01 -1.272168806991341228e+01
4.887325048261664251e-01 -1.268773967962963312e+01
4.861307768307395749e-01 -1.265397181525003667e+01
4.835497651920940831e-01 -1.262038304204394734e+01
4.809892505909824645e-01 -1.258697194042889222e+01
4.784490166023488422e-01 -1.255373710577144486e+01
4.759288496496183463e-01 -1.252067714819107458e+01
4.734285389598429927e-01 -1.248779069236725192e+01
4.709478765196551953e-01 -1.245507637734941220e+01
4.684866570320375678e-01 -1.242253285637000459e+01
4.660446778738676632e-01 -1.239015879666031239e+01
4.636217390542486383e-01 -1.235795287926928054e+01
4.612177158692292167e-01 -1.232591476895658111e+01
4.588322675158940656e-01 -1.229404122872492522e+01
4.564652749220414196e-01 -1.226233195513256646e+01
4.541165482237138895e-01 -1.223078568274152467e+01
4.517858999918290541e-01 -1.219940115906637246e+01
4.494731451948095202e-01 -1.216817714440906073e+01
4.471781011618793933e-01 -1.213711241169627364e+01
4.449005875470216087e-01 -1.210620574631933621e+01
4.426404262935663136e-01 -1.207545594597644545e+01
4.403974415994110769e-01 -1.204486182051731191e+01
4.381714598828587715e-01 -1.201442219179024384e+01
4.359623097490518129e-01 -1.198413589349137531e+01
4.337698219570008673e-01 -1.195400177101627825e+01
4.315938293871913745e-01 -1.192401868131377185e+01
4.294341670097561736e-01 -1.189418549274189374e+01
4.272906718532065717e-01 -1.186450108492606148e+01
4.251631829736991497e-01 -1.183496434861922886e+01
4.230515414248498529e-01 -1.180557418556430527e+01
4.209555902280566753e-01 -1.177632950835839765e+01
4.188751743433507535e-01 -1.174722924031928883e+01
4.168101406407346277e-01 -1.171827231535365499e+01
4.147603378720213230e-01 -1.168945767782731870e+01
4.127256166431630957e-01 -1.166078428243753073e+01
4.107058293870392562e-01 -1.163225109408688596e+01
4.087008303367151152e-01 -1.160385708775915781e+01
4.067104754991635041e-01 -1.157560124839708671e+01
4.047346226294222249e-01 -1.154748257078173168e+01
4.027731312051958112e-01 -1.151950005941372268e+01
4.008258624018803951e-01 -1.149165272839608498e+01
3.988926790680188406e-01 -1.146393960131890033e+01
3.969734457011656059e-01 -1.143635971114559524e+01
3.950680284241490647e-01 -1.140891210010071077e+01
3.931762949617420011e-01 -1.138159581955947530e+01
3.912981146177176295e-01 -1.135440992993885878e+01
3.894333582522848114e-01 -1.132735350059014579e+01
3.875818982599068541e-01 -1.130042560969314991e+01
3.857436085474794107e-01 -1.127362534415181017e+01
3.839183645128736999e-01 -1.124695179949131685e+01
3.821060430238332750e-01 -1.122040407975667087e+01
3.803065223972197928e-01 -1.119398129741270864e+01
3.785196823785965115e-01 -1.116768257324545566e+01
3.767454041221514616e-01 -1.114150703626497396e+01
3.749835701709455793e-01 -1.111545382360948153e+01
3.732340644374804728e-01 -1.108952208045077370e+01
3.714967721845912063e-01 -1.106371095990111542e+01
3.697715800066368463e-01 -1.103801962292119754e+01
3.680583758110125281e-01 -1.101244723822966876e+01
3.663570487999425751e-01 -1.098699298221358234e+01
3.646674894525774313e-01 -1.096165603884029949e+01
3.629895895073829148e-01 -1.093643559957062728e+01
3.613232419447989785e-01 -1.091133086327294954e+01
3.596683409701845191e-01 -1.088634103613867055e+01
3.580247819970395207e-01 -1.086146533159887717e+01
3.563924616304815496e-01 -1.083670297024194262e+01
3.547712776509974741e-01 -1.081205317973243751e+01
3.531611289984505353e-01 -1.078751519473109965e+01
3.515619157563266706e-01 -1.076308825681564940e+01
3.499735391362596704e-01 -1.073877161440319306e+01
3.483959014627662221e-01 -1.071456452267308457e+01
3.468289061582449651e-01 -1.069046624349121011e+01
3.452724577282024754e-01 -1.066647604533519278e+01
3.437264617467090666e-01 -1.064259320322052105e+01
3.421908248420901244e-01 -1.061881699862782114e+01
3.406654546828248864e-01 -1.059514671943085062e+01
3.391502599636830872e-01 -1.057158165982574083e+01
3.376451503920623320e-01 -1.054812112026095328e+01
3.361500366745473478e-01 -1.052476440736830021e+01
3.346648305036688531e-01 -1.050151083389478224e+01
3.331894445448713715e-01 -1.047835971863539761e+01
3.317237924236821622e-01 -1.045531038636679355e+01
3.302677887130694989e-01 -1.043236216778175418e+01
3.288213489210087270e-01 -1.040951439942468504e+01
3.273843894782246244e-01 -1.038676642362778502e+01
3.259568277261260527e-01 -1.036411758844808695e+01
3.245385819049282916e-01 -1.034156724760542012e+01
3.231295711419461258e-01 -1.031911476042101405e+01
3.217297154400756143e-01 -1.029675949175705085e+01
3.203389356664417265e-01 -1.027450081195691212e+01
3.189571535412205061e-01 -1.025233809678620922e+01
3.175842916266281568e-01 -1.023027072737457566e+01
3.162202733160782153e-01 -1.020829809015824097e+01
3.148650228234965986e-01 -1.018641957682325483e+01
3.135184651728042948e-01 -1.016463458424957622e+01
3.121805261875449933e-01 -1.014294251445569195e+01
3.108511324806840781e-01 -1.012134277454418552e+01
3.095302514150568007e-01 -1.009983542816618041e+01
3.082177309574558044e-01 -1.007841858663578094e+01
3.069135402559339809e-01 -1.005709232628144711e+01
3.056176089819843122e-01 -1.003585607400957080e+01
3.043298675476887594e-01 -1.001470926154789076e+01
3.030502470963779560e-01 -9.993651325394893092e+00
3.017786794934342320e-01 -9.972681706769934706e+00
3.005150973172254214e-01 -9.951799851563949417e+00
2.992594338501657347e-01 -9.931005210290646090e+00
2.980116230699206281e-01 -9.910297238038584311e+00
2.967715996407261914e-01 -9.889675394423576904e+00
2.955392989048430952e-01 -9.869139143541863390e+00
2.943146568741289992e-01 -9.848687953923748850e+00
2.930976102217370260e-01 -9.828321298487901814e+00
2.918880962739350271e-01 -9.808038654496209929e+00
2.906860530020330957e-01 -9.787839503509061956e+00
2.894914190144407540e-01 -9.767723331341379378e+00
2.883041335488286117e-01 -9.747689628019047703e+00
2.871241364644047667e-01 -9.727737887735914413e+00
2.859513682343055030e-01 -9.707867608811378446e+00
2.847857699380851870e-01 -9.688078293648347383e+00
2.836272832543229594e-01 -9.668369448691857215e+00
2.824758504533287362e-01 -9.648740584388125541e+00
2.813314143899537378e-01 -9.629191215144093263e+00
2.801939184965051566e-01 -9.609720859287515182e+00
2.790633067757562480e-01 -9.590329039027443159e+00
2.779395237940577301e-01 -9.571015280415245741e+00
2.768225146745462162e-01 -9.551779113306084312e+00
2.757122250904495697e-01 -9.532620071320897281e+00
2.746086012584784686e-01 -9.513537691808693353e+00
2.735115899323208866e-01 -9.494531515809487843e+00
2.724211383962198418e-01 -9.475601088017551632e+00
2.713371944586428497e-01 -9.456745956745132631e+00
2.702597064460386944e-01 -9.437965673886598239e+00
2.691886231966821863e-01 -9.419259794883039660e+00
2.681238940546046279e-01 -9.400627878687283001e+00
2.670654688636041052e-01 -9.382069487729255641e+00
2.660132979613408777e-01 -9.363584187881825116e+00
2.649673321735162013e-01 -9.345171548427035901e+00
2.639275228081286451e-01 -9.326831142022729892e+00
2.628938216498055147e-01 -9.308562544669502614e+00
2.618661809542224828e-01 -9.290365335678195891e+00
2.608445534425852808e-01 -9.272239097637571703e+00
