nzeros 5
npts 513 dfreq 1.000000000000000021e-02
0.000000000000000000e+00 -0.000000000000000000e+00
0.000000000000000000e+00 9.792629913129007396e-07
0.000000000000000000e+00 3.133641572201282367e-05
0.000000000000000000e+00 2.379609068890349024e-04
0.000000000000000000e+00 1.002765303104410357e-03
0.000000000000000000e+00 3.060196847852813835e-03
0.000000000000000000e+00 7.614749020449116876e-03
0.000000000000000000e+00 1.645847309499593250e-02
0.000000000000000000e+00 3.208848969934113143e-02
0.000000000000000000e+00 5.782450037403546322e-02
0.000000000000000000e+00 9.792629913129004271e-02
0.000000000000000000e+00 1.577112840139340555e-01
0.000000000000000000e+00 2.436719686543717400e-01
0.000000000000000000e+00 3.635934938335408373e-01
0.000000000000000000e+00 5.266711390398698400e-01
0.000000000000000000e+00 7.436278340282341803e-01
0.000000000000000000e+00 1.026831670378916206e+00
0.000000000000000000e+00 1.390413413056561964e+00
0.000000000000000000e+00 1.850384011969134823e+00
0.000000000000000000e+00 2.424752113526882358e+00
0.000000000000000000e+00 3.133641572201281367e+00
0.000000000000000000e+00 3.999408962084009644e+00
0.000000000000000000e+00 5.046761088445889776e+00
0.000000000000000000e+00 6.302872499295848918e+00
0.000000000000000000e+00 7.797502996939895681e+00
0.000000000000000000e+00 9.563115149540049487e+00
0.000000000000000000e+00 1.163499180267330679e+01
0.000000000000000000e+00 1.405135359089062241e+01
0.000000000000000000e+00 1.685347644927583488e+01
0.000000000000000000e+00 2.008580912500461224e+01
0.000000000000000000e+00 2.379609068890349377e+01
0.000000000000000000e+00 2.803546804700872030e+01
0.000000000000000000e+00 3.285861345212531859e+01
0.000000000000000000e+00 3.832384201538596358e+01
0.000000000000000000e+00 4.449322921780998286e+01
0.000000000000000000e+00 5.143272842186223670e+01
0.000000000000000000e+00 5.921228838301231434e+01
0.000000000000000000e+00 6.790597076129317600e+01
0.000000000000000000e+00 7.759206763286023545e+01
0.000000000000000000e+00 8.835321900155045682e+01
0.000000000000000000e+00 1.002765303104410037e+02
0.000000000000000000e+00 1.134536899534086842e+02
0.000000000000000000e+00 1.279810867866883086e+02
0.000000000000000000e+00 1.439599276404321131e+02
0.000000000000000000e+00 1.614963548302684728e+02
0.000000000000000000e+00 1.807015636688609561e+02
0.000000000000000000e+00 2.016919199774671654e+02
0.000000000000000000e+00 2.245890775974981750e+02
0.000000000000000000e+00 2.495200959020766618e+02
0.000000000000000000e+00 2.766175573075965417e+02
0.000000000000000000e+00 3.060196847852815836e+02
0.000000000000000000e+00 3.378704593727443353e+02
0.000000000000000000e+00 3.723197376855458174e+02
0.000000000000000000e+00 4.095233694287533694e+02
0.000000000000000000e+00 4.496433149084999172e+02
0.000000000000000000e+00 4.928477625435439222e+02
0.000000000000000000e+00 5.393112463768267162e+02
0.000000000000000000e+00 5.892147635870323938e+02
0.000000000000000000e+00 6.427458920001475917e+02
0.000000000000000000e+00 7.000989076010187091e+02
0.000000000000000000e+00 7.614749020449118007e+02
0.000000000000000000e+00 8.270819001690713321e+02
0.000000000000000000e+00 8.971349775042790498e+02
0.000000000000000000e+00 9.718563777864143276e+02
0.000000000000000000e+00 1.051475630468010195e+03
0.000000000000000000e+00 1.136229668229814934e+03
0.000000000000000000e+00 1.226362944492350834e+03
0.000000000000000000e+00 1.322127550927469883e+03
0.000000000000000000e+00 1.423783334969919451e+03
0.000000000000000000e+00 1.531598017328891501e+03
0.000000000000000000e+00 1.645847309499591574e+03
0.000000000000000000e+00 1.766815031274794364e+03
0.000000000000000000e+00 1.894793228256394059e+03
0.000000000000000000e+00 2.030082289366981286e+03
0.000000000000000000e+00 2.172991064361381632e+03
0.000000000000000000e+00 2.323836981338230544e+03
0.000000000000000000e+00 2.482946164251527534e+03
0.000000000000000000e+00 2.650653550422188346e+03
0.000000000000000000e+00 2.827303008049614618e+03
0.000000000000000000e+00 3.013247453723242870e+03
0.000000000000000000e+00 3.208848969934112120e+03
0.000000000000000000e+00 3.414478922586421504e+03
0.000000000000000000e+00 3.630518078509077895e+03
0.000000000000000000e+00 3.857356722967272617e+03
0.000000000000000000e+00 4.095394777174025876e+03
0.000000000000000000e+00 4.345041915801756659e+03
0.000000000000000000e+00 4.606717684493827619e+03
0.000000000000000000e+00 4.880851617376120885e+03
0.000000000000000000e+00 5.167883354568591130e+03
0.000000000000000000e+00 5.468262759696809553e+03
0.000000000000000000e+00 5.782450037403550596e+03
0.000000000000000000e+00 6.110915850860323189e+03
0.000000000000000000e+00 6.454141439278949292e+03
0.000000000000000000e+00 6.812618735423122416e+03
0.000000000000000000e+00 7.186850483119941600e+03
0.000000000000000000e+00 7.577350354771509046e+03
0.000000000000000000e+00 7.984643068866453177e+03
0.000000000000000000e+00 8.409264507491512632e+03
0.000000000000000000e+00 8.851761833843089335e+03
0.000000000000000000e+00 9.312693609738787927e+03
0.000000000000000000e+00 9.792629913129010674e+03
0.000000000000000000e+00 1.029215245560847688e+04
0.000000000000000000e+00 1.081185469992781873e+04
0.000000000000000000e+00 1.135234197750512431e+04
0.000000000000000000e+00 1.191423160593746616e+04
0.000000000000000000e+00 1.249815300651253528e+04
0.000000000000000000e+00 1.310474782172010782e+04
0.000000000000000000e+00 1.373467003276367905e+04
0.000000000000000000e+00 1.438858607707199735e+04
0.000000000000000000e+00 1.506717496581059459e+04
0.000000000000000000e+00 1.577112840139340551e+04
0.000000000000000000e+00 1.650115089499424357e+04
0.000000000000000000e+00 1.725795988405845492e+04
0.000000000000000000e+00 1.804228584981439053e+04
0.000000000000000000e+00 1.885487243478503660e+04
0.000000000000000000e+00 1.969647656029953578e+04
0.000000000000000000e+00 2.056786854400472293e+04
0.000000000000000000e+00 2.146983221737676286e+04
0.000000000000000000e+00 2.240316504323259869e+04
0.000000000000000000e+00 2.336867823324162600e+04
0.000000000000000000e+00 2.436719686543717762e+04
0.000000000000000000e+00 2.539956000172808126e+04
0.000000000000000000e+00 2.646662080541028263e+04
0.000000000000000000e+00 2.756924665867831573e+04
0.000000000000000000e+00 2.870831928013692959e+04
0.000000000000000000e+00 2.988473484231265320e+04
0.000000000000000000e+00 3.109940408916525848e+04
0.000000000000000000e+00 3.235325245359945984e+04
0.000000000000000000e+00 3.364722017497632623e+04
0.000000000000000000e+00 3.498226241662498796e+04
0.000000000000000000e+00 3.635934938335407787e+04
0.000000000000000000e+00 3.777946643896337628e+04
0.000000000000000000e+00 3.924361422375522670e+04
0.000000000000000000e+00 4.075280877204630815e+04
0.000000000000000000e+00 4.230808162967903627e+04
0.000000000000000000e+00 4.391047997153317556e+04
0.000000000000000000e+00 4.556106671903742244e+04
0.000000000000000000e+00 4.726092065768082102e+04
0.000000000000000000e+00 4.901113655452452804e+04
0.000000000000000000e+00 5.081282527571328683e+04
0.000000000000000000e+00 5.266711390398693038e+04
0.000000000000000000e+00 5.457514585619208810e+04
0.000000000000000000e+00 5.653808100079341966e+04
0.000000000000000000e+00 5.855709577538559097e+04
0.000000000000000000e+00 6.063338330420460989e+04
0.000000000000000000e+00 6.276815351563939475e+04
0.000000000000000000e+00 6.496263325974340114e+04
0.000000000000000000e+00 6.721806642574597208e+04
0.000000000000000000e+00 6.953571405956421222e+04
0.000000000000000000e+00 7.191685448131436715e+04
0.000000000000000000e+00 7.436278340282337740e+04
0.000000000000000000e+00 7.687481404514057795e+04
0.000000000000000000e+00 7.945427725604888110e+04
0.000000000000000000e+00 8.210252162757690530e+04
0.000000000000000000e+00 8.482091361351002706e+04
0.000000000000000000e+00 8.761083764690223325e+04
0.000000000000000000e+00 9.047369625758766779e+04
0.000000000000000000e+00 9.341091018969185825e+04
0.000000000000000000e+00 9.642391851914377185e+04
0.000000000000000000e+00 9.951417877118701290e+04
0.000000000000000000e+00 1.026831670378915878e+05
0.000000000000000000e+00 1.059323780956653791e+05
0.000000000000000000e+00 1.092633255227654881e+05
0.000000000000000000e+00 1.126775418168102624e+05
0.000000000000000000e+00 1.161765785122904927e+05
0.000000000000000000e+00 1.197620062980811781e+05
0.000000000000000000e+00 1.234354151349527237e+05
0.000000000000000000e+00 1.271984143730830838e+05
0.000000000000000000e+00 1.310526328695688280e+05
0.000000000000000000e+00 1.349997191059368779e+05
0.000000000000000000e+00 1.390413413056562131e+05
0.000000000000000000e+00 1.431791875516489090e+05
0.000000000000000000e+00 1.474149659038024838e+05
0.000000000000000000e+00 1.517504045164807467e+05
0.000000000000000000e+00 1.561872517560358683e+05
0.000000000000000000e+00 1.607272763183196366e+05
0.000000000000000000e+00 1.653722673461949162e+05
0.000000000000000000e+00 1.701240345470476022e+05
0.000000000000000000e+00 1.749844083102979057e+05
0.000000000000000000e+00 1.799552398249119578e+05
0.000000000000000000e+00 1.850384011969136191e+05
0.000000000000000000e+00 1.902357855668952689e+05
0.000000000000000000e+00 1.955493072275303421e+05
0.000000000000000000e+00 2.009809017410843226e+05
0.000000000000000000e+00 2.065325260569263774e+05
0.000000000000000000e+00 2.122061586290412233e+05
0.000000000000000000e+00 2.180037995335399173e+05
0.000000000000000000e+00 2.239274705861722759e+05
0.000000000000000000e+00 2.299792154598381312e+05
0.000000000000000000e+00 2.361610998020986153e+05
0.000000000000000000e+00 2.424752113526882895e+05
0.000000000000000000e+00 2.489236600610258174e+05
0.000000000000000000e+00 2.555085782037265017e+05
0.000000000000000000e+00 2.622321205021132482e+05
0.000000000000000000e+00 2.690964642397284042e+05
0.000000000000000000e+00 2.761038093798452173e+05
0.000000000000000000e+00 2.832563786829788587e+05
0.000000000000000000e+00 2.905564178243991337e+05
0.000000000000000000e+00 2.980061955116412137e+05
0.000000000000000000e+00 3.056080036020172411e+05
0.000000000000000000e+00 3.133641572201283416e+05
0.000000000000000000e+00 3.212769948753753561e+05
0.000000000000000000e+00 3.293488785794712603e+05
0.000000000000000000e+00 3.375821939639524790e+05
0.000000000000000000e+00 3.459793503976901993e+05
0.000000000000000000e+00 3.545427811044023256e+05
0.000000000000000000e+00 3.632749432801639778e+05
0.000000000000000000e+00 3.721783182109206682e+05
0.000000000000000000e+00 3.812554113899989170e+05
0.000000000000000000e+00 3.905087526356178569e+05
0.000000000000000000e+00 3.999408962084011291e+05
0.000000000000000000e+00 4.095544209288873244e+05
0.000000000000000000e+00 4.193519302950434503e+05
0.000000000000000000e+00 4.293360525997748482e+05
0.000000000000000000e+00 4.395094410484377295e+05
0.000000000000000000e+00 4.498747738763503730e+05
0.000000000000000000e+00 4.604347544663039153e+05
0.000000000000000000e+00 4.711921114660756430e+05
0.000000000000000000e+00 4.821495989059390267e+05
0.000000000000000000e+00 4.933099963161761407e+05
0.000000000000000000e+00 5.046761088445889764e+05
0.000000000000000000e+00 5.162507673740099417e+05
0.000000000000000000e+00 5.280368286398157943e+05
0.000000000000000000e+00 5.400371753474368015e+05
0.000000000000000000e+00 5.522547162898705574e+05
0.000000000000000000e+00 5.646923864651904441e+05
0.000000000000000000e+00 5.773531471940604970e+05
0.000000000000000000e+00 5.902399862372451462e+05
0.000000000000000000e+00 6.033559179131211713e+05
0.000000000000000000e+00 6.167039832151893061e+05
0.000000000000000000e+00 6.302872499295851449e+05
0.000000000000000000e+00 6.441088127525917953e+05
0.000000000000000000e+00 6.581717934081511339e+05
0.000000000000000000e+00 6.724793407653747126e+05
0.000000000000000000e+00 6.870346309560564114e+05
0.000000000000000000e+00 7.018408674921819475e+05
0.000000000000000000e+00 7.169012813834431581e+05
0.000000000000000000e+00 7.322191312547480920e+05
0.000000000000000000e+00 7.477977034637320321e+05
0.000000000000000000e+00 7.636403122182708466e+05
0.000000000000000000e+00 7.797502996939896839e+05
0.000000000000000000e+00 7.961310361517780693e+05
0.000000000000000000e+00 8.127859200552986003e+05
0.000000000000000000e+00 8.297183781885001808e+05
0.000000000000000000e+00 8.469318657731290441e+05
0.000000000000000000e+00 8.644298665862393100e+05
0.000000000000000000e+00 8.822158930777061032e+05
0.000000000000000000e+00 9.002934864877368091e+05
0.000000000000000000e+00 9.186662169643817469e+05
0.000000000000000000e+00 9.373376836810475215e+05
0.000000000000000000e+00 9.563115149540049024e+05
0.000000000000000000e+00 9.755913683599052019e+05
0.000000000000000000e+00 9.951809308532882715e+05
0.000000000000000000e+00 1.015083918884095852e+06
0.000000000000000000e+00 1.035304078515182715e+06
0.000000000000000000e+00 1.055845185539826518e+06
0.000000000000000000e+00 1.076711045599242439e+06
0.000000000000000000e+00 1.097905494300093269e+06
0.000000000000000000e+00 1.119432397331999615e+06
0.000000000000000000e+00 1.141295650585053954e+06
0.000000000000000000e+00 1.163499180267330492e+06
0.000000000000000000e+00 1.186046943022398278e+06
0.000000000000000000e+00 1.208942926046828041e+06
0.000000000000000000e+00 1.232191147207711590e+06
0.000000000000000000e+00 1.255795655160167255e+06
0.000000000000000000e+00 1.279760529464854160e+06
0.000000000000000000e+00 1.304089880705481861e+06
0.000000000000000000e+00 1.328787850606324850e+06
0.000000000000000000e+00 1.353858612149729161e+06
0.000000000000000000e+00 1.379306369693631073e+06
0.000000000000000000e+00 1.405135359089061618e+06
0.000000000000000000e+00 1.431349847797664115e+06
0.000000000000000000e+00 1.457954135009197518e+06
0.000000000000000000e+00 1.484952551759058610e+06
0.000000000000000000e+00 1.512349461045786273e+06
0.000000000000000000e+00 1.540149257948574610e+06
0.000000000000000000e+00 1.568356369744784897e+06
0.000000000000000000e+00 1.596975256027458468e+06
0.000000000000000000e+00 1.626010408822825179e+06
0.000000000000000000e+00 1.655466352707817918e+06
0.000000000000000000e+00 1.685347644927581772e+06
0.000000000000000000e+00 1.715658875512990402e+06
0.000000000000000000e+00 1.746404667398146819e+06
0.000000000000000000e+00 1.777589676537907682e+06
0.000000000000000000e+00 1.809218592025389429e+06
0.000000000000000000e+00 1.841296136209476739e+06
0.000000000000000000e+00 1.873827064812338911e+06
0.000000000000000000e+00 1.906816167046939721e+06
0.000000000000000000e+00 1.940268265734547516e+06
0.000000000000000000e+00 1.974188217422249494e+06
0.000000000000000000e+00 2.008580912500460632e+06
0.000000000000000000e+00 2.043451275320439134e+06
0.000000000000000000e+00 2.078804264311788836e+06
0.000000000000000000e+00 2.114644872099983506e+06
0.000000000000000000e+00 2.150978125623871107e+06
0.000000000000000000e+00 2.187809086253183894e+06
0.000000000000000000e+00 2.225142849906054791e+06
0.000000000000000000e+00 2.262984547166524921e+06
0.000000000000000000e+00 2.301339343402059749e+06
0.000000000000000000e+00 2.340212438881053124e+06
0.000000000000000000e+00 2.379609068890348077e+06
0.000000000000000000e+00 2.419534503852743190e+06
0.000000000000000000e+00 2.459994049444498494e+06
0.000000000000000000e+00 2.500993046712860931e+06
0.000000000000000000e+00 2.542536872193564195e+06
0.000000000000000000e+00 2.584630938028347678e+06
0.000000000000000000e+00 2.627280692082460970e+06
0.000000000000000000e+00 2.670491618062180001e+06
0.000000000000000000e+00 2.714269235632320866e+06
0.000000000000000000e+00 2.758619100533742923e+06
0.000000000000000000e+00 2.803546804700871464e+06
0.000000000000000000e+00 2.849057976379201282e+06
0.000000000000000000e+00 2.895158280242805369e+06
0.000000000000000000e+00 2.941853417511858977e+06
0.000000000000000000e+00 2.989149126070139464e+06
0.000000000000000000e+00 3.037051180582545232e+06
0.000000000000000000e+00 3.085565392612600699e+06
0.000000000000000000e+00 3.134697610739974305e+06
0.000000000000000000e+00 3.184453720677984413e+06
0.000000000000000000e+00 3.234839645391117316e+06
0.000000000000000000e+00 3.285861345212530810e+06
0.000000000000000000e+00 3.337524817961575929e+06
0.000000000000000000e+00 3.389836099061292131e+06
0.000000000000000000e+00 3.442801261655939743e+06
0.000000000000000000e+00 3.496426416728495620e+06
0.000000000000000000e+00 3.550717713218173012e+06
0.000000000000000000e+00 3.605681338137928396e+06
0.000000000000000000e+00 3.661323516691974830e+06
0.000000000000000000e+00 3.717650512393295765e+06
0.000000000000000000e+00 3.774668627181150950e+06
0.000000000000000000e+00 3.832384201538597699e+06
0.000000000000000000e+00 3.890803614609985612e+06
0.000000000000000000e+00 3.949933284318487160e+06
0.000000000000000000e+00 4.009779667483600788e+06
0.000000000000000000e+00 4.070349259938658681e+06
0.000000000000000000e+00 4.131648596648344770e+06
0.000000000000000000e+00 4.193684251826202497e+06
0.000000000000000000e+00 4.256462839052147232e+06
0.000000000000000000e+00 4.319991011389980093e+06
0.000000000000000000e+00 4.384275461504895240e+06
0.000000000000000000e+00 4.449322921780998819e+06
0.000000000000000000e+00 4.515140164438803680e+06
0.000000000000000000e+00 4.581734001652765088e+06
0.000000000000000000e+00 4.649111285668775439e+06
0.000000000000000000e+00 4.717278908921679482e+06
0.000000000000000000e+00 4.786243804152785800e+06
0.000000000000000000e+00 4.856012944527383894e+06
0.000000000000000000e+00 4.926593343752246350e+06
0.000000000000000000e+00 4.997992056193147786e+06
0.000000000000000000e+00 5.070216176992370747e+06
0.000000000000000000e+00 5.143272842186228372e+06
0.000000000000000000e+00 5.217169228822553530e+06
0.000000000000000000e+00 5.291912555078237318e+06
0.000000000000000000e+00 5.367510080376721919e+06
0.000000000000000000e+00 5.443969105505523272e+06
0.000000000000000000e+00 5.521296972733730450e+06
0.000000000000000000e+00 5.599501065929532982e+06
0.000000000000000000e+00 5.678588810677714646e+06
0.000000000000000000e+00 5.758567674397182651e+06
0.000000000000000000e+00 5.839445166458466090e+06
0.000000000000000000e+00 5.921228838301235810e+06
0.000000000000000000e+00 6.003926283551801927e+06
0.000000000000000000e+00 6.087545138140648603e+06
0.000000000000000000e+00 6.172093080419925041e+06
0.000000000000000000e+00 6.257577831280970946e+06
0.000000000000000000e+00 6.344007154271813110e+06
0.000000000000000000e+00 6.431388855714698322e+06
0.000000000000000000e+00 6.519730784823576920e+06
0.000000000000000000e+00 6.609040833821644075e+06
0.000000000000000000e+00 6.699326938058828004e+06
0.000000000000000000e+00 6.790597076129319146e+06
0.000000000000000000e+00 6.882859269989057444e+06
0.000000000000000000e+00 6.976121585073277354e+06
0.000000000000000000e+00 7.070392130413990468e+06
0.000000000000000000e+00 7.165679058757512830e+06
0.000000000000000000e+00 7.261990566681973636e+06
0.000000000000000000e+00 7.359334894714820199e+06
0.000000000000000000e+00 7.457720327450336888e+06
0.000000000000000000e+00 7.557155193667155690e+06
0.000000000000000000e+00 7.657647866445764899e+06
0.000000000000000000e+00 7.759206763286025263e+06
0.000000000000000000e+00 7.861840346224667504e+06
0.000000000000000000e+00 7.965557121952826157e+06
0.000000000000000000e+00 8.070365641933536157e+06
0.000000000000000000e+00 8.176274502519248053e+06
0.000000000000000000e+00 8.283292345069339499e+06
0.000000000000000000e+00 8.391427856067623943e+06
0.000000000000000000e+00 8.500689767239872366e+06
0.000000000000000000e+00 8.611086855671308935e+06
0.000000000000000000e+00 8.722627943924142048e+06
0.000000000000000000e+00 8.835321900155046955e+06
0.000000000000000000e+00 8.949177638232709840e+06
0.000000000000000000e+00 9.064204117855323479e+06
0.000000000000000000e+00 9.180410344668099657e+06
0.000000000000000000e+00 9.297805370380772278e+06
0.000000000000000000e+00 9.416398292885133997e+06
0.000000000000000000e+00 9.536198256372518837e+06
0.000000000000000000e+00 9.657214451451331377e+06
0.000000000000000000e+00 9.779456115264551714e+06
0.000000000000000000e+00 9.902932531607257202e+06
0.000000000000000000e+00 1.002765303104410693e+07
0.000000000000000000e+00 1.015362699102688953e+07
0.000000000000000000e+00 1.028086383601201139e+07
0.000000000000000000e+00 1.040937303757801279e+07
0.000000000000000000e+00 1.053916411454308033e+07
0.000000000000000000e+00 1.067024663308256678e+07
0.000000000000000000e+00 1.080263020684647933e+07
0.000000000000000000e+00 1.093632449707702361e+07
0.000000000000000000e+00 1.107133921272608638e+07
0.000000000000000000e+00 1.120768411057277210e+07
0.000000000000000000e+00 1.134536899534087442e+07
0.000000000000000000e+00 1.148440371981643885e+07
0.000000000000000000e+00 1.162479818496524729e+07
0.000000000000000000e+00 1.176656234005032480e+07
0.000000000000000000e+00 1.190970618274946138e+07
0.000000000000000000e+00 1.205423975927272439e+07
0.000000000000000000e+00 1.220017316447996534e+07
0.000000000000000000e+00 1.234751654199833050e+07
0.000000000000000000e+00 1.249628008433977142e+07
0.000000000000000000e+00 1.264647403301857598e+07
0.000000000000000000e+00 1.279810867866883613e+07
0.000000000000000000e+00 1.295119436116200499e+07
0.000000000000000000e+00 1.310574146972439438e+07
0.000000000000000000e+00 1.326176044305467047e+07
0.000000000000000000e+00 1.341926176944139041e+07
0.000000000000000000e+00 1.357825598688048124e+07
0.000000000000000000e+00 1.373875368319279514e+07
0.000000000000000000e+00 1.390076549614157341e+07
0.000000000000000000e+00 1.406430211355000734e+07
0.000000000000000000e+00 1.422937427341870405e+07
0.000000000000000000e+00 1.439599276404321194e+07
0.000000000000000000e+00 1.456416842413155548e+07
0.000000000000000000e+00 1.473391214292172529e+07
0.000000000000000000e+00 1.490523486029919609e+07
0.000000000000000000e+00 1.507814756691442057e+07
0.000000000000000000e+00 1.525266130430037715e+07
0.000000000000000000e+00 1.542878716499004886e+07
0.000000000000000000e+00 1.560653629263395071e+07
0.000000000000000000e+00 1.578591988211763650e+07
0.000000000000000000e+00 1.596694917967921868e+07
0.000000000000000000e+00 1.614963548302684724e+07
0.000000000000000000e+00 1.633399014145626873e+07
0.000000000000000000e+00 1.652002455596831813e+07
0.000000000000000000e+00 1.670775017938642018e+07
0.000000000000000000e+00 1.689717851647410542e+07
0.000000000000000000e+00 1.708832112405252457e+07
0.000000000000000000e+00 1.728118961111797765e+07
0.000000000000000000e+00 1.747579563895938918e+07
0.000000000000000000e+00 1.767215092127585784e+07
0.000000000000000000e+00 1.787026722429411113e+07
0.000000000000000000e+00 1.807015636688609421e+07
0.000000000000000000e+00 1.827183022068642825e+07
0.000000000000000000e+00 1.847530071020993590e+07
0.000000000000000000e+00 1.868057981296915561e+07
0.000000000000000000e+00 1.888767955959184468e+07
0.000000000000000000e+00 1.909661203393850476e+07
0.000000000000000000e+00 1.930738937321987748e+07
0.000000000000000000e+00 1.952002376811446622e+07
0.000000000000000000e+00 1.973452746288605779e+07
0.000000000000000000e+00 1.995091275550119206e+07
0.000000000000000000e+00 2.016919199774672464e+07
0.000000000000000000e+00 2.038937759534731507e+07
0.000000000000000000e+00 2.061148200808293745e+07
0.000000000000000000e+00 2.083551774990639836e+07
0.000000000000000000e+00 2.106149738906083629e+07
0.000000000000000000e+00 2.128943354819725081e+07
0.000000000000000000e+00 2.151933890449199080e+07
0.000000000000000000e+00 2.175122618976430222e+07
0.000000000000000000e+00 2.198510819059380516e+07
0.000000000000000000e+00 2.222099774843799695e+07
0.000000000000000000e+00 2.245890775974982232e+07
0.000000000000000000e+00 2.269885117609512061e+07
0.000000000000000000e+00 2.294084100427018106e+07
0.000000000000000000e+00 2.318489030641922727e+07
0.000000000000000000e+00 2.343101220015193895e+07
0.000000000000000000e+00 2.367921985866095871e+07
0.000000000000000000e+00 2.392952651083942503e+07
0.000000000000000000e+00 2.418194544139844924e+07
0.000000000000000000e+00 2.443648999098466709e+07
0.000000000000000000e+00 2.469317355629768595e+07
0.000000000000000000e+00 2.495200959020766988e+07
0.000000000000000000e+00 2.521301160187282786e+07
0.000000000000000000e+00 2.547619315685689822e+07
0.000000000000000000e+00 2.574156787724668160e+07
0.000000000000000000e+00 2.600914944176955521e+07
0.000000000000000000e+00 2.627895158591097966e+07
0.000000000000000000e+00 2.655098810203200579e+07
0.000000000000000000e+00 2.682527283948679268e+07
0.000000000000000000e+00 2.710181970474012941e+07
0.000000000000000000e+00 2.738064266148489714e+07
0.000000000000000000e+00 2.766175573075965792e+07
0.000000000000000000e+00 2.794517299106610194e+07
0.000000000000000000e+00 2.823090857848659530e+07
0.000000000000000000e+00 2.851897668680167943e+07
0.000000000000000000e+00 2.880939156760757789e+07
0.000000000000000000e+00 2.910216753043371439e+07
0.000000000000000000e+00 2.939731894286021590e+07
0.000000000000000000e+00 2.969486023063544929e+07
0.000000000000000000e+00 2.999480587779352069e+07
0.000000000000000000e+00 3.029717042677171528e+07
0.000000000000000000e+00 3.060196847852815688e+07
0.000000000000000000e+00 3.090921469265919179e+07
0.000000000000000000e+00 3.121892378751696646e+07
0.000000000000000000e+00 3.153111054032689333e+07
0.000000000000000000e+00 3.184578978730522469e+07
0.000000000000000000e+00 3.216297642377648875e+07
0.000000000000000000e+00 3.248268540429106727e+07
0.000000000000000000e+00 3.280493174274265766e+07
0.000000000000000000e+00 3.312973051248584688e+07
0.000000000000000000e+00 3.345709684645350277e+07
0.000000000000000000e+00 3.378704593727444857e+07
0.000000000000000000e+00 3.411959303739082813e+07
0.000000000000000000e+00 3.445475345917575806e+07
