npts 513 dfreq 1.000000000000000021e-02
0.000000000000000000e+00 0.000000000000000000e+00
-1.993814967560031751e-02 -2.319715776709493915e-02
-2.163829458017899332e-01 1.813593093826162406e-01
5.866847259359343481e-01 6.102868890164420135e-01
8.024351711859027958e-01 -9.127316051345404357e-01
-6.749768513962088878e-01 -7.378369571390807069e-01
-5.689164581523710185e-01 1.809094917469463437e-01
-1.335698169227019783e-01 2.900172895345428103e-01
2.991249247873051242e-02 1.680272786452659539e-01
5.606559123651577020e-02 7.638497500356417058e-02
4.602423844580829509e-02 3.030817662471558399e-02
3.204137568785304924e-02 9.824885029843988607e-03
2.116981936088839500e-02 1.337923485637878196e-03
1.377738323314054401e-02 -1.858748144038021004e-03
8.963260277320526589e-03 -2.803074932130532500e-03
5.864470622996503443e-03 -2.833772279325348035e-03
3.867021225310996423e-03 -2.531915368938148728e-03
2.570408155346516187e-03 -2.143781159477805946e-03
1.720897933923490287e-03 -1.768168669882476396e-03
1.158819062564791190e-03 -1.439540540830280737e-03
7.833586877720254789e-04 -1.165079547215701209e-03
5.303542097745775081e-04 -9.411870029544295744e-04
3.585537729499749205e-04 -7.607294907757024402e-04
2.411447997807393778e-04 -6.161038021656790485e-04
1.605078409498241810e-04 -5.004202176901164853e-04
1.049409718074011068e-04 -4.078559722163928314e-04
6.659382382490060877e-05 -3.336604947244613218e-04
4.015028582756001191e-05 -2.740308156649178006e-04
2.197921308185479082e-05 -2.259534519110927041e-04
9.580857440296757803e-06 -1.870526170684203655e-04
1.222216625433553160e-06 -1.554588874852456406e-04
-4.305607679963087814e-06 -1.297011627467256525e-04
-7.850417197834185851e-06 -1.086201869825560528e-04
-1.000941561807361304e-05 -9.130038820429986577e-05
-1.120474637997402717e-05 -7.701661670799792448e-05
-1.173553775371470836e-05 -6.519271101341515893e-05
-1.181402340667605117e-05 -5.536932278527208076e-05
-1.159077970834442618e-05 -4.717893276547809170e-05
-1.117246768831618625e-05 -4.032642843535635160e-05
-1.063437565411567185e-05 -3.457397592091958002e-05
-1.002933088819072988e-05 -2.972920727074464806e-05
-9.394059879273653711e-06 -2.563597005426347284e-05
-8.753745274769323022e-06 -2.216706088769220296e-05
-8.125301580721579916e-06 -1.921849868225708718e-05
-7.519736107358704882e-06 -1.670499613259037274e-05
-6.943853963894578277e-06 -1.455636648061348102e-05
-6.401490847858830395e-06 -1.271466260054504311e-05
-5.894404739833533134e-06 -1.113189135810603442e-05
-5.422920491020195910e-06 -9.768181372905721853e-06
-4.986394965106886739e-06 -8.590309323456135485e-06
-4.583551631750662646e-06 -7.570510726382516617e-06
-4.212720070889269062e-06 -6.685517170658319947e-06
-3.872006180630535052e-06 -5.915774412125156850e-06
-3.559411899524378862e-06 -5.244805381032299158e-06
-3.272918192027185060e-06 -4.658689669788882096e-06
-3.010541363316962725e-06 -4.145636939580521671e-06
-2.770370082125264610e-06 -3.695636286693402291e-06
-2.550588523581575111e-06 -3.300167228083700719e-06
-2.349489601427334460e-06 -2.951960820029962131e-06
-2.165481198579260889e-06 -2.644801682074193342e-06
-1.997087524356426345e-06 -2.373363490799763770e-06
-1.842947151272694644e-06 -2.133071934781786002e-06
-1.701808859877049049e-06 -1.919990261216092898e-06
-1.572526107030054132e-06 -1.730723456926521449e-06
-1.454050702142863838e-06 -1.562337838989325686e-06
-1.345426105879769292e-06 -1.412293420138019010e-06
-1.245780640859831477e-06 -1.278386890498766453e-06
-1.154320812327426737e-06 -1.158703442947870960e-06
-1.070324869960085639e-06 -1.051575982554322852e-06
-9.931366935381836441e-07 -9.555505154841817861e-07
-9.221600503541498383e-07 -8.693567207637845480e-07
-8.568532474481944865e-07 -7.918828784740961248e-07
-7.967241843865084265e-07 -7.221544675024181708e-07
-7.413258003833517523e-07 -6.593158606928096559e-07
-6.902519016479916303e-07 -6.026146397534807132e-07
-6.431333498226712089e-07 -5.513881303320885403e-07
-5.996345894593994896e-07 -5.050518222700627749e-07
-5.594504910605565869e-07 -4.630893936301435119e-07
-5.223034858364492715e-07 -4.250441016311839119e-07
-4.879409686839517662e-07 -3.905113407246505147e-07
-4.561329467232879865e-07 -3.591321990140643964e-07
-4.266699118692919042e-07 -3.305878701178629408e-07
-3.993609172318532880e-07 -3.045947992795556482e-07
-3.740318385469452859e-07 -2.809004607514834040e-07
-3.505238032705373696e-07 -2.592796788070775821e-07
-3.286917713786361476e-07 -2.395314176546258464e-07
-3.084032532782374887e-07 -2.214759764320329496e-07
-2.895371515271600329e-07 -2.049525346864273735e-07
-2.719827142746207630e-07 -1.898170015577963308e-07
-2.556385894633948328e-07 -1.759401285186071851e-07
-2.404119698769710777e-07 -1.632058511599741112e-07
-2.262178200723593810e-07 -1.515098303162269695e-07
-2.129781771140950963e-07 -1.407581669146418090e-07
-2.006215178216476640e-07 -1.308662684350587746e-07
-1.890821859656495169e-07 -1.217578478567739304e-07
-1.782998735033026802e-07 -1.133640385343462092e-07
-1.682191505352256608e-07 -1.056226106444140441e-07
-1.587890392000576306e-07 -9.847727673663658653e-08
-1.499626272043791780e-07 -9.187707554933341438e-08
-1.416967171186624940e-07 -8.577582465298362503e-08
-1.339515079595330764e-07 -8.013163369522403435e-08
-1.266903059287449446e-07 -7.490647106708566831e-08
-1.198792614937831024e-07 -7.006577771546314610e-08
-1.134871302774272693e-07 -6.557812261120920656e-08
-1.074850554771504943e-07 -6.141489506281202001e-08
-1.018463697628042948e-07 -5.755002965682670457e-08
-9.654641480530421590e-08 -5.395976012047851645e-08
-9.156237677236610324e-08 -5.062239884969270623e-08
-8.687313629191638262e-08 -4.751813923629121308e-08
-8.245913153154141382e-08 -4.462887826896686486e-08
-7.830223317500782655e-08 -4.193805718056326045e-08
-7.438563019603908840e-08 -3.943051817485781827e-08
-7.069372543657627175e-08 -3.709237549438114520e-08
-6.721204009295513546e-08 -3.491089929104707688e-08
-6.392712629990748102e-08 -3.287441093715183192e-08
-6.082648708007292087e-08 -3.097218856879498683e-08
-5.789850299667418294e-08 -2.919438178968683042e-08
-5.513236490998475073e-08 -2.753193458300836056e-08
-5.251801229492265600e-08 -2.597651558451442393e-08
-5.004607662818298798e-08 -2.452045496319511479e-08
-4.770782939935748050e-08 -2.315668723807232082e-08
-4.549513434199775919e-08 -2.187869943244634849e-08
-4.340040351802139963e-08 -2.068048403128494617e-08
-4.141655692265630386e-08 -1.955649626448188120e-08
-3.953698530763254991e-08 -1.850161528928501399e-08
-3.775551594790150014e-08 -1.751110889008249860e-08
-3.606638110208045937e-08 -1.658060135361118851e-08
-3.446418893935774234e-08 -1.570604421310873749e-08
-3.294389672598493154e-08 -1.488368958648471727e-08
-3.150078608294191941e-08 -1.411006586169192062e-08
-3.013044014308297641e-08 -1.338195550753543939e-08
-2.882872245122375545e-08 -1.269637481051196875e-08
-2.759175746436970495e-08 -1.205055535823548583e-08
-2.641591252174934440e-08 -1.144192710784545978e-08
-2.529778116563200446e-08 -1.086810289375265703e-08
-2.423416770418140727e-08 -1.032686424336032148e-08
-2.322207291693349837e-08 -9.816148382196109604e-09
-2.225868081197396065e-08 -9.334036321362176945e-09
-2.134134635160895501e-08 -8.878741930504324993e-09
-2.046758407034941628e-08 -8.448601908743958079e-09
-1.963505751542384488e-08 -8.042066574321365585e-09
-1.884156944586275043e-08 -7.657691401167342803e-09
-1.808505273150802892e-08 -7.294129237340583564e-09
-1.736356189814375722e-08 -6.950123146320207383e-09
-1.667526526936426648e-08 -6.624499817597103652e-09
-1.601843765982782843e-08 -6.316163497925434449e-09
-1.539145357822894143e-08 -6.024090399034485581e-09
-1.479278090168800943e-08 -5.747323541608615669e-09
-1.422097498633413824e-08 -5.484967998964813775e-09
-1.367467318167207984e-08 -5.236186507132300736e-09
-1.315258971889931704e-08 -5.000195411001552959e-09
-1.265351094569775998e-08 -4.776260918892906607e-09
-1.217629088218453244e-08 -4.563695640325734093e-09
-1.171984707468539727e-08 -4.361855383972143807e-09
-1.128315672580984119e-08 -4.170136194778448712e-09
-1.086525308097112323e-08 -3.987971611051382715e-09
-1.046522205302252479e-08 -3.814830123954006734e-09
-1.008219906808381789e-08 -3.650212823353505700e-09
-9.715366116920375361e-09 -3.493651215324660906e-09
-9.363948997421546306e-09 -3.344705197851528891e-09
-9.027214734813541490e-09 -3.202961182397669192e-09
-8.704469167243323885e-09 -3.068030350042325085e-09
-8.395054685291847892e-09 -2.939547031816398930e-09
-8.098348114822857449e-09 -2.817167203725513986e-09
-7.813758733355266291e-09 -2.700567087726642125e-09
-7.540726410866883429e-09 -2.589441850635661701e-09
-7.278719866601013851e-09 -2.483504393592841898e-09
-7.027235034059447390e-09 -2.382484225306702368e-09
-6.785793526930357771e-09 -2.286126412839508980e-09
-6.553941199220526805e-09 -2.194190604194097322e-09
-6.331246793342842824e-09 -2.106450117416187223e-09
-6.117300670354622923e-09 -2.022691091342511102e-09
-5.911713616953082328e-09 -1.942711693506347981e-09
-5.714115724214345503e-09 -1.866321381061634378e-09
-5.524155333413651716e-09 -1.793340210907350169e-09
-5.341498044589454223e-09 -1.723598195487995251e-09
-5.165825783815217501e-09 -1.656934701016065686e-09
-4.996835925421150145e-09 -1.593197885110354607e-09
-4.834240465666456059e-09 -1.532244171071871019e-09
-4.677765244601809607e-09 -1.473937756228631844e-09
-4.527149213083440660e-09 -1.418150151973232067e-09
-4.382143742106165249e-09 -1.364759753294490263e-09
-4.242511971813152555e-09 -1.313651435767563834e-09
-4.108028197717691410e-09 -1.264716178117350465e-09
-3.978477291836385029e-09 -1.217850708608427796e-09
-3.853654156586049988e-09 -1.172957173642480995e-09
-3.733363209438492480e-09 -1.129942827061872787e-09
-3.617417896459175072e-09 -1.088719738766662560e-09
-3.505640232978515563e-09 -1.049204521352609180e-09
-3.397860369758519389e-09 -1.011318073570258414e-09
-3.293916183123679746e-09 -9.749853394907422069e-10
-3.193652887623799076e-09 -9.401350823429016369e-10
-3.096922669888373420e-09 -9.066996720594340114e-10
-3.003584342417925838e-09 -8.746148856373086318e-10
-2.913503016137380176e-09 -8.438197194801934801e-10
-2.826549790611063982e-09 -8.142562129485303853e-10
-2.742601460888286420e-09 -7.858692823964466603e-10
-2.661540240013020781e-09 -7.586065650243043556e-10
-2.583253496291776638e-09 -7.324182719217274919e-10
-2.507633504469877890e-09 -7.072570497185216939e-10
-2.434577210019090773e-09 -6.830778503004763765e-10
-2.363986005788604331e-09 -6.598378080837032794e-10
-2.295765520317207348e-09 -6.374961243751887379e-10
-2.229825417147470770e-09 -6.160139583788744644e-10
-2.166079204522714827e-09 -5.953543244358852079e-10
-2.104444054885095301e-09 -5.754819951148321668e-10
-2.044840633628116176e-09 -5.563634097934192119e-10
-1.987192936589712909e-09 -5.379665883961718207e-10
-1.931428135802739787e-09 -5.202610499750085412e-10
-1.877476433048378554e-09 -5.032177358397484712e-10
-1.825270920784925341e-09 -4.868089369646366820e-10
-1.774747450049614202e-09 -4.710082254146252775e-10
-1.725844504954697817e-09 -4.557903895515881972e-10
-1.678503083421223577e-09 -4.411313727959949178e-10
-1.632666583814579350e-09 -4.270082157338116875e-10
-1.588280697165442329e-09 -4.133990013717521575e-10
-1.545293304677954894e-09 -4.002828033563830465e-10
-1.503654380244073023e-09 -3.876396369841777755e-10
-1.463315897699160115e-09 -3.754504128404283093e-10
-1.424231742568932072e-09 -3.636968929149954869e-10
-1.386357628072043563e-09 -3.523616490522975901e-10
-1.349651015155953180e-09 -3.414280236017433222e-10
-1.314071036356148502e-09 -3.308800921430141774e-10
-1.279578423280629984e-09 -3.207026281682974241e-10
-1.246135437532559683e-09 -3.108810696107366367e-10
-1.213705804894385338e-09 -3.014014871150851732e-10
-1.182254652606529614e-09 -2.922505539528271260e-10
-1.151748449582923748e-09 -2.834155174899024279e-10
-1.122154949414315412e-09 -2.748841721206723546e-10
-1.093443136018421985e-09 -2.666448335869091121e-10
-1.065583171803697944e-09 -2.586863146054160677e-10
-1.038546348220651548e-09 -2.509979017323942536e-10
-1.012305038581509764e-09 -2.435693333969078455e-10
-9.868326530354011001e-10 -2.363907790397651194e-10
-9.621035955922805559e-10 -2.294528192978472646e-10
-9.380932230945216387e-10 -2.227464271774055733e-10
-9.147778060404469673e-10 -2.162629501631141182e-10
-8.921344911691736224e-10 -2.099940932127391898e-10
-8.701412657208844979e-10 -2.039319025901608354e-10
-8.487769232911778147e-10 -1.980687504921893277e-10
-8.280210312023792313e-10 -1.923973204271517579e-10
-8.078538993187320409e-10 -1.869105933056163050e-10
-7.882565502361682972e-10 -1.816018342058541162e-10
-7.692106907809458141e-10 -1.764645797787498767e-10
-7.506986847548179149e-10 -1.714926262588450515e-10
-7.327035268676047161e-10 -1.666800180500618856e-10
-7.152088178010512567e-10 -1.620210368564053981e-10
-6.981987403507170314e-10 -1.575101913295838800e-10
-6.816580365953429592e-10 -1.531422072070412797e-10
-6.655719860456920141e-10 -1.489120179153463566e-10
-6.499263847272807998e-10 -1.448147556152616962e-10
-6.347075251536934771e-10 -1.408457426661007280e-10
-6.199021771493547583e-10 -1.370004834882050667e-10
-6.054975694826592818e-10 -1.332746568035137038e-10
-5.914813722723105456e-10 -1.296641082352792607e-10
-5.778416801315539569e-10 -1.261648432490037931e-10
-5.645669960167193296e-10 -1.227730204176249232e-10
-5.516462157481487222e-10 -1.194849449948897190e-10
-5.390686131731266533e-10 -1.162970627817040178e-10
-5.268238259419314765e-10 -1.132059542710545948e-10
-5.149018418695032279e-10 -1.102083290578549619e-10
-5.032929858565688781e-10 -1.073010205007867891e-10
-4.919879073453234384e-10 -1.044809806238855653e-10
-4.809775682859487586e-10 -1.017452752462531066e-10
-4.702532315914011175e-10 -9.909107932889010026e-11
-4.598064500589652007e-10 -9.651567252820577269e-11
-4.496290557380879935e-10 -9.401643494630233537e-11
-4.397131497249869987e-10 -9.159084306864070662e-11
-4.300510923654365695e-10 -8.923646588017586596e-11
-4.206354938480155444e-10 -8.695096115150242006e-11
-4.114592051709186950e-10 -8.473207188698180400e-11
-4.025153094662390303e-10 -8.257762292723153069e-11
-3.937971136663586656e-10 -8.048551769873715898e-11
-3.852981404978050369e-10 -7.845373510371459559e-11
-3.770121207886085679e-10 -7.648032654369447969e-11
-3.689329860758319289e-10 -7.456341307062493734e-11
-3.610548615005571206e-10 -7.270118265959900543e-11
-3.533720589781960067e-10 -7.089188759760425653e-11
-3.458790706325397847e-10 -6.913384198296924878e-11
-3.385705624824942461e-10 -6.742541933044426176e-11
-3.314413683709399007e-10 -6.576505027710089913e-11
-3.244864841256372531e-10 -6.415122038447177739e-11
-3.177010619425471928e-10 -6.258246803257320452e-11
-3.110804049823668564e-10 -6.105738240166664762e-11
-3.046199621714973349e-10 -5.957460153781522518e-11
-2.983153231990393834e-10 -5.813281049847992077e-11
-2.921622137017974609e-10 -5.673073957458343582e-11
-2.861564906296152443e-10 -5.536716258563765213e-11
-2.802941377837130720e-10 -5.404089524469598197e-11
-2.745712615210133436e-10 -5.275079359004392944e-11
-2.689840866177475074e-10 -5.149575248068838656e-11
-2.635289522859317641e-10 -5.027470415284486901e-11
-2.582023083365782519e-10 -4.908661683475457554e-11
-2.530007114837668187e-10 -4.793049341728603595e-11
-2.479208217839673895e-10 -4.680537017789888497e-11
-2.429593992052337228e-10 -4.571031555565661576e-11
-2.381133003211263877e-10 -4.464442897508516936e-11
-2.333794751244369803e-10 -4.360683971677452473e-11
-2.287549639560046232e-10 -4.259670583271967697e-11
-2.242368945441016707e-10 -4.161321310448638442e-11
-2.198224791500727544e-10 -4.065557404237879821e-11
-2.155090118160797116e-10 -3.972302692386581387e-11
-2.112938657109894242e-10 -3.881483486960521176e-11
-2.071744905705990748e-10 -3.793028495547778696e-11
-2.031484102285607476e-10 -3.706868735911778019e-11
-1.992132202345126317e-10 -3.622937453949247629e-11
-1.953665855560697428e-10 -3.541170044814970169e-11
-1.916062383614712950e-10 -3.461503977081421666e-11
-1.879299758798046113e-10 -3.383878719807195897e-11
-1.843356583358602938e-10 -3.308235672393839096e-11
-1.808212069567912717e-10 -3.234518097116014790e-11
-1.773846020478603790e-10 -3.162671054214955935e-11
-1.740238811346806636e-10 -3.092641339450212551e-11
-1.707371371694457173e-10 -3.024377424009034043e-11
-1.675225167987607145e-10 -2.957829396677421008e-11
-1.643782186907742361e-10 -2.892948908180911859e-11
-1.613024919194041922e-10 -2.829689117607229555e-11
-1.582936344035422536e-10 -2.768004640826710731e-11
-1.553499913992041748e-10 -2.707851500830140445e-11
-1.524699540426735019e-10 -2.649187079906997873e-11
-1.496519579427667798e-10 -2.591970073590524903e-11
-1.468944818204190231e-10 -2.536160446299113712e-11
-1.441960461938633045e-10 -2.481719388606612665e-11
-1.415552121077402511e-10 -2.428609276076871779e-11
-1.389705799045482539e-10 -2.376793629600847558e-11
-1.364407880368966097e-10 -2.326237077176935727e-11
-1.339645119190914632e-10 -2.276905317077886464e-11
-1.315404628166394758e-10 -2.228765082349996120e-11
-1.291673867723076817e-10 -2.181784106592537033e-11
-1.268440635674325340e-10 -2.135931090967566159e-11
-1.245693057172207234e-10 -2.091175672392378377e-11
-1.223419574988338531e-10 -2.047488392868815837e-11
-1.201608940110920663e-10 -2.004840669905542669e-11
-1.180250202646820015e-10 -1.963204767991268827e-11
-1.159332703017914258e-10 -1.922553771078585072e-11
-1.138846063441369471e-10 -1.882861556039744548e-11
-1.118780179683891236e-10 -1.844102767057323239e-11
-1.099125213080392034e-10 -1.806252790914243531e-11
-1.079871582807831447e-10 -1.769287733148976354e-11
-1.061009958405391658e-10 -1.733184395043314179e-11
-1.042531252532433766e-10 -1.697920251411232569e-11
-1.024426613956027745e-10 -1.663473429158794900e-11
-1.006687420760145094e-10 -1.629822686586154722e-11
-9.893052737688955782e-11 -1.596947393403942656e-11
-9.722719901764814573e-11 -1.564827511437400640e-11
-9.555795973768040245e-11 -1.533443575992718538e-11
-9.392203269859212340e-11 -1.502776677861016804e-11
-9.231866090508011364e-11 -1.472808445936410593e-11
-9.074710664380708488e-11 -1.443521030425550661e-11
-8.920665093966701681e-11 -1.414897086626881191e-11
-8.769659302885529997e-11 -1.386919759258740041e-11
-8.621624984818046661e-11 -1.359572667316286373e-11
-8.476495554007030359e-11 -1.332839889437901108e-11
-8.334206097275201205e-11 -1.306705949762654132e-11
-8.194693327509733584e-11 -1.281155804260952581e-11
-8.057895538564776283e-11 -1.256174827521330605e-11
-7.923752561534859053e-11 -1.231748799976910989e-11
-7.792205722353918136e-11 -1.207863895555745143e-11
-7.663197800676323795e-11 -1.184506669739857700e-11
-7.536672989997651244e-11 -1.161664048018358339e-11
-7.412576858974641161e-11 -1.139323314720593183e-11
-7.290856313905189249e-11 -1.117472102215843674e-11
-7.171459562330386907e-11 -1.096098380466525926e-11
-7.054336077722311420e-11 -1.075190446922454097e-11
-6.939436565222273488e-11 -1.054736916744107902e-11
-6.826712928395510752e-11 -1.034726713343334076e-11
-6.716118236969649813e-11 -1.015149059230372209e-11
-6.607606695525163949e-11 -9.959934671564617764e-12
-6.501133613107419900e-11 -9.772497315417539403e-12
-6.396655373730674795e-11 -9.589079201785643142e-12
-6.294129407745705218e-11 -9.409583662004503942e-12
-6.193514164043476766e-11 -9.233916603078931791e-12
-6.094769083068302893e-11 -9.061986432417205161e-12
-5.997854570614977107e-11 -8.893703984957740196e-12
-5.902731972384989421e-11 -8.728982452605753862e-12
-5.809363549277993288e-11 -8.567737315901014144e-12
-5.717712453395373577e-11 -8.409886277840342429e-12
-5.627742704733659269e-11 -8.255349199781628661e-12
-5.539419168546155275e-11 -8.104048039358493148e-12
-5.452707533352006579e-11 -7.955906790337544881e-12
-5.367574289572544453e-11 -7.810851424352593440e-12
-5.283986708775480539e-11 -7.668809834452489941e-12
-5.201912823508063857e-11 -7.529711780401585979e-12
-5.121321407701174038e-11 -7.393488835674187386e-12
-5.042181957626612905e-11 -7.260074336086111510e-12
-4.964464673390751607e-11 -7.129403330008955238e-12
-4.888140440947990323e-11 -7.001412530114177822e-12
-4.813180814618262408e-11 -6.876040266596448407e-12
-4.739558000093112777e-11 -6.753226441827004661e-12
-4.667244837915602135e-11 -6.632912486390068696e-12
-4.596214787419609877e-11 -6.515041316456544240e-12
-4.526441911114657762e-11 -6.399557292451169827e-12
-4.457900859502816539e-11 -6.286406178970646151e-12
-4.390566856314710751e-11 -6.175535105911933505e-12
-4.324415684152010422e-11 -6.066892530771147908e-12
-4.259423670524250732e-11 -5.960428202075011293e-12
-4.195567674268229193e-11 -5.856093123908156051e-12
-4.132825072338518687e-11 -5.753839521500669142e-12
-4.071173746958142063e-11 -5.653620807841801407e-12
-4.010592073118673668e-11 -5.555391551286682175e-12
-3.951058906419452617e-11 -5.459107444124124025e-12
-3.892553571235902801e-11 -5.364725272074787644e-12
-3.835055849207273849e-11 -5.272202884689867674e-12
-3.778545968034426838e-11 -5.181499166621667322e-12
-3.723004590578565758e-11 -5.092574009738210616e-12
-3.668412804252164063e-11 -5.005388286055214113e-12
-3.614752110693489452e-11 -4.919903821459414397e-12
-3.562004415716592717e-11 -4.836083370198381796e-12
-3.510152019528660751e-11 -4.753890590112559076e-12
-3.459177607207057097e-11 -4.673290018586230742e-12
-3.409064239428560166e-11 -4.594247049194921883e-12
-3.359795343443474067e-11 -4.516727909027336943e-12
-3.311354704287646911e-11 -4.440699636660873780e-12
-3.263726456225537469e-11 -4.366130060770332353e-12
-3.216895074417728886e-11 -4.292987779350141827e-12
-3.170845366806499485e-11 -4.221242139531104348e-12
-3.125562466213201562e-11 -4.150863217973237001e-12
-3.081031822641513166e-11 -4.081821801817043073e-12
-3.037239195780634286e-11 -4.014089370175899991e-12
-2.994170647702862091e-11 -3.947638076153046182e-12
-2.951812535750008266e-11 -3.882440729367078010e-12
-2.910151505603360942e-11 -3.818470778970391440e-12
-2.869174484532054623e-11 -3.755702297145570106e-12
-2.828868674814833968e-11 -3.694109963065191628e-12
-2.789221547330381797e-11 -3.633669047300978790e-12
-2.750220835311488961e-11 -3.574355396668654785e-12
-2.711854528258548239e-11 -3.516145419495438869e-12
-2.674110866007911637e-11 -3.459016071297358727e-12
-2.636978332950856595e-11 -3.402944840854093795e-12
-2.600445652398973829e-11 -3.347909736669441062e-12
-2.564501781091971432e-11 -3.293889273805838163e-12
-2.529135903843953221e-11 -3.240862461081801459e-12
-2.494337428324383083e-11 -3.188808788621419548e-12
-2.460095979970071824e-11 -3.137708215745548696e-12
-2.426401397024544338e-11 -3.087541159194406390e-12
-2.393243725701417957e-11 -3.038288481671961172e-12
-2.360613215468309408e-11 -2.989931480702433708e-12
-2.328500314448086399e-11 -2.942451877789852933e-12
-2.296895664934246855e-11 -2.895831807871686605e-12
-2.265790099017353940e-11 -2.850053809057955803e-12
-2.235174634319545786e-11 -2.805100812647486038e-12
-2.205040469834179541e-11 -2.760956133413163301e-12
-2.175378981867849052e-11 -2.717603460148441469e-12
-2.146181720081969552e-11 -2.675026846467405602e-12
-2.117440403631325374e-11 -2.633210701851153314e-12
-2.089146917396966008e-11 -2.592139782933268092e-12
-2.061293308310954751e-11 -2.551799185017553461e-12
-2.033871781770528477e-11 -2.512174333821305539e-12
-2.006874698139300386e-11 -2.473250977437641030e-12
-1.980294569333220340e-11 -2.435015178510627928e-12
-1.954124055489032890e-11 -2.397453306617082943e-12
-1.928355961713099131e-11 -2.360552030849211439e-12
-1.902983234908439149e-11 -2.324298312592266521e-12
-1.877998960677967489e-11 -2.288679398491781106e-12
-1.853396360301927384e-11 -2.253682813604933315e-12
-1.829168787787587270e-11 -2.219296354730868832e-12
-1.805309726989318433e-11 -2.185508083914900019e-12
-1.781812788797234287e-11 -2.152306322121714031e-12
-1.758671708392601545e-11 -2.119679643072801720e-12
-1.735880342568322076e-11 -2.087616867243533210e-12
-1.713432667112769679e-11 -2.056107056015387594e-12
-1.691322774255392705e-11 -2.025139505979009401e-12
-1.669544870172464973e-11 -1.994703743383891712e-12
-1.648093272551466032e-11 -1.964789518730616667e-12
-1.626962408212566926e-11 -1.935386801501656804e-12
-1.606146810785790071e-11 -1.906485775026943018e-12
-1.585641118442413108e-11 -1.878076831480467139e-12
-1.565440071679228627e-11 -1.850150567004267500e-12
-1.545538511154343716e-11 -1.822697776956350636e-12
-1.525931375573192269e-11 -1.795709451279088521e-12
-1.506613699623503468e-11 -1.769176769984828277e-12
-1.487580611957992770e-11 -1.743091098755496092e-12
-1.468827333223572755e-11 -1.717443984653075442e-12
-1.450349174135912373e-11 -1.692227151937953232e-12
-1.432141533598219013e-11 -1.667432497992187815e-12
-1.414199896863134778e-11 -1.643052089344884533e-12
-1.396519833736663061e-11 -1.619078157796864651e-12
-1.379096996823089523e-11 -1.595503096641988601e-12
-1.361927119809878178e-11 -1.572319456982515686e-12
-1.345006015791547569e-11 -1.549519944135955298e-12
-1.328329575631567193e-11 -1.527097414130988472e-12
-1.311893766361330039e-11 -1.505044870290026932e-12
-1.295694629615294405e-11 -1.483355459896135051e-12
-1.279728280101403677e-11 -1.462022470942048087e-12
-1.263990904105916820e-11 -1.441039328959092703e-12
-1.248478758031811094e-11 -1.420399593923903469e-12
-1.233188166969924318e-11 -1.400096957240852233e-12
-1.218115523302064436e-11 -1.380125238798215113e-12
-1.203257285335275358e-11 -1.360478384096094782e-12
-1.188609975966533835e-11 -1.341150461444249209e-12
-1.174170181377112394e-11 -1.322135659227935806e-12
-1.159934549755909268e-11 -1.303428283240035649e-12
-1.145899790051046247e-11 -1.285022754077696774e-12
-1.132062670749034593e-11 -1.266913604601806039e-12
-1.118420018680871819e-11 -1.249095477457665491e-12
-1.104968717854398539e-11 -1.231563122655263901e-12
-1.091705708312312148e-11 -1.214311395207615326e-12
-1.078627985015196563e-11 -1.197335252825630706e-12
-1.065732596748992896e-11 -1.180629753668082793e-12
-1.053016645056322490e-11 -1.164190054145236450e-12
-1.040477283191087825e-11 -1.148011406774748029e-12
-1.028111715095812485e-11 -1.132089158088504628e-12
-1.015917194401172504e-11 -1.116418746589088521e-12
-1.003891023447196624e-11 -1.100995700754587633e-12
-9.920305523256333163e-12 -1.085815637090539758e-12
-9.803331779429667903e-12 -1.070874258227768744e-12
-9.687963431036223502e-12 -1.056167351064981525e-12
-9.574175356128659156e-12 -1.041690784954961779e-12
-9.461942873989522962e-12 -1.027440509933273509e-12
-9.351241736540638753e-12 -1.013412554988373348e-12
-9.242048119936044630e-12 -9.996030263721109141e-13
-9.134338616334235825e-12 -9.860081059495820505e-13
-9.028090225845490348e-12 -9.726240495873397317e-13
