npts 513 dfreq 1.000000000000000021e-02
0.000000000000000000e+00 0.000000000000000000e+00
-9.450340485761152419e-09 -6.375128196778819014e-07
-1.512146129218160997e-07 -5.098689350402731664e-06
-7.656010237755669032e-07 -1.720011825299490500e-05
-2.420016320061881718e-06 -4.074419604089417915e-05
-5.909299170169448585e-06 -7.951192599645852605e-05
-1.225617441716701829e-05 -1.372555913794780208e-04
-2.271181564883922074e-05 -2.176912615436581231e-04
-3.875649983453393049e-05 -3.244910900437381930e-04
-6.210033400749025005e-05 -4.612753644278238326e-04
-9.468403010874084855e-05 -6.316042681852713191e-04
-1.386797001430659516e-04 -8.389693162826940016e-04
-1.964916397194363049e-04 -1.086784426895666313e-03
-2.707570638515084953e-04 -1.378376593361534770e-03
-3.643467545751503402e-04 -1.716976122072908255e-03
-4.803655755008677856e-04 -2.105706404039042398e-03
-6.221528038652981681e-04 -2.547573190203636286e-03
-7.932822259889322917e-04 -3.045453343365857497e-03
-9.975619373042790040e-04 -3.602083042752707472e-03
-1.239033783314094205e-03 -4.220045420983216562e-03
-1.521972373004767390e-03 -4.901757617398202517e-03
-1.850883591415953319e-03 -5.649457236554431515e-03
-2.230502533303234131e-03 -6.465188206149371196e-03
-2.665790775185798711e-03 -7.350786034802918138e-03
-3.161932898615770881e-03 -8.307862477022554329e-03
-3.724332173321583551e-03 -9.337789620363181817e-03
-4.358605305058538965e-03 -1.044168341830092363e-02
-5.070576149650981093e-03 -1.162038670170376618e-02
-5.866268291951430049e-03 -1.287445171202322540e-02
-6.751896386403626396e-03 -1.420412221046189749e-02
-7.733856154722336396e-03 -1.560931522938874792e-02
-8.818712936047957279e-03 -1.708960254515664440e-02
-1.001318868596447545e-02 -1.864419196518706662e-02
-1.132414732315880496e-02 -2.027190853666017631e-02
-1.275857832642976822e-02 -2.197117579929854306e-02
-1.432357849040971631e-02 -2.373999722043989777e-02
-1.602633175592663856e-02 -2.557593796671099942e-02
-1.787408704058884856e-02 -2.747610718295437349e-02
-1.987413400709066302e-02 -2.943714096540408706e-02
-2.203377672106963600e-02 -3.145518623219290683e-02
-2.436030516722970454e-02 -3.352588570980423455e-02
-2.686096461198247271e-02 -3.564436426871734481e-02
-2.954292282311883622e-02 -3.780521685485713906e-02
-3.241323518202564313e-02 -4.000249827513605722e-02
-3.547880775167198963e-02 -4.222971510491987240e-02
-3.874635839391033648e-02 -4.447981999219195043e-02
-4.222237606239784280e-02 -4.674520863704035439e-02
-4.591307843239122999e-02 -4.901771972535331340e-02
-4.982436806546830521e-02 -5.128863809178781791e-02
-5.396178734544752192e-02 -5.354870137869684188e-02
-5.833047246088859245e-02 -5.578811044432151894e-02
-6.293510674893762480e-02 -5.799654375478809770e-02
-6.777987375421244687e-02 -6.016317596997158151e-02
-7.286841039409940046e-02 -6.227670090287525800e-02
-7.820376065737019711e-02 -6.432535899570662741e-02
-8.378833029547153033e-02 -6.629696941331805760e-02
-8.962384299420103617e-02 -6.817896680628780792e-02
-9.571129853673790433e-02 -6.995844274196615087e-02
-1.020509334861331163e-01 -7.162219174280387568e-02
-1.086421849254003286e-01 -7.315676180790187111e-02
-1.154836577953805704e-01 -7.454850922684612413e-02
-1.225730963637662180e-01 -7.578365742556555928e-02
-1.299073603424099055e-01 -7.684835951341051352e-02
-1.374824061438191802e-01 -7.772876413026179321e-02
-1.452932737312758738e-01 -7.841108412375280556e-02
-1.533340794702933163e-01 -7.888166752121442138e-02
-1.615980153323579027e-01 -7.912707020037441918e-02
-1.700773547356206894e-01 -7.913412960881215097e-02
-1.787634652322114548e-01 -7.889003883627491998e-02
-1.876468281692267592e-01 -7.838242030770746493e-02
-1.967170653615799847e-01 -7.759939833955580013e-02
-2.059629727213865558e-01 -7.652966978871059145e-02
-2.153725606922346214e-01 -7.516257202320392183e-02
-2.249331012395541229e-01 -7.348814745703434459e-02
-2.346311810524231434e-01 -7.149720391847144696e-02
-2.444527605197282516e-01 -6.918137016175193721e-02
-2.543832379567102508e-01 -6.653314588570538590e-02
-2.644075184786549015e-01 -6.354594568866357707e-02
-2.745100868486837764e-01 -6.021413646578651496e-02
-2.846750835679314195e-01 -5.653306784114178057e-02
-2.948863834302533626e-01 -5.249909532068906814e-02
-3.051276757310200094e-01 -4.810959595171950681e-02
-3.153825453012404356e-01 -4.336297637710737757e-02
-3.256345535345157582e-01 -3.825867327668333595e-02
-3.358673185850686305e-01 -3.279714629086957767e-02
-3.460645939398831472e-01 -2.697986362121825021e-02
-3.562103446059798895e-01 -2.080928059659680612e-02
-3.662888202039216723e-01 -1.428881158057930187e-02
-3.762846243193292417e-01 -7.422795673503465065e-03
-3.861827795338869662e-01 -2.164567302912316377e-04
-3.959687876341699830e-01 7.324141728524585435e-03
-4.056286845787225315e-01 1.519214609075664885e-02
-4.151490898892283843e-01 2.337996605766414632e-02
-4.245172502183628405e-01 3.187933120668724751e-02
-4.337210769331840132e-01 4.068135003069894146e-02
-4.427491776369696930e-01 4.977657077656064133e-02
-4.515908816326771325e-01 5.915504342034001023e-02
-4.602362594063709178e-01 6.880638214081251369e-02
-4.686761362778796292e-01 7.871982768560384369e-02
-4.769021004277455011e-01 8.888430906429843625e-02
-4.849065055635824462e-01 9.928850404866734758e-02
-4.926824685348336064e-01 1.099208980105008809e-01
-5.002238622424884928e-01 1.207698406810351482e-01
-5.075253042195766451e-01 1.318236004713231324e-01
-5.145821412794399086e-01 1.430704160489526811e-01
-5.213904306422844082e-01 1.544985449221272233e-01
-5.279469179568043735e-01 1.660963088363507922e-01
-5.342490126334151768e-01 1.778521358409673181e-01
-5.402947608994619344e-01 1.897545989318761839e-01
-5.460828169754681216e-01 2.017924512223691624e-01
-5.516124127557693324e-01 2.139546576357677643e-01
-5.568833263575367898e-01 2.262304231511067243e-01
-5.618958498799351275e-01 2.386092176663724973e-01
-5.666507566907166282e-01 2.510807975726682129e-01
-5.711492685315663342e-01 2.636352241572260668e-01
-5.753930227066054170e-01 2.762628789735115387e-01
-5.793840395911531438e-01 2.889544763329700006e-01
-5.831246906706328836e-01 3.017010730854842171e-01
-5.866176672928038460e-01 3.144940758646231349e-01
-5.898659502906313801e-01 3.273252459795839564e-01
-5.928727806083641250e-01 3.401867021386604795e-01
-5.956416310400112213e-01 3.530709211894716981e-01
-5.981761791675275219e-01 3.659707370593572873e-01
-6.004802815657789283e-01 3.788793380756196316e-01
-6.025579493228078176e-01 3.917902628399879128e-01
-6.044133249071167446e-01 4.046973948250507380e-01
-6.060506603985914564e-01 4.175949558527634053e-01
-6.074742970863045155e-01 4.304774986066885467e-01
-6.086886464246880069e-01 4.433398983206253696e-01
-6.096981723293918298e-01 4.561773437769047201e-01
-6.105073747854429245e-01 4.689853277380508501e-01
-6.111207747330203999e-01 4.817596369258966282e-01
-6.115429001901315775e-01 4.944963416526856892e-01
-6.117782735666293936e-01 5.071917851993645865e-01
-6.118314001202330710e-01 5.198425730271660772e-01
-6.117067575023945603e-01 5.324455618998725770e-01
-6.114087863399044753e-01 5.449978489858080533e-01
-6.109418817969197724e-01 5.574967610007119934e-01
-6.103103860615717302e-01 5.699398434452310758e-01
-6.095185817013437646e-01 5.823248499838067360e-01
-6.085706858319397394e-01 5.946497320052993585e-01
-6.074708450453101261e-01 6.069126283997207105e-01
-6.062231310437886656e-01 6.191118555799673961e-01
-6.048315369288631560e-01 6.312458977724536568e-01
-6.032999740948949974e-01 6.433133975959774986e-01
-6.016322696800785463e-01 6.553131469440585111e-01
-5.998321645290110027e-01 6.672440781822848166e-01
-5.979033116234424572e-01 6.791052556688922381e-01
-5.958492749400075006e-01 6.908958676038885471e-01
-5.936735286960025393e-01 7.026152182094175247e-01
-5.913794569465410378e-01 7.142627202417980437e-01
-5.889703534986622246e-01 7.258378878336930740e-01
-5.864494221101654858e-01 7.373403296631497739e-01
-5.838197769430991668e-01 7.487697424447896655e-01
-5.810844432439244978e-01 7.601259047371893285e-01
-5.782463582243668743e-01 7.714086710594522112e-01
-5.753083721189259370e-01 7.826179663091252792e-01
-5.722732493968343270e-01 7.937537804729146718e-01
-5.691436701080300198e-01 8.048161636211241809e-01
-5.659222313443642571e-01 8.158052211763106021e-01
-5.626114487988456148e-01 8.267211094463716714e-01
-5.592137584071973366e-01 8.375640314120700314e-01
-5.557315180573988433e-01 8.483342327588874188e-01
-5.521670093542009328e-01 8.590319981430939444e-01
-5.485224394267927961e-01 8.696576476819181112e-01
-5.447999427689677043e-01 8.802115336578197891e-01
-5.410015831021660615e-01 8.906940374270042593e-01
-5.371293552527589554e-01 9.011055665224798616e-01
-5.331851870358533807e-01 9.114465519421955930e-01
-5.291709411387138795e-01 9.217174456130202698e-01
-5.250884169976902660e-01 9.319187180215972033e-01
-5.209393526632299931e-01 9.420508560033789003e-01
-5.167254266482187441e-01 9.521143606814477245e-01
-5.124482597554764762e-01 9.621097455470224435e-01
-5.081094168807934741e-01 9.720375346738617806e-01
-5.037104087883722547e-01 9.818982610590832882e-01
-4.992526938560108984e-01 9.916924650832356081e-01
-4.947376797877523491e-01 1.001420693082749613e+00
-4.901667252921220741e-01 1.011083496028237105e+00
-4.855411417243868377e-01 1.020681428302364413e+00
-4.808621946915895284e-01 1.030215046571355986e+00
-4.761311056193815450e-01 1.039684908744457958e+00
-4.713490532799154420e-01 1.049091573015983547e+00
-4.665171752802878546e-01 1.058435596984810045e+00
-4.616365695112124024e-01 1.067717536846497284e+00
-4.567082955557768553e-01 1.076937946653421907e+00
-4.517333760582988300e-01 1.086097377638587158e+00
-4.467127980534200682e-01 1.095196377598984583e+00
-4.416475142557103051e-01 1.104235490334639636e+00
-4.365384443101476553e-01 1.113215255139653914e+00
-4.313864760039365920e-01 1.122136206341794784e+00
-4.261924664402070850e-01 1.130998872887366780e+00
-4.209572431741943066e-01 1.139803777968284360e+00
-4.156816053125707566e-01 1.148551438688463655e+00
-4.103663245766374090e-01 1.157242365766792291e+00
-4.050121463301265545e-01 1.165877063274134651e+00
-3.996197905724018229e-01 1.174456028401948737e+00
-3.941899528978628497e-01 1.182979751260272216e+00
-3.887233054223834805e-01 1.191448714702931344e+00
-3.832204976776288907e-01 1.199863394178007914e+00
-3.776821574741014431e-01 1.208224257601676399e+00
-3.721088917337764257e-01 1.216531765253672015e+00
-3.665012872931845411e-01 1.224786369692751231e+00
-3.608599116778031801e-01 1.232988515690596198e+00
-3.551853138486066874e-01 1.241138640182752217e+00
-3.494780249216249968e-01 1.249237172235226456e+00
-3.437385588613469101e-01 1.257284533025509354e+00
-3.379674131487946931e-01 1.265281135836845872e+00
-3.321650694250851132e-01 1.273227386064646360e+00
-3.263319941112776679e-01 1.281123681234032308e+00
-3.204686390052891021e-01 1.288970411027543506e+00
-3.145754418566542587e-01 1.296767957322133347e+00
-3.086528269198713925e-01 1.304516694234610252e+00
-3.027012054870767410e-01 1.312216988174760290e+00
-2.967209764007626149e-01 1.319869197905420455e+00
-2.907125265472315645e-01 1.327473674608850462e+00
-2.846762313314742388e-01 1.335030761958759138e+00
-2.786124551341249700e-01 1.342540796197424946e+00
-2.725215517511398455e-01 1.350004106217359112e+00
-2.664038648168242096e-01 1.357421013647020613e+00
-2.602597282108025101e-01 1.364791832940118077e+00
-2.540894664495326194e-01 1.372116871468061383e+00
-2.478933950629180205e-01 1.379396429615184605e+00
-2.416718209565742181e-01 1.386630800876346603e+00
-2.354250427602804507e-01 1.393820271956588197e+00
-2.291533511631316522e-01 1.400965122872523061e+00
-2.228570292358811322e-01 1.408065627055175018e+00
-2.165363527409628341e-01 1.415122051453990171e+00
-2.101915904306528582e-01 1.422134656641778738e+00
-2.038230043338135067e-01 1.429103696920360989e+00
-1.974308500316599713e-01 1.436029420426704561e+00
-1.910153769229575305e-01 1.442912069239367101e+00
-1.845768284790580693e-01 1.449751879485058570e+00
-1.781154424891571997e-01 1.456549081445175142e+00
-1.716314512961481242e-01 1.463303899662144136e+00
-1.651250820234309025e-01 1.470016553045454533e+00
-1.585965567930232301e-01 1.476687254977253616e+00
-1.520460929353032731e-01 1.483316213417380069e+00
-1.454739031907119062e-01 1.489903631007757356e+00
-1.388801959037161693e-01 1.496449705176040146e+00
-1.322651752093347288e-01 1.502954628238434509e+00
-1.256290412125101175e-01 1.509418587501620834e+00
-1.189719901606033498e-01 1.515841765363710181e+00
-1.122942146092768406e-01 1.522224339414178784e+00
-1.055959035820157876e-01 1.528566482532725201e+00
-9.887724272353944077e-02 1.534868362986999912e+00
-9.213841444732853714e-02 1.541130144529178958e+00
-8.537959807750553076e-02 1.547351986491333875e+00
-7.860096998527545120e-02 1.553534043879570614e+00
-7.180270372014380120e-02 1.559676467466919902e+00
-6.498497013610843309e-02 1.565779403884943743e+00
-5.814793751301667452e-02 1.571842995714046731e+00
-5.129177167328070885e-02 1.577867381572484629e+00
-4.441663609412133812e-02 1.583852696204043564e+00
-3.752269201551413497e-02 1.589799070564392514e+00
-3.061009854400846206e-02 1.595706631906107953e+00
-2.367901275256447183e-02 1.601575503862343597e+00
-1.672958977657545976e-02 1.607405806529183190e+00
-9.761982906207961747e-03 1.613197656546635939e+00
-2.776343675211362209e-03 1.618951167178313888e+00
4.227178053678547556e-03 1.624666448389764151e+00
1.124843400660618768e-02 1.630343606925495514e+00
1.828727741960691280e-02 1.635982746384675890e+00
2.534356296265245778e-02 1.641583967295531465e+00
3.241714666660427263e-02 1.647147367188451561e+00
3.950788585297045769e-02 1.652673040667807625e+00
4.661563906636478211e-02 1.658161079482495692e+00
5.374026600955323502e-02 1.663611572595238730e+00
6.088162748100464650e-02 1.669024606250620213e+00
6.803958531484467775e-02 1.674400264041912001e+00
7.521400232312022704e-02 1.679738626976670757e+00
8.240474224029306627e-02 1.685039773541152197e+00
8.961166966987671456e-02 1.690303779763524084e+00
9.683465003314002673e-02 1.695530719275934350e+00
1.040735495197942923e-01 1.700720663375417496e+00
1.113282350405948029e-01 1.705873681083670990e+00
1.185985741817849326e-01 1.710989839205723451e+00
1.258844351613173096e-01 1.716069202387503267e+00
1.331856867867776129e-01 1.721111833172324523e+00
1.405021984149619485e-01 1.726117792056316880e+00
1.478338399130335323e-01 1.731087137542812071e+00
1.551804816212109250e-01 1.736019926195700114e+00
1.625419943169242876e-01 1.740916212691781206e+00
1.699182491803946093e-01 1.745776049872123981e+00
1.773091177615752356e-01 1.750599488792459413e+00
1.847144719484120345e-01 1.755386578772606176e+00
1.921341839363711057e-01 1.760137367444972734e+00
1.995681261991950339e-01 1.764851900802123508e+00
2.070161714608322601e-01 1.769530223243458211e+00
2.144781926685075391e-01 1.774172377620990115e+00
2.219540629668887155e-01 1.778778405284264341e+00
2.294436556733113475e-01 1.783348346124418837e+00
2.369468442540195730e-01 1.787882238617409136e+00
2.444635023013979058e-01 1.792380119866413546e+00
2.519935035121436684e-01 1.796842025643436980e+00
2.595367216663628795e-01 1.801267990430116095e+00
2.670930306075434135e-01 1.805658047457765258e+00
2.746623042233851675e-01 1.810012228746651575e+00
2.822444164274500733e-01 1.814330565144537388e+00
2.898392411416084169e-01 1.818613086364486930e+00
2.974466522792505452e-01 1.822859821021966420e+00
3.050665237292408682e-01 1.827070796671238728e+00
3.126987293405821267e-01 1.831246039841077700e+00
3.203431429077771564e-01 1.835385576069812341e+00
3.279996381568509034e-01 1.839489429939703546e+00
3.356680887320199203e-01 1.843557625110691767e+00
3.433483681829836431e-01 1.847590184353501197e+00
3.510403499528156890e-01 1.851587129582130897e+00
3.587439073664370759e-01 1.855548481885737733e+00
3.664589136196538810e-01 1.859474261559931563e+00
3.741852417687310806e-01 1.863364488137476238e+00
3.819227647204974652e-01 1.867219180418441038e+00
3.896713552229543187e-01 1.871038356499770572e+00
3.974308858563787572e-01 1.874822033804329990e+00
4.052012290248955817e-01 1.878570229109395529e+00
4.129822569485154249e-01 1.882282958574636789e+00
4.207738416556099925e-01 1.885960237769574555e+00
4.285758549758228453e-01 1.889602081700536340e+00
4.363881685333931282e-01 1.893208504837123662e+00
4.442106537408826439e-01 1.896779521138189262e+00
4.520431817932928920e-01 1.900315144077343366e+00
4.598856236625586957e-01 1.903815386668000986e+00
4.677378500924058713e-01 1.907280261487961592e+00
4.755997315935688308e-01 1.910709780703556904e+00
4.834711384393430289e-01 1.914103956093351711e+00
4.913519406614735296e-01 1.917462799071419921e+00
4.992420080463647047e-01 1.920786320710206052e+00
5.071412101316031817e-01 1.924074531762962392e+00
5.150494162027807743e-01 1.927327442685797587e+00
5.229664952906084574e-01 1.930545063659316218e+00
5.308923161683209990e-01 1.933727404609884681e+00
5.388267473493504323e-01 1.936874475230501602e+00
5.467696570852695892e-01 1.939986285001306765e+00
5.547209133639938727e-01 1.943062843209721668e+00
5.626803839082341607e-01 1.946104158970225928e+00
5.706479361741955136e-01 1.949110241243794173e+00
5.786234373505093620e-01 1.952081098856969232e+00
5.866067543573959542e-01 1.955016740520614471e+00
5.945977538460529566e-01 1.957917174848326392e+00
6.025963021982565504e-01 1.960782410374518392e+00
6.106022655261748033e-01 1.963612455572190107e+00
6.186155096723828795e-01 1.966407318870378340e+00
6.266359002100803099e-01 1.969167008671302010e+00
6.346633024434961134e-01 1.971891533367204241e+00
6.426975814084868732e-01 1.974580901356897122e+00
6.507386018733091193e-01 1.977235121062012713e+00
6.587862283395751195e-01 1.979854200942968490e+00
6.668403250433744267e-01 1.982438149514654802e+00
6.749007559565698422e-01 1.984986975361837658e+00
6.829673847882478110e-01 1.987500687154299728e+00
6.910400749863311320e-01 1.989979293661703785e+00
6.991186897393428801e-01 1.992422803768202577e+00
7.072030919783224290e-01 1.994831226486786457e+00
7.152931443788834720e-01 1.997204570973375004e+00
7.233887093634155940e-01 1.999542846540666607e+00
7.314896491034195147e-01 2.001846062671732263e+00
7.395958255219835520e-01 2.004114229033385541e+00
7.477071002963791013e-01 2.006347355489287221e+00
7.558233348607946711e-01 2.008545452112850960e+00
7.639443904091821613e-01 2.010708529199889405e+00
7.720701278982329274e-01 2.012836597281050910e+00
7.802004080504596484e-01 2.014929667134030655e+00
7.883350913574066476e-01 2.016987749795561946e+00
7.964740380829531397e-01 2.019010856573188573e+00
8.046171082667399332e-01 2.020998999056831558e+00
8.127641617276909480e-01 2.022952189130140965e+00
8.209150580676420894e-01 2.024870438981648757e+00
8.290696566750656027e-01 2.026753761115706265e+00
8.372278167288967898e-01 2.028602168363239588e+00
8.453893972024486558e-01 2.030415673892291384e+00
8.535542568674239217e-01 2.032194291218377913e+00
8.617222542980119693e-01 2.033938034214653356e+00
8.698932478750770469e-01 2.035646917121882282e+00
8.780670957904298524e-01 2.037320954558229591e+00
8.862436560511788297e-01 2.038960161528866610e+00
8.944227864841667319e-01 2.040564553435392003e+00
9.026043447404833442e-01 2.042134146085081259e+00
9.107881883000523704e-01 2.043668955699952772e+00
9.189741744762980336e-01 2.045168998925665615e+00
9.271621604208782896e-01 2.046634292840241898e+00
9.353520031284927594e-01 2.048064854962623471e+00
9.435435594417558303e-01 2.049460703261052785e+00
9.517366860561404796e-01 2.050821856161305856e+00
9.599312395249843810e-01 2.052148332554740495e+00
9.681270762645569627e-01 2.053440151806198433e+00
9.763240525591960761e-01 2.054697333761745348e+00
9.845220245664935144e-01 2.055919898756246589e+00
9.927208483225493652e-01 2.057107867620800778e+00
1.000920379747275435e+00 2.058261261690002453e+00
1.009120474649757737e+00 2.059380102809070134e+00
1.017320988733669829e+00 2.060464413340810541e+00
1.025521777602740325e+00 2.061514216172441571e+00
1.033722696766272042e+00 2.062529534722269631e+00
1.041923601644704878e+00 2.063510392946213301e+00
1.050124347575231543e+00 2.064456815344191565e+00
1.058324789817460143e+00 2.065368826966368143e+00
1.066524783559113398e+00 2.066246453419248841e+00
1.074724183921782927e+00 2.067089720871652769e+00
1.082922845966718839e+00 2.067898656060529916e+00
1.091120624700658848e+00 2.068673286296651259e+00
1.099317375081701131e+00 2.069413639470166100e+00
1.107512952025215158e+00 2.070119744056018618e+00
1.115707210409787598e+00 2.070791629119237420e+00
1.123900005083202647e+00 2.071429324320088750e+00
1.132091190868461883e+00 2.072032859919103576e+00
1.140280622569834756e+00 2.072602266781978120e+00
1.148468154978938616e+00 2.073137576384338487e+00
1.156653642880855148e+00 2.073638820816389394e+00
1.164836941060274578e+00 2.074106032787427445e+00
1.173017904307664949e+00 2.074539245630237616e+00
1.181196387425475169e+00 2.074938493305362730e+00
1.189372245234362468e+00 2.075303810405256577e+00
1.197545332579441402e+00 2.075635232158305143e+00
1.205715504336564381e+00 2.075932794432739481e+00
1.213882615418618638e+00 2.076196533740422900e+00
1.222046520781850720e+00 2.076426487240524921e+00
1.230207075432208530e+00 2.076622692743069987e+00
1.238364134431706676e+00 2.076785188712382713e+00
1.246517552904806925e+00 2.076914014270405229e+00
1.254667186044823080e+00 2.077009209199909279e+00
1.262812889120335402e+00 2.077070813947594630e+00
1.270954517481625246e+00 2.077098869627064026e+00
1.279091926567131443e+00 2.077093418021707993e+00
1.287224971909902704e+00 2.077054501587453306e+00
1.295353509144085757e+00 2.076982163455427077e+00
1.303477394011406831e+00 2.076876447434490736e+00
1.311596482367676675e+00 2.076737398013678071e+00
1.319710630189300016e+00 2.076565060364524040e+00
1.327819693579798122e+00 2.076359480343286545e+00
1.335923528776333802e+00 2.076120704493056746e+00
1.344021992156251954e+00 2.075848780045776998e+00
1.352114940243622554e+00 2.075543754924140671e+00
1.360202229715789191e+00 2.075205677743403587e+00
1.368283717409922495e+00 2.074834597813074666e+00
1.376359260329579115e+00 2.074430565138520866e+00
1.384428715651262687e+00 2.073993630422463763e+00
1.392491940730990585e+00 2.073523845066379323e+00
1.400548793110852897e+00 2.073021261171788421e+00
1.408599130525582499e+00 2.072485931541460324e+00
1.416642810909118699e+00 2.071917909680512704e+00
1.424679692401171982e+00 2.071317249797415716e+00
1.432709633353784096e+00 2.070684006804892174e+00
1.440732492337889470e+00 2.070018236320733340e+00
1.448748128149867531e+00 2.069319994668508134e+00
1.456756399818097680e+00 2.068589338878185302e+00
1.464757166609500283e+00 2.067826326686659222e+00
1.472750288036077659e+00 2.067031016538178001e+00
1.480735623861446859e+00 2.066203467584683207e+00
1.488713034107363775e+00 2.065343739686060331e+00
1.496682379060235712e+00 2.064451893410285344e+00
1.504643519277634844e+00 2.063527990033500181e+00
1.512596315594783247e+00 2.062572091539974117e+00
1.520540629131049482e+00 2.061584260621998066e+00
1.528476321296413198e+00 2.060564560679674972e+00
1.536403253797931079e+00 2.059513055820627603e+00
1.544321288646179458e+00 2.058429810859616627e+00
1.552230288161690730e+00 2.057314891318075656e+00
1.560130114981370220e+00 2.056168363423553469e+00
1.568020632064899944e+00 2.054990294109079851e+00
1.575901702701121287e+00 2.053780751012434624e+00
1.583773190514408347e+00 2.052539802475339847e+00
1.591634959471016186e+00 2.051267517542567198e+00
1.599486873885412663e+00 2.049963965960960532e+00
1.607328798426595595e+00 2.048629218178379396e+00
1.615160598124379732e+00 2.047263345342553276e+00
1.622982138375671957e+00 2.045866419299859462e+00
1.630793284950723177e+00 2.044438512594024093e+00
1.638593903999354895e+00 2.042979698464735261e+00
1.646383862057162917e+00 2.041490050846178850e+00
1.654163026051700180e+00 2.039969644365499324e+00
1.661931263308636497e+00 2.038418554341178357e+00
1.669688441557885650e+00 2.036836856781337080e+00
1.677434428939718059e+00 2.035224628381965495e+00
1.685169094010833701e+00 2.033581946525062634e+00
1.692892305750419490e+00 2.031908889276717201e+00
1.700603933566174009e+00 2.030205535385105620e+00
1.708303847300302269e+00 2.028471964278411921e+00
1.715991917235484054e+00 2.026708256062682789e+00
1.723668014100813162e+00 2.024914491519596904e+00
1.731332009077700018e+00 2.023090752104179657e+00
1.738983773805753641e+00 2.021237119942425942e+00
1.746623180388623853e+00 2.019353677828870097e+00
1.754250101399810635e+00 2.017440509224067924e+00
1.761864409888447724e+00 2.015497698252023184e+00
1.769465979385044241e+00 2.013525329697536392e+00
1.777054683907201227e+00 2.011523489003492315e+00
1.784630397965282000e+00 2.009492262268067098e+00
1.792192996568059637e+00 2.007431736241880760e+00
1.799742355228316493e+00 2.005341998325078645e+00
1.807278349968416853e+00 2.003223136564341811e+00
1.814800857325836514e+00 2.001075239649839244e+00
1.822309754358657941e+00 1.998898396912114794e+00
1.829804918651023682e+00 1.996692698318898840e+00
1.837286228318554482e+00 1.994458234471876423e+00
1.844753562013726089e+00 1.992195096603375237e+00
1.852206798931208098e+00 1.989903376573000759e+00
1.859645818813152829e+00 1.987583166864199002e+00
1.867070501954462225e+00 1.985234560580781737e+00
1.874480729207995022e+00 1.982857651443362679e+00
1.881876381989736613e+00 1.980452533785755920e+00
1.889257342283933605e+00 1.978019302551305980e+00
1.896623492648177089e+00 1.975558053289160787e+00
1.903974716218443941e+00 1.973068882150489367e+00
1.911310896714095264e+00 1.970551885884641141e+00
1.918631918442834206e+00 1.968007161835255259e+00
1.925937666305605589e+00 1.965434807936299100e+00
1.933228025801466909e+00 1.962834922708072805e+00
1.940502883032400483e+00 1.960207605253142749e+00
1.947762124708086295e+00 1.957552955252237270e+00
1.955005638150621561e+00 1.954871072960068679e+00
1.962233311299198313e+00 1.952162059201128619e+00
1.969445032714731703e+00 1.949426015365411713e+00
1.976640691584440335e+00 1.946663043404102789e+00
