npts 513 dfreq 1.000000000000000021e-02
0.000000000000000000e+00 0.000000000000000000e+00
-7.037167544041140754e-01 -2.412743157956961593e+00
-1.104735878185422493e+01 -1.657103817278132851e+01
-5.111285608566466010e+01 -3.894312844622068326e+01
-1.301672609302407011e+02 -4.183947672757734892e+01
-2.243994752564138366e+02 2.253794417136846580e-14
-3.023928758977888833e+02 7.919813416370671177e+01
-3.547245396633097130e+02 1.737426316718253361e+02
-3.868402171514989618e+02 2.694065798019368572e+02
-4.061475743882291454e+02 3.610200661228703893e+02
-4.178840584347468621e+02 4.477329197515145438e+02
-4.251864064555393838e+02 5.301025327237894089e+02
-4.298519647960272891e+02 6.089569501277055679e+02
-4.329111861696567303e+02 6.850462726201162695e+02
-4.349656139333960141e+02 7.589706120674565000e+02
-4.363750697171515185e+02 8.311906089850507442e+02
-4.373604166662997272e+02 9.020558593742434823e+02
-4.380606795242642875e+02 9.718320957513092253e+02
-4.385654630779172294e+02 1.040722805240454363e+03
-4.389337938445191867e+02 1.108885373922996450e+03
-4.392053389946098605e+02 1.176442872306990694e+03
-4.394072448606144121e+02 1.243492611306228810e+03
-4.395583988374692694e+02 1.310112370561028683e+03
-4.396721411183621626e+02 1.376364963500960130e+03
-4.397580236366668487e+02 1.442301613236925505e+03
-4.398229715025710789e+02 1.507964473723100809e+03
-4.398720626478282725e+02 1.573388531778770584e+03
-4.399090592190977986e+02 1.638603056562142456e+03
-4.399367749100228480e+02 1.703632715085241898e+03
-4.399573322216626252e+02 1.768498438881166521e+03
-4.399723448295193293e+02 1.833218103456330709e+03
-4.399830483218703421e+02 1.897807065572676038e+03
-4.399903949106683854e+02 1.962278591588204790e+03
-4.399951227141095274e+02 2.026644201592263016e+03
-4.399978068998539129e+02 2.090913947914852997e+03
-4.399988977590675745e+02 2.155096642085229632e+03
-4.399987492760407690e+02 2.219200040991459900e+03
-4.399976407250655939e+02 2.283231000519259396e+03
-4.399957931096779475e+02 2.347195603092606234e+03
-4.399933817572756425e+02 2.411099264135108569e+03
-4.399905460269366131e+02 2.474946821401519173e+03
-4.399873968347408777e+02 2.538742610307773248e+03
-4.399840225183669418e+02 2.602490527753197966e+03
-4.399804934302756010e+02 2.666194086434627479e+03
-4.399768655519067124e+02 2.729856461265239432e+03
-4.399731833499575941e+02 2.793480529206080973e+03
-4.399694820428701973e+02 2.857068903576527191e+03
-4.399657894061222692e+02 2.920623963717237984e+03
-4.399621272152344318e+02 2.984147880724760398e+03
-4.399585124029467806e+02 3.047642639852483626e+03
-4.399549579899679657e+02 3.111110060071916905e+03
-4.399514738356576231e+02 3.174551811206313232e+03
-4.399480672449898861e+02 3.237969428981670717e+03
-4.399447434604173282e+02 3.301364328285180363e+03
-4.399415060612503794e+02 3.364737814875860295e+03
-4.399383572885136573e+02 3.428091095754652542e+03
-4.399352983095630520e+02 3.491425288370027374e+03
-4.399323294338969390e+02 3.554741428809232730e+03
-4.399294502893210392e+02 3.618040479103554844e+03
-4.399266599658315045e+02 3.681323333757660748e+03
-4.399239571331629008e+02 3.744590825597756520e+03
-4.399213401368102154e+02 3.807843731020259384e+03
-4.399188070764222971e+02 3.871082774711651837e+03
-4.399163558697404142e+02 3.934308633900808218e+03
-4.399139843046664282e+02 3.997521942197092358e+03
-4.399116900815727718e+02 4.060723293060671949e+03
-4.399094708475806215e+02 4.123913242945611273e+03
-4.399073242242286597e+02 4.187092314151293976e+03
-4.399052478296918594e+02 4.250260997413347468e+03
-4.399032392965148688e+02 4.313419754261480193e+03
-4.399012962856456284e+02 4.376569019168413433e+03
-4.398994164974242267e+02 4.439709201511227548e+03
-4.398975976800657008e+02 4.502840687364006044e+03
-4.398958376360840248e+02 4.565963841138533098e+03
-4.398941342270225618e+02 4.629079007087839273e+03
-4.398924853768032790e+02 4.692186510685903158e+03
-4.398908890739434696e+02 4.755286659895205048e+03
-4.398893433728524087e+02 4.818379746332691866e+03
-4.398878463943843826e+02 4.881466046343544804e+03
-4.398863963257892920e+02 4.944545821991151570e+03
-4.398849914201846332e+02 5.007619321970852070e+03
-4.398836299956454354e+02 5.070686782454212334e+03
-4.398823104339982706e+02 5.133748427869955776e+03
-4.398810311793832284e+02 5.196804471626999657e+03
-4.398797907366443951e+02 5.259855116784603524e+03
-4.398785876695922070e+02 5.322900556674059771e+03
-4.398774205991780377e+02 5.385940975475984487e+03
-4.398762882016102367e+02 5.448976548756893862e+03
-4.398751892064393019e+02 5.512007443968353073e+03
-4.398741223946310583e+02 5.575033820911728981e+03
-4.398730865966467150e+02 5.638055832171306974e+03
-4.398720806905407130e+02 5.701073623518219392e+03
-4.398711036000879062e+02 5.764087334287489284e+03
-4.398701542929501329e+02 5.827097097730264068e+03
-4.398692317788847959e+02 5.890103041343091718e+03
-4.398683351080056809e+02 5.953105287176017555e+03
-4.398674633690925475e+02 6.016103952121026850e+03
-4.398666156879586424e+02 6.079099148182333010e+03
-4.398657912258732949e+02 6.142090982729798270e+03
-4.398649891780419807e+02 6.205079558736709259e+03
-4.398642087721433995e+02 6.268064975003044310e+03
-4.398634492669242491e+02 6.331047326365235676e+03
-4.398627099508503875e+02 6.394026703893384365e+03
-4.398619901408130772e+02 6.457003195076792508e+03
-4.398612891808896279e+02 6.519976883998599988e+03
-4.398606064411573016e+02 6.582947851500313845e+03
-4.398599413165571832e+02 6.645916175336825290e+03
-4.398592932258106316e+02 6.708881930322645530e+03
-4.398586616103797837e+02 6.771845188469856112e+03
-4.398580459334785360e+02 6.834806019118378572e+03
-4.398574456791242824e+02 6.897764489058996332e+03
-4.398568603512355253e+02 6.960720662649669976e+03
-4.398562894727687649e+02 7.023674601925502429e+03
-4.398557325848953496e+02 7.086626366702792438e+03
-4.398551892462160140e+02 7.149576014677530111e+03
-4.398546590320111704e+02 7.212523601518694704e+03
-4.398541415335263309e+02 7.275469180956642049e+03
-4.398536363572896448e+02 7.338412804866919942e+03
-4.398531431244613259e+02 7.401354523349743431e+03
-4.398526614702132065e+02 7.464294384805444679e+03
-4.398521910431362585e+02 7.527232436006053831e+03
-4.398517315046759109e+02 7.590168722163334678e+03
-4.398512825285931171e+02 7.653103286993402435e+03
-4.398508438004500931e+02 7.716036172778162836e+03
-4.398504150171199285e+02 7.778967420423743533e+03
-4.398499958863181405e+02 7.841897069516074225e+03
-4.398495861261567370e+02 7.904825158373822887e+03
-4.398491854647162427e+02 7.967751724098753584e+03
-4.398487936396398936e+02 8.030676802623737785e+03
-4.398484103977447148e+02 8.093600428758501039e+03
-4.398480354946502189e+02 8.156522636233210505e+03
-4.398476686944236462e+02 8.219443457740071608e+03
-4.398473097692431111e+02 8.282362924973011104e+03
-4.398469584990721160e+02 8.345281068665533894e+03
-4.398466146713520288e+02 8.408197918626879982e+03
-4.398462780807061563e+02 8.471113503776563448e+03
-4.398459485286583117e+02 8.534027852177363457e+03
-4.398456258233622407e+02 8.596940991066843708e+03
-4.398453097793442907e+02 8.659852946887525832e+03
-4.398450002172567679e+02 8.722763745315711276e+03
-4.398446969636415815e+02 8.785673411289066280e+03
-4.398443998507057131e+02 8.848581969033042697e+03
-4.398441087161035625e+02 8.911489442086127383e+03
-4.398438234027318572e+02 8.974395853324072959e+03
-4.398435437585317231e+02 9.037301224983086286e+03
-4.398432696362985439e+02 9.100205578682038322e+03
-4.398430008935012552e+02 9.163108935443773589e+03
-4.398427373921084040e+02 9.226011315715519231e+03
-4.398424789984222798e+02 9.288912739388497357e+03
-4.398422255829191840e+02 9.351813225816698832e+03
-4.398419770200966923e+02 9.414712793834927652e+03
-4.398417331883272823e+02 9.477611461776104989e+03
-4.398414939697187833e+02 9.540509247487912944e+03
-4.398412592499782363e+02 9.603406168348730716e+03
-4.398410289182843940e+02 9.666302241283001422e+03
-4.398408028671631200e+02 9.729197482775958633e+03
-4.398405809923686434e+02 9.792091908887799946e+03
-4.398403631927705533e+02 9.854985535267320302e+03
-4.398401493702426706e+02 9.917878377164995982e+03
-4.398399394295595926e+02 9.980770449445604754e+03
-4.398397332782952276e+02 1.004366176660035853e+04
-4.398395308267259338e+02 1.010655234275855946e+04
-4.398393319877376371e+02 1.016944219169884855e+04
-4.398391366767363593e+02 1.023233132686002682e+04
-4.398389448115630671e+02 1.029521976135149089e+04
-4.398387563124096573e+02 1.035810750796324282e+04
-4.398385711017413655e+02 1.042099457917559812e+04
-4.398383891042190612e+02 1.048388098716848799e+04
-4.398382102466269998e+02 1.054676674383047248e+04
-4.398380344578015411e+02 1.060965186076739337e+04
-4.398378616685636757e+02 1.067253634931073793e+04
-4.398376918116534853e+02 1.073542022052570610e+04
-4.398375248216674436e+02 1.079830348521899396e+04
-4.398373606349985039e+02 1.086118615394632070e+04
-4.398371991897764133e+02 1.092406823701964277e+04
-4.398370404258133703e+02 1.098694974451419512e+04
-4.398368842845489439e+02 1.104983068627522334e+04
-4.398367307089985161e+02 1.111271107192453019e+04
-4.398365796437028052e+02 1.117559091086676563e+04
-4.398364310346801176e+02 1.123847021229554593e+04
-4.398362848293794514e+02 1.130134898519933631e+04
-4.398361409766362726e+02 1.136422723836713885e+04
-4.398359994266277226e+02 1.142710498039399681e+04
-4.398358601308329412e+02 1.148998221968633516e+04
-4.398357230419919119e+02 1.155285896446710467e+04
-4.398355881140665247e+02 1.161573522278075507e+04
-4.398354553022036271e+02 1.167861100249806623e+04
-4.398353245626984176e+02 1.174148631132080482e+04
-4.398351958529602257e+02 1.180436115678624992e+04
-4.398350691314785763e+02 1.186723554627155136e+04
-4.398349443577908460e+02 1.193010948699797518e+04
-4.398348214924509421e+02 1.199298298603499825e+04
-4.398347004969988348e+02 1.205585605030427359e+04
-4.398345813339317942e+02 1.211872868658347761e+04
-4.398344639666757985e+02 1.218160090151004624e+04
-4.398343483595583621e+02 1.224447270158477841e+04
-4.398342344777825019e+02 1.230734409317532845e+04
-4.398341222874007030e+02 1.237021508251961859e+04
-4.398340117552908737e+02 1.243308567572910943e+04
-4.398339028491324143e+02 1.249595587879200866e+04
-4.398337955373830255e+02 1.255882569757635065e+04
-4.398336897892567094e+02 1.262169513783299954e+04
-4.398335855747017717e+02 1.268456420519856147e+04
-4.398334828643812671e+02 1.274743290519822585e+04
-4.398333816296513987e+02 1.281030124324848293e+04
-4.398332818425429309e+02 1.287316922465979587e+04
-4.398331834757419756e+02 1.293603685463918191e+04
-4.398330865025722574e+02 1.299890413829272620e+04
-4.398329908969769235e+02 1.306177108062801381e+04
-4.398328966335014911e+02 1.312463768655649255e+04
-4.398328036872783855e+02 1.318750396089577771e+04
-4.398327120340084662e+02 1.325036990837186022e+04
-4.398326216499483508e+02 1.331323553362131497e+04
-4.398325325118938736e+02 1.337610084119336898e+04
-4.398324445971657610e+02 1.343896583555198231e+04
-4.398323578835950798e+02 1.350183052107780350e+04
-4.398322723495107880e+02 1.356469490207013405e+04
-4.398321879737256381e+02 1.362755898274880019e+04
-4.398321047355231599e+02 1.369042276725597185e+04
-4.398320226146453820e+02 1.375328625965795436e+04
-4.398319415912814065e+02 1.381614946394691287e+04
-4.398318616460551311e+02 1.387901238404255491e+04
-4.398317827600135388e+02 1.394187502379376565e+04
-4.398317049146166369e+02 1.400473738698021043e+04
-4.398316280917262588e+02 1.406759947731388093e+04
-4.398315522735954914e+02 1.413046129844059396e+04
-4.398314774428590681e+02 1.419332285394146675e+04
-4.398314035825234214e+02 1.425618414733435566e+04
-4.398313306759575312e+02 1.431904518207523688e+04
-4.398312587068826360e+02 1.438190596155955427e+04
-4.398311876593652983e+02 1.444476648912356904e+04
-4.398311175178068311e+02 1.450762676804560942e+04
-4.398310482669359089e+02 1.457048680154734393e+04
-4.398309798917999842e+02 1.463334659279499647e+04
-4.398309123777577270e+02 1.469620614490052867e+04
-4.398308457104713511e+02 1.475906546092280951e+04
-4.398307798758984859e+02 1.482192454386873214e+04
-4.398307148602856955e+02 1.488478339669432353e+04
-4.398306506501610897e+02 1.494764202230580486e+04
-4.398305872323272183e+02 1.501050042356064660e+04
-4.398305245938549319e+02 1.507335860326857619e+04
-4.398304627220768452e+02 1.513621656419259125e+04
-4.398304016045801745e+02 1.519907430904989633e+04
-4.398303412292017924e+02 1.526193184051287972e+04
-4.398302815840216340e+02 1.532478916121002294e+04
-4.398302226573570124e+02 1.538764627372678115e+04
-4.398301644377568778e+02 1.545050318060648169e+04
-4.398301069139969854e+02 1.551335988435118634e+04
-4.398300500750734727e+02 1.557621638742249343e+04
-4.398299939101987661e+02 1.563907269224238917e+04
-4.398299384087954422e+02 1.570192880119399888e+04
-4.398298835604927035e+02 1.576478471662242009e+04
-4.398298293551202391e+02 1.582764044083541921e+04
-4.398297757827044734e+02 1.589049597610421552e+04
-4.398297228334636770e+02 1.595335132466417963e+04
-4.398296704978037610e+02 1.601620648871554658e+04
-4.398296187663137857e+02 1.607906147042410157e+04
-4.398295676297620957e+02 1.614191627192185479e+04
-4.398295170790917155e+02 1.620477089530768899e+04
-4.398294671054168816e+02 1.626762534264800888e+04
-4.398294177000190075e+02 1.633047961597735775e+04
-4.398293688543434428e+02 1.639333371729905775e+04
-4.398293205599945281e+02 1.645618764858575378e+04
-4.398292728087338332e+02 1.651904141178006466e+04
-4.398292255924746996e+02 1.658189500879508705e+04
-4.398291789032812176e+02 1.664474844151501384e+04
-4.398291327333619734e+02 1.670760171179561439e+04
-4.398290870750698218e+02 1.677045482146483482e+04
-4.398290419208966568e+02 1.683330777232327455e+04
-4.398289972634718765e+02 1.689616056614471745e+04
-4.398289530955576652e+02 1.695901320467660116e+04
-4.398289094100483680e+02 1.702186568964054823e+04
-4.398288661999649776e+02 1.708471802273278445e+04
-4.398288234584551333e+02 1.714757020562467369e+04
-4.398287811787882333e+02 1.721042223996311077e+04
-4.398287393543541839e+02 1.727327412737100167e+04
-4.398286979786597044e+02 1.733612586944768555e+04
-4.398286570453278728e+02 1.739897746776938220e+04
-4.398286165480926684e+02 1.746182892388956679e+04
-4.398285764807995406e+02 1.752468023933942823e+04
-4.398285368374008613e+02 1.758753141562821475e+04
-4.398284976119557541e+02 1.765038245424369234e+04
-4.398284587986256042e+02 1.771323335665245395e+04
-4.398284203916736601e+02 1.777608412430033786e+04
-4.398283823854624188e+02 1.783893475861279148e+04
-4.398283447744514660e+02 1.790178526099522060e+04
-4.398283075531951454e+02 1.796463563283333133e+04
-4.398282707163419332e+02 1.802748587549350850e+04
-4.398282342586302889e+02 1.809033599032309940e+04
-4.398281981748893372e+02 1.815318597865079573e+04
-4.398281624600349460e+02 1.821603584178692108e+04
-4.398281271090696691e+02 1.827888558102376919e+04
-4.398280921170794500e+02 1.834173519763588411e+04
-4.398280574792328821e+02 1.840458469288039487e+04
-4.398280231907795041e+02 1.846743406799730292e+04
-4.398279892470479240e+02 1.853028332420977313e+04
-4.398279556434446249e+02 1.859313246272440301e+04
-4.398279223754514078e+02 1.865598148473151014e+04
-4.398278894386255047e+02 1.871883039140543769e+04
-4.398278568285967935e+02 1.878167918390476916e+04
-4.398278245410670593e+02 1.884452786337262660e+04
-4.398277925718080041e+02 1.890737643093692168e+04
-4.398277609166604520e+02 1.897022488771058852e+04
-4.398277295715324726e+02 1.903307323479186380e+04
-4.398276985323990402e+02 1.909592147326451231e+04
-4.398276677952993623e+02 1.915876960419805619e+04
-4.398276373563369930e+02 1.922161762864802222e+04
-4.398276072116774458e+02 1.928446554765616384e+04
-4.398275773575479093e+02 1.934731336225068662e+04
-4.398275477902351440e+02 1.941016107344645934e+04
-4.398275185060858234e+02 1.947300868224525038e+04
-4.398274895015034645e+02 1.953585618963591696e+04
-4.398274607729491095e+02 1.959870359659461974e+04
-4.398274323169392801e+02 1.966155090408503384e+04
-4.398274041300447834e+02 1.972439811305853436e+04
-4.398273762088907120e+02 1.978724522445440743e+04
-4.398273485501541131e+02 1.985009223920002114e+04
-4.398273211505643303e+02 1.991293915821104383e+04
-4.398272940069008428e+02 1.997578598239158964e+04
-4.398272671159932656e+02 2.003863271263443676e+04
-4.398272404747198152e+02 2.010147934982118386e+04
-4.398272140800067973e+02 2.016432589482242838e+04
-4.398271879288275272e+02 2.022717234849793749e+04
-4.398271620182013066e+02 2.029001871169681181e+04
-4.398271363451934803e+02 2.035286498525767456e+04
-4.398271109069129352e+02 2.041571117000879894e+04
-4.398270857005131234e+02 2.047855726676828635e+04
-4.398270607231899589e+02 2.054140327634421556e+04
-4.398270359721819318e+02 2.060424919953481003e+04
-4.398270114447681181e+02 2.066709503712854712e+04
-4.398269871382694873e+02 2.072994078990437265e+04
-4.398269630500459471e+02 2.079278645863178463e+04
-4.398269391774969677e+02 2.085563204407099693e+04
-4.398269155180606163e+02 2.091847754697309210e+04
-4.398268920692127040e+02 2.098132296808014507e+04
-4.398268688284666723e+02 2.104416830812536136e+04
-4.398268457933713762e+02 2.110701356783317533e+04
-4.398268229615129599e+02 2.116985874791947208e+04
-4.398268003305117304e+02 2.123270384909160202e+04
-4.398267778980232947e+02 2.129554887204858096e+04
-4.398267556617369678e+02 2.135839381748120286e+04
-4.398267336193756591e+02 2.142123868607211625e+04
-4.398267117686953043e+02 2.148408347849601705e+04
-4.398266901074836710e+02 2.154692819541968856e+04
-4.398266686335607005e+02 2.160977283750216156e+04
-4.398266473447775411e+02 2.167261740539483799e+04
-4.398266262390159227e+02 2.173546189974155641e+04
-4.398266053141873044e+02 2.179830632117873029e+04
-4.398265845682337840e+02 2.186115067033545711e+04
-4.398265639991253124e+02 2.192399494783360205e+04
-4.398265436048619108e+02 2.198683915428794717e+04
-4.398265233834704873e+02 2.204968329030621317e+04
-4.398265033330063716e+02 2.211252735648924863e+04
-4.398264834515520079e+02 2.217537135343106638e+04
-4.398264637372162724e+02 2.223821528171895989e+04
-4.398264441881349285e+02 2.230105914193360513e+04
-4.398264248024692051e+02 2.236390293464914794e+04
-4.398264055784056268e+02 2.242674666043327670e+04
-4.398263865141562405e+02 2.248959031984735702e+04
-4.398263676079577635e+02 2.255243391344648262e+04
-4.398263488580702756e+02 2.261527744177955537e+04
-4.398263302627787539e+02 2.267812090538940902e+04
-4.398263118203911404e+02 2.274096430481288189e+04
-4.398262935292379439e+02 2.280380764058085333e+04
-4.398262753876733768e+02 2.286665091321840373e+04
-4.398262573940726270e+02 2.292949412324481091e+04
-4.398262395468345289e+02 2.299233727117373564e+04
-4.398262218443778124e+02 2.305518035751315983e+04
-4.398262042851436036e+02 2.311802338276559385e+04
-4.398261868675932078e+02 2.318086634742806200e+04
-4.398261695902089627e+02 2.324370925199223348e+04
-4.398261524514937264e+02 2.330655209694446239e+04
-4.398261354499690015e+02 2.336939488276585325e+04
-4.398261185841773226e+02 2.343223760993237011e+04
-4.398261018526796420e+02 2.349508027891486927e+04
-4.398260852540564656e+02 2.355792289017918301e+04
-4.398260687869063759e+02 2.362076544418617777e+04
-4.398260524498469408e+02 2.368360794139183417e+04
-4.398260362415130089e+02 2.374645038224729069e+04
-4.398260201605586985e+02 2.380929276719894551e+04
-4.398260042056537600e+02 2.387213509668845290e+04
-4.398259883754868724e+02 2.393497737115286145e+04
-4.398259726687629154e+02 2.399781959102462861e+04
-4.398259570842034805e+02 2.406066175673168254e+04
-4.398259416205468142e+02 2.412350386869749127e+04
-4.398259262765476478e+02 2.418634592734114631e+04
-4.398259110509760035e+02 2.424918793307733722e+04
-4.398258959426183878e+02 2.431202988631652261e+04
-4.398258809502762574e+02 2.437487178746489008e+04
-4.398258660727666438e+02 2.443771363692446539e+04
-4.398258513089211306e+02 2.450055543509311246e+04
-4.398258366575868763e+02 2.456339718236467525e+04
-4.398258221176247957e+02 2.462623887912892678e+04
-4.398258076879109240e+02 2.468908052577170747e+04
-4.398257933673344837e+02 2.475192212267489958e+04
-4.398257791547997613e+02 2.481476367021655460e+04
-4.398257650492236621e+02 2.487760516877086411e+04
-4.398257510495373594e+02 2.494044661870827986e+04
-4.398257371546847025e+02 2.500328802039548827e+04
-4.398257233636238084e+02 2.506612937419555965e+04
-4.398257096753240489e+02 2.512897068046784989e+04
-4.398256960887688365e+02 2.519181193956819334e+04
-4.398256826029535773e+02 2.525465315184884093e+04
-4.398256692168858422e+02 2.531749431765856571e+04
-4.398256559295861621e+02 2.538033543734268096e+04
-4.398256427400860389e+02 2.544317651124308031e+04
-4.398256296474294800e+02 2.550601753969828133e+04
-4.398256166506721456e+02 2.556885852304349828e+04
-4.398256037488805532e+02 2.563169946161062398e+04
-4.398255909411332141e+02 2.569454035572833163e+04
-4.398255782265192693e+02 2.575738120572204571e+04
-4.398255656041396264e+02 2.582022201191406930e+04
-4.398255530731045155e+02 2.588306277462353319e+04
-4.398255406325367858e+02 2.594590349416650861e+04
-4.398255282815678697e+02 2.600874417085597088e+04
-4.398255160193413076e+02 2.607158480500192672e+04
-4.398255038450094503e+02 2.613442539691135244e+04
-4.398254917577356196e+02 2.619726594688831028e+04
-4.398254797566925731e+02 2.626010645523392668e+04
-4.398254678410634142e+02 2.632294692224647952e+04
-4.398254560100399999e+02 2.638578734822136539e+04
-4.398254442628241918e+02 2.644862773345119422e+04
-4.398254325986277991e+02 2.651146807822582196e+04
-4.398254210166707026e+02 2.657430838283231424e+04
-4.398254095161830151e+02 2.663714864755506278e+04
-4.398253980964030347e+02 2.669998887267576356e+04
-4.398253867565783821e+02 2.676282905847347502e+04
-4.398253754959649768e+02 2.682566920522462897e+04
-4.398253643138282314e+02 2.688850931320309246e+04
-4.398253532094408342e+02 2.695134938268015321e+04
-4.398253421820848530e+02 2.701418941392457418e+04
-4.398253312310502565e+02 2.707702940720264087e+04
-4.398253203556350854e+02 2.713986936277816494e+04
-4.398253095551456227e+02 2.720270928091252063e+04
-4.398252988288957681e+02 2.726554916186464470e+04
-4.398252881762075504e+02 2.732838900589112745e+04
-4.398252775964106149e+02 2.739122881324619448e+04
-4.398252670888422244e+02 2.745406858418173215e+04
-4.398252566528472016e+02 2.751690831894733128e+04
-4.398252462877774747e+02 2.757974801779029804e+04
-4.398252359929925319e+02 2.764258768095570485e+04
-4.398252257678594788e+02 2.770542730868639410e+04
-4.398252156117513891e+02 2.776826690122298896e+04
-4.398252055240496361e+02 2.783110645880398079e+04
-4.398251955041417318e+02 2.789394598166566720e+04
-4.398251855514221802e+02 2.795678547004224674e+04
-4.398251756652920790e+02 2.801962492416580426e+04
-4.398251658451599155e+02 2.808246434426635824e+04
-4.398251560904395774e+02 2.814530373057186080e+04
-4.398251464005523417e+02 2.820814308330823042e+04
-4.398251367749255110e+02 2.827098240269938833e+04
-4.398251272129925269e+02 2.833382168896724397e+04
-4.398251177141935955e+02 2.839666094233178592e+04
-4.398251082779744365e+02 2.845950016301101277e+04
-4.398250989037871932e+02 2.852233935122102775e+04
-4.398250895910899771e+02 2.858517850717602414e+04
-4.398250803393466981e+02 2.864801763108832165e+04
-4.398250711480269501e+02 2.871085672316836281e+04
-4.398250620166063527e+02 2.877369578362477478e+04
-4.398250529445662096e+02 2.883653481266435119e+04
-4.398250439313930542e+02 2.889937381049208125e+04
-4.398250349765794454e+02 2.896221277731120063e+04
-4.398250260796228872e+02 2.902505171332314785e+04
-4.398250172400267957e+02 2.908789061872765160e+04
-4.398250084572993046e+02 2.915072949372269431e+04
-4.398249997309544028e+02 2.921356833850457042e+04
-4.398249910605109676e+02 2.927640715326788632e+04
-4.398249824454928785e+02 2.933924593820556038e+04
-4.398249738854292445e+02 2.940208469350889573e+04
-4.398249653798540066e+02 2.946492341936753292e+04
-4.398249569283065625e+02 2.952776211596952271e+04
-4.398249485303300617e+02 2.959060078350128242e+04
-4.398249401854736789e+02 2.965343942214768322e+04
-4.398249318932905680e+02 2.971627803209202466e+04
-4.398249236533388853e+02 2.977911661351604926e+04
-4.398249154651809363e+02 2.984195516659995337e+04
-4.398249073283844837e+02 2.990479369152246727e+04
-4.398248992425209281e+02 2.996763218846076779e+04
-4.398248912071665018e+02 3.003047065759058023e+04
-4.398248832219020414e+02 3.009330909908616013e+04
-4.398248752863119648e+02 3.015614751312028602e+04
-4.398248673999861467e+02 3.021898589986433217e+04
-4.398248595625171902e+02 3.028182425948821037e+04
-4.398248517735035534e+02 3.034466259216047547e+04
-4.398248440325465367e+02 3.040750089804824165e+04
-4.398248363392522151e+02 3.047033917731727342e+04
-4.398248286932300744e+02 3.053317743013194195e+04
-4.398248210940943181e+02 3.059601565665530507e+04
-4.398248135414625040e+02 3.065885385704904911e+04
-4.398248060349564525e+02 3.072169203147355802e+04
-4.398247985742017363e+02 3.078453018008790241e+04
-4.398247911588273382e+02 3.084736830304984323e+04
-4.398247837884665046e+02 3.091020640051587543e+04
-4.398247764627557785e+02 3.097304447264120608e+04
-4.398247691813359097e+02 3.103588251957980538e+04
-4.398247619438503193e+02 3.109872054148437019e+04
-4.398247547499470897e+02 3.116155853850641142e+04
-4.398247475992770887e+02 3.122439651079616669e+04
-4.398247404914949357e+02 3.128723445850270946e+04
-4.398247334262584332e+02 3.135007238177387262e+04
-4.398247264032293629e+02 3.141291028075636859e+04
-4.398247194220721212e+02 3.147574815559566559e+04
-4.398247124824551406e+02 3.153858600643613318e+04
-4.398247055840492408e+02 3.160142383342094035e+04
-4.398246987265296184e+02 3.166426163669217931e+04
-4.398246919095737439e+02 3.172709941639075623e+04
-4.398246851328627827e+02 3.178993717265650776e+04
-4.398246783960806283e+02 3.185277490562812818e+04
-4.398246716989145284e+02 3.191561261544326044e+04
-4.398246650410547431e+02 3.197845030223842332e+04
-4.398246584221946591e+02 3.204128796614910243e+04
-4.398246518420302777e+02 3.210412560730968471e+04
-4.398246453002608405e+02 3.216696322585354210e+04
