npts 513 dfreq 1.000000000000000021e-02
0.000000000000000000e+00 0.000000000000000000e+00
3.740169812053795267e-09 1.680301810364652229e-08
2.240275378590154863e-07 4.839749813001681757e-07
2.295234059628512475e-06 3.085621161448198320e-06
1.121204664566227821e-05 1.016978089620873154e-05
3.618134773994690913e-05 2.245841931623568879e-05
8.951389926833141239e-05 3.664567206488074906e-05
1.842768034867458692e-04 4.429215645217686562e-05
3.319773054345427393e-04 3.226331971082388147e-05
5.410867512517807034e-04 -1.589021787945046915e-05
8.165327505980664704e-04 -1.183520301010624655e-04
1.159890371596787855e-03 -2.937307912463248301e-04
1.569924741877382979e-03 -5.601820313875795990e-04
2.043222622392416171e-03 -9.349261348142325718e-04
2.574766945970335084e-03 -1.434054868983142099e-03
3.158396978283059108e-03 -2.072516685121750940e-03
3.787147941931961938e-03 -2.864196492366561427e-03
4.453486953971649495e-03 -3.822034533250622240e-03
5.149468701685578492e-03 -4.958152113995268478e-03
5.866833012993829220e-03 -6.283967656926203217e-03
6.597062366667883447e-03 -7.810296133874669589e-03
7.331412891275194965e-03 -9.547430277284180838e-03
8.060928512011712732e-03 -1.150520463612937291e-02
8.776444881329422201e-03 -1.369304466603059843e-02
9.468587519543748832e-03 -1.612000333112327544e-02
1.012776703969832555e-02 -1.879478757405362091e-02
1.074417327168736280e-02 -2.172577671805730679e-02
1.130776939364529568e-02 -2.492103452681200537e-02
1.180828671596001293e-02 -2.838831632426951426e-02
1.223522046640216666e-02 -3.213507229315418906e-02
1.257782673858025280e-02 -3.616844783409418895e-02
1.282512065233030844e-02 -4.049528167549858865e-02
1.296587570814001361e-02 -4.512210227175692673e-02
1.298862428123970236e-02 -5.005512290759711602e-02
1.288165918333215691e-02 -5.530023583324208958e-02
1.263303621374553196e-02 -6.086300568288278978e-02
1.223057762235704553e-02 -6.674866237338622499e-02
1.166187641092905972e-02 -7.296209363739493414e-02
1.091430140564598854e-02 -7.950783731214379479e-02
9.975003040474847080e-03 -8.639007348013015564e-02
8.830919797814361025e-03 -9.361261653846301989e-02
7.468785259360696469e-03 -1.011789072589178995e-01
5.875135726001250516e-03 -1.090920048893847527e-01
4.036318370775362346e-03 -1.173545793387174019e-01
1.938499893494751488e-03 -1.259689034803475882e-01
-4.323243504720853162e-04 -1.349368456049518106e-01
-3.090320771434059560e-03 -1.442598620485806282e-01
-6.049807538038765378e-03 -1.539389900197078720e-01
-9.325244160476708205e-03 -1.639748406464086594e-01
-1.293122068147809813e-02 -1.743675922631688080e-01
-1.688244649085351989e-02 -1.851169839555356911e-01
-2.119373877815917268e-02 -1.962223093798389773e-01
-2.588001063717467951e-02 -2.076824108744678432e-01
-3.095625883523405245e-02 -2.194956738786184025e-01
-3.643755126001040068e-02 -2.316600216739930496e-01
-4.233901405610056290e-02 -2.441729104645755655e-01
-4.867581846365261200e-02 -2.570313248093302194e-01
-5.546316737131429947e-02 -2.702317734224184975e-01
-6.271628159593208018e-02 -2.837702853553076832e-01
-7.045038590167398973e-02 -2.976424065749210257e-01
-7.868069477158912139e-02 -3.118431969517596047e-01
-8.742239794501759087e-02 -3.263672276716853560e-01
-9.669064573473286350e-02 -3.412085790847883549e-01
-1.065005341382120607e-01 -3.563608390044756269e-01
-1.168670897579926621e-01 -3.718171014695939580e-01
-1.278052545466592249e-01 -3.875699659820330822e-01
-1.393298703926270921e-01 -4.036115372318589412e-01
-1.514556635635177784e-01 -4.199334253215696311e-01
-1.641972290245791166e-01 -4.365267465005907011e-01
-1.775690146502488242e-01 -4.533821244205684109e-01
-1.915853053476208878e-01 -4.704896919214511253e-01
-2.062602071112256963e-01 -4.878390933576977617e-01
-2.216076310291696938e-01 -5.054194874732746978e-01
-2.376412772613215596e-01 -5.232195508333786771e-01
-2.543746190108179817e-01 -5.412274818200122350e-01
-2.718208865107725192e-01 -5.594310051977463560e-01
-2.899930510486017354e-01 -5.778173772550941889e-01
-3.089038090509264034e-01 -5.963733915260158724e-01
-3.285655662524794018e-01 -6.150853850951032431e-01
-3.489904219729103030e-01 -6.339392454889775097e-01
-3.701901535257721698e-01 -6.529204181553891484e-01
-3.921762007843322961e-01 -6.720139145304180328e-01
-4.149596509291630375e-01 -6.912043206930430506e-01
-4.385512234027065248e-01 -7.104758066052007104e-01
-4.629612550962109996e-01 -7.298121359342564229e-01
-4.881996857945674062e-01 -7.491966764536001078e-01
-5.142760439046415444e-01 -7.686124110158407685e-01
-5.411994324927139610e-01 -7.880419490918195713e-01
-5.689785156565638768e-01 -8.074675388673751009e-01
-5.976215052576170361e-01 -8.268710798885160473e-01
-6.271361480383700338e-01 -8.462341362443783765e-01
-6.575297131500287273e-01 -8.655379502760036647e-01
-6.888089801149560598e-01 -8.847634567977361586e-01
-7.209802272481011798e-01 -9.038912978166891987e-01
-7.540492205610910270e-01 -9.229018377344944124e-01
-7.880212031720916777e-01 -9.417751790142581125e-01
-8.229008852439007038e-01 -9.604911782944051124e-01
-8.586924344720227031e-01 -9.790294629298824658e-01
-8.953994671436866781e-01 -9.973694479399848323e-01
-9.330250397878817603e-01 -1.015490353340918528e+00
-9.715716414355938246e-01 -1.033371221840100995e+00
-1.011041186508380374e+00 -1.050990936868106074e+00
-1.051435008352384681e+00 -1.068328240923160699e+00
-1.092753853433736433e+00 -1.085361754202088136e+00
-1.134997876210113610e+00 -1.102069993490722100e+00
-1.178166634691963699e+00 -1.118431391285919174e+00
-1.222259086705603792e+00 -1.134424315120523774e+00
-1.267273586869045232e+00 -1.150027087061918030e+00
-1.313207884289985250e+00 -1.165218003354137277e+00
-1.360059120993978077e+00 -1.179975354172951185e+00
-1.407823831089307864e+00 -1.194277443462830490e+00
-1.456497940673548097e+00 -1.208102608824270119e+00
-1.506076768485306028e+00 -1.221429241419672129e+00
-1.556555027303009098e+00 -1.234235805865666169e+00
-1.607926826091079953e+00 -1.246500860079648998e+00
-1.660185672892180442e+00 -1.258203075048236919e+00
-1.713324478462677991e+00 -1.269321254485321626e+00
-1.767335560646815962e+00 -1.279834354347563430e+00
-1.822210649483500866e+00 -1.289721502175345869e+00
-1.877940893038053893e+00 -1.298962016227473981e+00
-1.934516863949645282e+00 -1.307535424378335920e+00
-1.991928566683630164e+00 -1.315421482746657711e+00
-2.050165445476459070e+00 -1.322600194025566500e+00
-2.109216392959330832e+00 -1.329051825484311777e+00
-2.169069759445336310e+00 -1.334756926612703731e+00
-2.229713362863407600e+00 -1.339696346380158776e+00
-2.291134499320988116e+00 -1.343851250082062299e+00
-2.353319954276137160e+00 -1.347203135747205627e+00
-2.416256014298373778e+00 -1.349733850080974573e+00
-2.479928479396520391e+00 -1.351425603920148211e+00
-2.544322675890571706e+00 -1.352260987176266527e+00
-2.609423469803597406e+00 -1.352222983245748411e+00
-2.675215280748719504e+00 -1.351294982866243499e+00
-2.741682096285244619e+00 -1.349460797399967049e+00
-2.808807486717220581e+00 -1.346704671526172570e+00
-2.876574620306960206e+00 -1.343011295326289378e+00
-2.944966278875328580e+00 -1.338365815746709764e+00
-3.013964873760085261e+00 -1.332753847425657279e+00
-3.083552462103026581e+00 -1.326161482872074693e+00
-3.153710763436222919e+00 -1.318575301985945858e+00
-3.224421176537382028e+00 -1.309982380911038691e+00
-3.295664796524078177e+00 -1.300370300212513541e+00
-3.367422432156431888e+00 -1.289727152373437713e+00
-3.439674623317752644e+00 -1.278041548605724165e+00
-3.512401658642696045e+00 -1.265302624972562517e+00
-3.585583593262485103e+00 -1.251500047820882422e+00
-3.659200266637077537e+00 -1.236624018523913238e+00
-3.733231320444219570e+00 -1.220665277535331938e+00
-3.807656216495865387e+00 -1.203615107757947111e+00
-3.882454254652645709e+00 -1.185465337231261795e+00
-3.957604590707684888e+00 -1.166208341143624372e+00
-4.033086254211598387e+00 -1.145837043176018089e+00
-4.108878166210987004e+00 -1.124344916185777477e+00
-4.184959156873650166e+00 -1.101725982239831758e+00
-4.261307982974196662e+00 -1.077974812008172467e+00
-4.337903345214773942e+00 -1.053086523529455532e+00
-4.414723905356285449e+00 -1.027056780361657262e+00
-4.491748303136469112e+00 -9.998817891317771656e-01
-4.568955172952096078e+00 -9.715582964994950999e-01
-4.646323160283475140e+00 -9.420835855506091150e-01
-4.723830937840548749e+00 -9.114554716369314136e-01
-4.801457221410792009e+00 -8.796722976800277483e-01
-4.879180785390281549e+00 -8.467329289569970330e-01
-4.956980477980278188e+00 -8.126367473869726687e-01
-5.034835236032880523e+00 -7.773836453377827027e-01
-5.112724099530311150e+00 -7.409740189725645410e-01
-5.190626225683599770e+00 -7.034087611566547382e-01
-5.268520902637502168e+00 -6.646892539454101190e-01
-5.346387562769648660e+00 -6.248173606739791941e-01
-5.424205795573060485e+00 -5.837954176702452314e-01
-5.501955360112220639e+00 -5.416262256123597352e-01
-5.579616197044122039e+00 -4.983130405524736628e-01
-5.657168440196689296e+00 -4.538595646282349017e-01
-5.734592427698150807e+00 -4.082699364837497069e-01
-5.811868712651951263e+00 -3.615487214215832301e-01
-5.888978073352881815e+00 -3.137009013073139285e-01
-5.965901523041122090e+00 -2.647318642480254725e-01
-6.042620319191831513e+00 -2.146473940658552293e-01
-6.119115972339016274e+00 -1.634536595876013854e-01
-6.195370254433214541e+00 -1.111572037709711719e-01
-6.271365206733560349e+00 -5.776493268783366303e-02
-6.347083147235559331e+00 -3.284104384425065928e-03
-6.422506677636875771e+00 5.227768236195612372e-02
-6.497618689844121498e+00 1.089124993705940236e-01
-6.572402372024483519e+00 1.666121004507074843e-01
-6.646841214206745008e+00 2.253679328423401906e-01
-6.720919013436891909e+00 2.851711486871054690e-01
-6.794619878494314591e+00 3.460126165116985675e-01
-6.867928234174980773e+00 4.078829327076061162e-01
-6.940828825148778414e+00 4.707724329910465411e-01
-7.013306719398656242e+00 5.346712038277310342e-01
-7.085347311249642566e+00 5.995690938077063992e-01
-7.156936323996396787e+00 6.654557249560876242e-01
-7.228059812138273976e+00 7.323205039661574434e-01
-7.298704163231358066e+00 8.001526333419234360e-01
-7.368856099367156354e+00 8.689411224378715826e-01
-7.438502678288073433e+00 9.386747983842518295e-01
-7.507631294149971879e+00 1.009342316886975288e+00
-7.576229677942399654e+00 1.080932172891664989e+00
-7.644285897577286271e+00 1.153432711102209129e+00
-7.711788357657069604e+00 1.226832136344706781e+00
-7.778725798933304070e+00 1.301118523768263424e+00
-7.845087297467002507e+00 1.376279828874890310e+00
-7.910862263502004943e+00 1.452303897371120645e+00
-7.976040440062670989e+00 1.529178474834760770e+00
-8.040611901287300967e+00 1.606891216190653005e+00
-8.104567050508592274e+00 1.685429694989922789e+00
-8.167896618092571615e+00 1.764781412487802958e+00
-8.230591659047140851e+00 1.844933806515528740e+00
-8.292643550411575859e+00 1.925874260142480532e+00
-8.354043988438068169e+00 2.007590110125160088e+00
-8.414784985576220677e+00 2.090068655140088882e+00
-8.474858867271594320e+00 2.173297163798272980e+00
-8.534258268588754248e+00 2.257262882439206919e+00
-8.592976130669672585e+00 2.341953042702961785e+00
-8.651005697037637887e+00 2.427354868879243455e+00
-8.708340509757036330e+00 2.513455585032731587e+00
-8.764974405458939799e+00 2.600242421904456425e+00
-8.820901511242297488e+00 2.687702623589239170e+00
-8.876116240460278917e+00 2.775823453989625378e+00
-8.930613288401175964e+00 2.864592203047167107e+00
-8.984387627872807869e+00 2.953996192751990435e+00
-9.037434504699513482e+00 3.044022782932195526e+00
-9.089749433140028145e+00 3.134659376824613819e+00
-9.141328191234928013e+00 3.225893426428961153e+00
-9.192166816091376091e+00 3.317712437647464263e+00
-9.242261599113314574e+00 3.410103975212487093e+00
-9.291609081184429186e+00 3.503055667404682438e+00
-9.340206047811253853e+00 3.596555210564523097e+00
-9.388049524233476717e+00 3.690590373400265189e+00
-9.435136770508172788e+00 3.785149001095430954e+00
-9.481465276574404299e+00 3.880219019219244725e+00
-9.527032757304532140e+00 3.975788437443417145e+00
-9.571837147548047042e+00 4.071845353068885842e+00
-9.615876597173798501e+00 4.168377954366272675e+00
-9.659149466115902527e+00 4.265374523733783008e+00
-9.701654319428602236e+00 4.362823440676539377e+00
-9.743389922355067512e+00 4.460713184611277526e+00
-9.784355235414656349e+00 4.559032337500398491e+00
-9.824549409513275933e+00 4.657769586319584931e+00
-9.863971781080921986e+00 4.756913725362997170e+00
-9.902621867240483766e+00 4.856453658390370798e+00
-9.940499361011381652e+00 4.956378400620015334e+00
-9.977604126551781860e+00 5.056677080572122840e+00
-1.001393619444256267e+01 5.157338941766527185e+00
-1.004949575701613895e+01 5.258353344279113273e+00
-1.008428316373302458e+01 5.359709766161111055e+00
-1.011829891660891789e+01 5.461397804725556249e+00
-1.015154366569467825e+01 5.563407177704954520e+00
-1.018401820461157214e+01 5.665727724284462141e+00
-1.021572346614387250e+01 5.768349406014561254e+00
-1.024666051789085053e+01 5.871262307607461040e+00
-1.027683055797976408e+01 5.974456637621138100e+00
-1.030623491084166687e+01 6.077922729035102556e+00
-1.033487502305131223e+01 6.181651039721824503e+00
-1.036275245923259369e+01 6.285632152817639096e+00
-1.038986889803058489e+01 6.389856776997145715e+00
-1.041622612815126558e+01 6.494315746654604204e+00
-1.044182604446974771e+01 6.599000021996302756e+00
-1.046667064420787518e+01 6.703900689047384454e+00
-1.049076202318168072e+01 6.809008959576747344e+00
-1.051410237211936760e+01 6.914316170943557438e+00
-1.053669397305010236e+01 7.019813785868701750e+00
-1.055853919576402689e+01 7.125493392134731430e+00
-1.057964049434357001e+01 7.231346702217330780e+00
-1.060000040376627517e+01 7.337365552851704109e+00
-1.061962153657914598e+01 7.443541904536985498e+00
-1.063850657964433921e+01 7.549867840981650424e+00
-1.065665829095612871e+01 7.656335568492881549e+00
-1.067407949652901067e+01 7.762937415313007072e+00
-1.069077308735640131e+01 7.869665830905510973e+00
-1.070674201643982926e+01 7.976513385193605643e+00
-1.072198929588795835e+01 8.083472767753860921e+00
-1.073651799408522045e+01 8.190536786967665961e+00
-1.075033123292915604e+01 8.297698369132769258e+00
-1.076343218513627420e+01 8.404950557537581801e+00
-1.077582407161542477e+01 8.512286511500434472e+00
-1.078751015890827070e+01 8.619699505376127391e+00
-1.079849375669592071e+01 8.727182927531968559e+00
-1.080877821537114869e+01 8.834730279295435196e+00
-1.081836692367522090e+01 8.942335173875513021e+00
-1.082726330639865076e+01 9.049991335259740310e+00
-1.083547082214490587e+01 9.157692597088709974e+00
-1.084299296115627342e+01 9.265432901510184394e+00
-1.084983324320090148e+01 9.373206298014272519e+00
-1.085599521552010849e+01 9.481006942251603675e+00
-1.086148245083509600e+01 9.588829094836075484e+00
-1.086629854541193296e+01 9.696667120133692919e+00
-1.087044711718400336e+01 9.804515485039226874e+00
-1.087393180393077685e+01 9.912368757741830905e+00
-1.087675626151211006e+01 1.002022160648135696e+01
-1.087892416215679425e+01 1.012806879829651230e+01
-1.088043919280456073e+01 1.023590519776608865e+01
-1.088130505350049049e+01 1.034372576574479297e+01
-1.088152545584066466e+01 1.045152555809448280e+01
-1.088110412146821915e+01 1.055929972441217402e+01
-1.088004478061865044e+01 1.066704350675582624e+01
-1.087835117071342594e+01 1.077475223836892759e+01
-1.087602703500086321e+01 1.088242134240488035e+01
-1.087307612124316769e+01 1.099004633065196046e+01
-1.086950218044884586e+01 1.109762280226011022e+01
-1.086530896564919502e+01 1.120514644246989810e+01
-1.086050023071811665e+01 1.131261302134483593e+01
-1.085507972923414677e+01 1.142001839250768391e+01
-1.084905121338369227e+01 1.152735849188135653e+01
-1.084241843290465113e+01 1.163462933643527819e+01
-1.083518513406918160e+01 1.174182702293770220e+01
-1.082735505870499360e+01 1.184894772671463414e+01
-1.081893194325398611e+01 1.195598770041591585e+01
-1.080991951786730887e+01 1.206294327278906664e+01
-1.080032150553611103e+01 1.216981084746128872e+01
-1.079014162125682574e+01 1.227658690173013412e+01
-1.077938357123028368e+01 1.238326798536331097e+01
-1.076805105209366786e+01 1.248985071940804303e+01
-1.075614775018448910e+01 1.259633179501026312e+01
-1.074367734083570269e+01 1.270270797224414849e+01
-1.073064348770110499e+01 1.280897607895215984e+01
-1.071704984211029021e+01 1.291513300959609190e+01
-1.070290004245214455e+01 1.302117572411916235e+01
-1.068819771358631954e+01 1.312710124681966306e+01
-1.067294646628171684e+01 1.323290666523617531e+01
-1.065714989668128609e+01 1.333858912904478622e+01
-1.064081158579240949e+01 1.344414584896825993e+01
-1.062393509900205402e+01 1.354957409569753501e+01
-1.060652398561599874e+01 1.365487119882564748e+01
-1.058858177842149040e+01 1.376003454579416108e+01
-1.057011199327246231e+01 1.386506158085228435e+01
-1.055111812869686538e+01 1.396994980402879172e+01
-1.053160366552519278e+01 1.407469677011679465e+01
-1.051157206653977738e+01 1.417930008767143768e+01
-1.049102677614400037e+01 1.428375741802068788e+01
-1.046997122005097580e+01 1.438806647428907937e+01
-1.044840880499099534e+01 1.449222502043462413e+01
-1.042634291843711303e+01 1.459623087029885369e+01
-1.040377692834840673e+01 1.470008188666989746e+01
-1.038071418293018233e+01 1.480377598035886066e+01
-1.035715801041071771e+01 1.490731110928914660e+01
-1.033311171883388546e+01 1.501068527759909799e+01
-1.030857859586721048e+01 1.511389653475749384e+01
-1.028356190862478670e+01 1.521694297469231927e+01
-1.025806490350451305e+01 1.531982273493238544e+01
-1.023209080603934673e+01 1.542253399576200046e+01
-1.020564282076180795e+01 1.552507497938847258e+01
-1.017872413108152685e+01 1.562744394912252233e+01
-1.015133789917517859e+01 1.572963920857138476e+01
-1.012348726588857240e+01 1.583165910084464123e+01
-1.009517535065019445e+01 1.593350200777263481e+01
-1.006640525139609288e+01 1.603516634913744454e+01
-1.003718004450541557e+01 1.613665058191621426e+01
-1.000750278474633959e+01 1.623795319953681826e+01
-9.977376505232108173e+00 1.633907273114585834e+01
-9.946804217386523206e+00 1.644000774088856076e+01
-9.915788910918768906e+00 1.654075682720094420e+01
-9.884333553807119088e+00 1.664131862211366197e+01
-9.852441092291197577e+00 1.674169179056773871e+01
-9.820114450872418743e+00 1.684187502974189243e+01
-9.787356532322380787e+00 1.694186706839154155e+01
-9.754170217698712619e+00 1.704166666619903481e+01
-9.720558366368297953e+00 1.714127261313530681e+01
-9.686523816037411194e+00 1.724068372883263578e+01
-9.652069382788502239e+00 1.733989886196845731e+01
-9.617197861123448988e+00 1.743891688966007436e+01
-9.581912024012835261e+00 1.753773671687015678e+01
-9.546214622951140427e+00 1.763635727582283153e+01
-9.510108388017556535e+00 1.773477752543034214e+01
-9.473596027942063458e+00 1.783299645072997919e+01
-9.436680230176710538e+00 1.793101306233137393e+01
-9.399363660971699730e+00 1.802882639587377511e+01
-9.361648965456199178e+00 1.812643551149339416e+01
-9.323538767723478671e+00 1.822383949330038888e+01
-9.285035670920366968e+00 1.832103744886579832e+01
-9.246142257340697057e+00 1.841802850871779995e+01
-9.206861088522513725e+00 1.851481182584752361e+01
-9.167194705348961747e+00 1.861138657522403861e+01
-9.127145628152605994e+00 1.870775195331857432e+01
-9.086716356822980956e+00 1.880390717763772557e+01
-9.045909370917238235e+00 1.889985148626543321e+01
-9.004727129773737460e+00 1.899558413741387497e+01
-8.963172072628314169e+00 1.909110440898280814e+01
-8.921246618733245981e+00 1.918641159812746722e+01
-8.878953167478552899e+00 1.928150502083473583e+01
-8.836294098515708129e+00 1.937638401150760004e+01
-8.793271771883382826e+00 1.947104792255761652e+01
-8.749888528135349119e+00 1.956549612400537441e+01
-8.706146688470091988e+00 1.965972800308869495e+01
-8.662048554862380456e+00 1.975374296387860795e+01
-8.617596410196316725e+00 1.984754042690288500e+01
-8.572792518399982242e+00 1.994111982877691247e+01
-8.527639124581437358e+00 2.003448062184200751e+01
-8.482138455166101210e+00 2.012762227381084301e+01
-8.436292718035215188e+00 2.022054426741996025e+01
-8.390104102665457475e+00 2.031324610008925191e+01
-8.343574780269486624e+00 2.040572728358822729e+01
-8.296706903937495881e+00 2.049798734370903830e+01
-8.249502608779387458e+00 2.059002581994609926e+01
-8.201964012067861631e+00 2.068184226518214075e+01
-8.154093213381910843e+00 2.077343624538064049e+01
-8.105892294751088301e+00 2.086480733928457454e+01
-8.057363320800067896e+00 2.095595513812126143e+01
-8.008508338893742362e+00 2.104687924531318188e+01
-7.959329379282433337e+00 2.113757927619484533e+01
-7.909828455247618351e+00 2.122805485773536915e+01
-7.860007563247668472e+00 2.131830562826684528e+01
-7.809868683063723616e+00 2.140833123721830589e+01
-7.759413777945682433e+00 2.149813134485510702e+01
-7.708644794758173546e+00 2.158770562202386856e+01
-7.657563664126445957e+00 2.167705374990256217e+01
-7.606172300582191070e+00 2.176617541975598158e+01
-7.554472602709168427e+00 2.185507033269615107e+01
-7.502466453288652914e+00 2.194373819944784998e+01
-7.450155719444621738e+00 2.203217874011905764e+01
-7.397542252788595007e+00 2.212039168397618383e+01
-7.344627889564206313e+00 2.220837676922413451e+01
-7.291414450791347868e+00 2.229613374279085392e+01
-7.237903742409852903e+00 2.238366236011661314e+01
-7.184097555422794379e+00 2.247096238494766851e+01
-7.129997666039254334e+00 2.255803358913435019e+01
-7.075605835816503486e+00 2.264487575243340345e+01
-7.020923811801695891e+00 2.273148866231462506e+01
-6.965953326672965851e+00 2.281787211377159963e+01
-6.910696098879823168e+00 2.290402590913651082e+01
-6.855153832782979961e+00 2.298994985789890322e+01
-6.799328218793458056e+00 2.307564377652841259e+01
-6.743220933510962745e+00 2.316110748830124066e+01
-6.686833639861624157e+00 2.324634082313048467e+01
-6.630167987234929505e+00 2.333134361740006923e+01
-6.573225611619826658e+00 2.341611571380228085e+01
-6.516008135740130491e+00 2.350065696117893665e+01
-6.458517169189131657e+00 2.358496721436591770e+01
-6.400754308563257666e+00 2.366904633404114122e+01
-6.342721137595014547e+00 2.375289418657582630e+01
-6.284419227285022558e+00 2.383651064388914520e+01
-6.225850136033144189e+00 2.391989558330593724e+01
-6.167015409768785261e+00 2.400304888741764842e+01
-6.107916582080277657e+00 2.408597044394620923e+01
-6.048555174343335672e+00 2.416866014561120579e+01
-5.988932695848567356e+00 2.425111788999960183e+01
-5.929050643928158948e+00 2.433334357943880022e+01
-5.868910504081452650e+00 2.441533712087216657e+01
-5.808513750099736583e+00 2.449709842573747665e+01
-5.747861844189992908e+00 2.457862740984815986e+01
-5.686956237097647637e+00 2.465992399327707219e+01
-5.625798368228477564e+00 2.474098810024298345e+01
-5.564389665769393645e+00 2.482181965899954079e+01
-5.502731546808340646e+00 2.490241860172680077e+01
-5.440825417453184265e+00 2.498278486442517021e+01
-5.378672672949602607e+00 2.506291838681180195e+01
-5.316274697797944704e+00 2.514281911221930699e+01
-5.253632865869207969e+00 2.522248698749677231e+01
-5.190748540519894760e+00 2.530192196291306317e+01
-5.127623074705939921e+00 2.538112399206232794e+01
-5.064257811095592920e+00 2.546009303177165251e+01
-5.000654082181348770e+00 2.553882904201087811e+01
-4.936813210390863738e+00 2.561733198580449766e+01
-4.872736508196800820e+00 2.569560182914543844e+01
-4.808425278225771038e+00 2.577363854091112572e+01
-4.743880813366222249e+00 2.585144209278123384e+01
-4.679104396875337635e+00 2.592901245915747666e+01
-4.614097302484917229e+00 2.600634961708528436e+01
-4.548860794506309091e+00 2.608345354617714662e+01
-4.483396127934308417e+00 2.616032422853806239e+01
-4.417704548550028143e+00 2.623696164869242509e+01
-4.351787293022935543e+00 2.631336579351276228e+01
-4.285645589011682688e+00 2.638953665215025879e+01
-4.219280655264115332e+00 2.646547421596672223e+01
-4.152693701716251518e+00 2.654117847846834266e+01
-4.085885929590280519e+00 2.661664943524087690e+01
-4.018858531491607877e+00 2.669188708388658071e+01
-3.951612691504900798e+00 2.676689142396242360e+01
-3.884149585289212503e+00 2.684166245691995201e+01
-3.816470380172116705e+00 2.691620018604656295e+01
-3.748576235242895738e+00 2.699050461640808507e+01
-3.680468301444800971e+00 2.706457575479301525e+01
-3.612147721666332245e+00 2.713841360965777838e+01
-3.543615630831618457e+00 2.721201819107357167e+01
-3.474873155989858020e+00 2.728538951067441687e+01
-3.405921416403775659e+00 2.735852758160649145e+01
-3.336761523637246540e+00 2.743143241847871394e+01
-3.267394581641975826e+00 2.750410403731457976e+01
-3.197821686843203448e+00 2.757654245550506289e+01
-3.128043928224619741e+00 2.764874769176292091e+01
-3.058062387412252114e+00 2.772071976607787747e+01
-2.987878138757610547e+00 2.779245869967320459e+01
-2.917492249419805894e+00 2.786396451496310078e+01
-2.846905779446861740e+00 2.793523723551137650e+01
-2.776119781856218882e+00 2.800627688599109533e+01
-2.705135302714163359e+00 2.807708349214523835e+01
-2.633953381214689138e+00 2.814765708074840589e+01
-2.562575049757207957e+00 2.821799767956943583e+01
-2.491001334023694280e+00 2.828810531733508427e+01
-2.419233253054709820e+00 2.835798002369453030e+01
-2.347271819324904030e+00 2.842762182918489344e+01
-2.275118038817381283e+00 2.849703076519765332e+01
-2.202772911097500508e+00 2.856620686394580488e+01
-2.130237429385708037e+00 2.863515015843213973e+01
-2.057512580629608845e+00 2.870386068241803912e+01
-1.984599345575303930e+00 2.877233847039338954e+01
-1.911498698837814869e+00 2.884058355754716985e+01
-1.838211608970839794e+00 2.890859597973875950e+01
-1.764739038535673821e+00 2.897637577347013149e+01
-1.691081944169349871e+00 2.904392297585885174e+01
-1.617241276652049864e+00 2.911123762461152253e+01
-1.543217980973776715e+00 2.917831975799838418e+01
-1.469012996400191451e+00 2.924516941482820798e+01
-1.394627256537809945e+00 2.931178663442415200e+01
-1.320061689398396076e+00 2.937817145660018525e+01
-1.245317217462682091e+00 2.944432392163814072e+01
-1.170394757743279612e+00 2.951024407026551799e+01
-1.095295221846985800e+00 2.957593194363379396e+01
-1.020019516036339668e+00 2.964138758329746182e+01
-9.445685412904053502e-01 2.970661103119362068e+01
-8.689431933649550688e-01 2.977160232962207687e+01
-7.931443628519871947e-01 2.983636152122622676e+01
