npts 513 dfreq 1.000000000000000021e-02
0.000000000000000000e+00 0.000000000000000000e+00
-5.157959030639672378e-03 -2.046217673249215580e-02
-1.907762405193624555e-01 -5.117179710940843868e-02
-4.179001428249976557e-01 4.806709292556437529e-01
4.275775855815548421e-01 9.357590456780980892e-01
9.738674084426641731e-01 2.271145571564061050e-01
7.508202388907699865e-01 -2.930349259269187101e-01
4.562799611609697492e-01 -4.438872151957398149e-01
2.515955379869633246e-01 -4.455994554953356390e-01
1.231572443143251622e-01 -4.017170882757185035e-01
4.400584721212097428e-02 -3.486695725290784309e-01
-4.603287485083231573e-03 -2.984412460185301152e-01
-3.423555338452954899e-02 -2.544418769548514869e-01
-5.193583936350436303e-02 -2.170717308444500004e-01
-6.204715759568640160e-02 -1.857286156801533916e-01
-6.729331232413390818e-02 -1.595498544379545802e-01
-6.941125376714603334e-02 -1.376831660361260423e-01
-6.952459208746920860e-02 -1.193760999088106373e-01
-6.836856159307448666e-02 -1.039951240337124161e-01
-6.642834627931186453e-02 -9.101857746570483909e-02
-6.402580863889936746e-02 -8.002136959088289314e-02
-6.137483388874972329e-02 -7.065855158106769396e-02
-5.861720205148433088e-02 -6.265039610864966968e-02
-5.584615941321571797e-02 -5.576974823340533766e-02
-5.312209315949703581e-02 -4.983165575329372154e-02
-5.048306276060698927e-02 -4.468501472347640585e-02
-4.795193821668516237e-02 -4.020589795205736089e-02
-4.554127401921243684e-02 -3.629224867560912338e-02
-4.325665671389182509e-02 -3.285966445497542215e-02
-4.109901421698265028e-02 -2.983804457549487157e-02
-3.906621334989395650e-02 -2.716891874804779755e-02
-3.715416607721808151e-02 -2.480331273962362373e-02
-3.535759468269492056e-02 -2.270003741176136389e-02
-3.367055906931196857e-02 -2.082431223363755135e-02
-3.208681756255343798e-02 -1.914665368307716387e-02
-3.060007090624653273e-02 -1.764197406251854713e-02
-2.920412423306499236e-02 -1.628884802208180674e-02
-2.789299147179187532e-02 -1.506891322897359851e-02
-2.666095946235387884e-02 -1.396637873632061363e-02
-2.550262400912082020e-02 -1.296762014470200300e-02
-2.441290655116994807e-02 -1.206084497334617735e-02
-2.338705761378964340e-02 -1.123581504109218143e-02
-2.242065141830913710e-02 -1.048361531223539721e-02
-2.150957475280921086e-02 -9.796460752652386486e-03
-2.065001229494748541e-02 -9.167534392777622679e-03
-1.983842992531099914e-02 -8.590851102827342170e-03
-1.907155710160254522e-02 -8.061142626751446189e-03
-1.834636902831639563e-02 -7.573760252429223919e-03
-1.766006911616647274e-02 -7.124592161321596610e-03
-1.701007205380764692e-02 -6.709993035908302407e-03
-1.639398769225614699e-02 -6.326723934873286666e-03
-1.580960585612444652e-02 -5.971900795352096288e-03
-1.525488213540974504e-02 -5.642950205254826899e-03
-1.472792466992139254e-02 -5.337571319821680579e-03
-1.422698191027921277e-02 -5.053702985498857193e-03
-1.375043132096572841e-02 -4.789495289136488573e-03
-1.329676897940689460e-02 -4.543284877924508997e-03
-1.286460001847679682e-02 -4.313573500594315366e-03
-1.245262985670672444e-02 -4.099009307383094484e-03
-1.205965615976418819e-02 -3.898370518422236523e-03
-1.168456147768061511e-02 -3.710551130259513546e-03
-1.132630650429044400e-02 -3.534548380328074793e-03
-1.098392390799774257e-02 -3.369451731092020993e-03
-1.065651268602427378e-02 -3.214433170757982020e-03
-1.034323299751331235e-02 -3.068738657008595206e-03
-1.004330143412592372e-02 -2.931680555138527471e-03
-9.755986689976446982e-03 -2.802630943036385491e-03
-9.480605595847502870e-03 -2.681015673296689369e-03
-9.216519485563633846e-03 -2.566309097892802062e-03
-8.963130865163577640e-03 -2.458029373730036531e-03
-8.719880358082897701e-03 -2.355734278388579937e-03
-8.486243901939909129e-03 -2.259017474758334091e-03
-8.261730174710156180e-03 -2.167505171310785995e-03
-8.045878230086549870e-03 -2.080853131655111855e-03
-7.838255323661428089e-03 -1.998743992959860910e-03
-7.638454913244812489e-03 -1.920884857933954654e-03
-7.446094818160696634e-03 -1.847005129473093575e-03
-7.260815523751724607e-03 -1.776854560893163532e-03
-7.082278618583332137e-03 -1.710201497977388444e-03
-6.910165352982124663e-03 -1.646831291932261861e-03
-6.744175308579803026e-03 -1.586544864840572699e-03
-6.584025169473438181e-03 -1.529157411370984324e-03
-6.429447586463606437e-03 -1.474497222397204562e-03
-6.280190126602612673e-03 -1.422404617834059680e-03
-6.136014300982862296e-03 -1.372730977445228446e-03
-5.996694664327469233e-03 -1.325337859645802675e-03
-5.862017980517874975e-03 -1.280096199436094907e-03
-5.731782448711805929e-03 -1.236885577581542123e-03
-5.605796985175197193e-03 -1.195593554014840083e-03
-5.483880556377897751e-03 -1.156115059195599037e-03
-5.365861559289401665e-03 -1.118351837832852209e-03
-5.251577245161849483e-03 -1.082211939968095353e-03
-5.140873183405676727e-03 -1.047609254940655736e-03
-5.033602762452615668e-03 -1.014463084221754957e-03
-4.929626724763407596e-03 -9.826977495158038464e-04
-4.828812733376525342e-03 -9.522422328936746769e-04
-4.731034967611449579e-03 -9.230298460484412815e-04
-4.636173745737797412e-03 -8.949979260541566671e-04
-4.544115172601803122e-03 -8.680875552669362972e-04
-4.454750810365625674e-03 -8.422433032384742677e-04
-4.367977370664680691e-03 -8.174129887184829538e-04
-4.283696426624731234e-03 -7.935474600071683402e-04
-4.201814143304941594e-03 -7.706003920841523374e-04
-4.122241025247127752e-03 -7.485280990885462195e-04
-4.044891679915263959e-03 -7.272893608578889215e-04
-3.969684595904615816e-03 -7.068452623532308276e-04
-3.896541934886800680e-03 -6.871590449051343105e-04
-3.825389336336899523e-03 -6.681959683121635333e-04
-3.756155734161689512e-03 -6.499231829106321204e-04
-3.688773184415116650e-03 -6.323096108130647937e-04
-3.623176703348453351e-03 -6.153258355838259891e-04
-3.559304115099055834e-03 -5.989439996845742718e-04
-3.497095908373369991e-03 -5.831377090802345895e-04
-3.436495101527408357e-03 -5.678819444487350453e-04
-3.377447115491708212e-03 -5.531529784853776895e-04
-3.319899654028019530e-03 -5.389282988358822966e-04
-3.263802590842049007e-03 -5.251865362313504161e-04
-3.209107863110681556e-03 -5.119073974339753003e-04
-3.155769371013649599e-03 -4.990716026347193817e-04
-3.103742882888532728e-03 -4.866608269735978151e-04
-3.052985945654826828e-03 -4.746576458800450503e-04
-3.003457800177519038e-03 -4.630454839552682034e-04
-2.955119301263392680e-03 -4.518085671407714608e-04
-2.907932842004480687e-03 -4.409318779375865456e-04
-2.861862282202499823e-03 -4.304011134593055507e-04
-2.816872880626259627e-03 -4.202026461190089897e-04
-2.772931230870659576e-03 -4.103234867656925132e-04
-2.730005200601444068e-03 -4.007512501000242127e-04
-2.688063873984209741e-03 -3.914741222122830448e-04
-2.647077497109449375e-03 -3.824808300972533425e-04
-2.607017426237789089e-03 -3.737606130118078184e-04
-2.567856078701010857e-03 -3.653031955509495471e-04
-2.529566886305103981e-03 -3.570987623273112234e-04
-2.492124251091451526e-03 -3.491379341475905136e-04
-2.455503503321483823e-03 -3.414117455871956762e-04
-2.419680861558636507e-03 -3.339116238715513657e-04
-2.384633394729424212e-03 -3.266293689791179228e-04
-2.350338986052833128e-03 -3.195571348872642712e-04
-2.316776298734128572e-03 -3.126874118877467522e-04
-2.283924743325602136e-03 -3.060130099037160841e-04
-2.251764446662750472e-03 -2.995270427449529837e-04
-2.220276222289999102e-03 -2.932229132424459049e-04
-2.189441542295241135e-03 -2.870942992074920069e-04
-2.159242510477366126e-03 -2.811351401642742955e-04
-2.129661836775481078e-03 -2.753396248083534261e-04
-2.100682812892754828e-03 -2.697021791467330660e-04
-2.072289289051803922e-03 -2.642174552781477773e-04
-2.044465651822237329e-03 -2.588803207749874793e-04
-2.017196802964417359e-03 -2.536858486308343546e-04
-1.990468139236805691e-03 -2.486293077399739601e-04
-1.964265533117225040e-03 -2.437061538774399521e-04
-1.938575314391271153e-03 -2.389120211502095462e-04
-1.913384252563745053e-03 -2.342427138920608477e-04
-1.888679540051479760e-03 -2.296941989763802265e-04
-1.864448776118300373e-03 -2.252625985228481171e-04
-1.840679951515018916e-03 -2.209441829754588583e-04
-1.817361433789462443e-03 -2.167353645307578650e-04
-1.794481953233452356e-03 -2.126326908965032634e-04
-1.772030589435462638e-03 -2.086328393621892003e-04
-1.749996758409428765e-03 -2.047326111640260216e-04
-1.728370200271749394e-03 -2.009289261280383112e-04
-1.707140967440046479e-03 -1.972188175759437756e-04
-1.686299413328673199e-03 -1.935994274794115161e-04
-1.665836181517295084e-03 -1.900680018491659724e-04
-1.645742195370123026e-03 -1.866218863462196329e-04
-1.626008648084556907e-03 -1.832585221032746758e-04
-1.606626993149140722e-03 -1.799754417450486865e-04
-1.587588935191723344e-03 -1.767702655969362931e-04
-1.568886421199794899e-03 -1.736406980720519840e-04
-1.550511632095810232e-03 -1.705845242272671918e-04
-1.532456974651263742e-03 -1.675996064794107109e-04
-1.514715073724079170e-03 -1.646838814733055296e-04
-1.497278764804645503e-03 -1.618353570937926711e-04
-1.480141086856623595e-03 -1.590521096143452913e-04
-1.463295275439284752e-03 -1.563322809752901469e-04
-1.446734756098849847e-03 -1.536740761850515597e-04
-1.430453138016904479e-03 -1.510757608382022003e-04
-1.414444207904534461e-03 -1.485356587444472691e-04
-1.398701924131435679e-03 -1.460521496630034024e-04
-1.383220411079723105e-03 -1.436236671371296145e-04
-1.367993953712700467e-03 -1.412486964238621418e-04
-1.353016992349306965e-03 -1.389257725142723616e-04
-1.338284117635410442e-03 -1.366534782398212331e-04
-1.323790065703541602e-03 -1.344304424606235584e-04
-1.309529713513053360e-03 -1.322553383316599023e-04
-1.295498074363090734e-03 -1.301268816431848027e-04
-1.281690293571090874e-03 -1.280438292317821107e-04
-1.268101644309888422e-03 -1.260049774587000074e-04
-1.254727523596836213e-03 -1.240091607522848945e-04
-1.241563448428627779e-03 -1.220552502114892056e-04
-1.228605052055825380e-03 -1.201421522675925397e-04
-1.215848080391370486e-03 -1.182688074014228330e-04
-1.203288388547594980e-03 -1.164341889135006640e-04
-1.190921937496532395e-03 -1.146373017446656245e-04
-1.178744790848538582e-03 -1.128771813448665968e-04
-1.166753111744470422e-03 -1.111528925879145597e-04
-1.154943159856876506e-03 -1.094635287301098031e-04
-1.143311288495863203e-03 -1.078082104107581614e-04
-1.131853941815489251e-03 -1.061860846926910277e-04
-1.120567652116729370e-03 -1.045963241409992922e-04
-1.109449037243203078e-03 -1.030381259382750928e-04
-1.098494798066074153e-03 -1.015107110347464981e-04
-1.087701716054626996e-03 -1.000133233317622222e-04
-1.077066650929224155e-03 -9.854522889716287406e-05
-1.066586538393471742e-03 -9.710571521114645069e-05
-1.056258387942550069e-03 -9.569409044130000673e-05
-1.046079280744815522e-03 -9.430968274553637063e-05
-1.036046367593886422e-03 -9.295183960173335094e-05
-1.026156866928551155e-03 -9.161992716293096222e-05
-1.016408062917951560e-03 -9.031332963699597704e-05
-1.006797303609592792e-03 -8.903144868971431150e-05
-9.973219991378438724e-04 -8.777370287032188270e-05
-9.879796199906832992e-04 -8.653952705852897473e-05
-9.787676953325384708e-04 -8.532837193213827951e-05
-9.696838113811582713e-04 -8.413970345439853425e-05
-9.607256098365426480e-04 -8.297300238027413934e-05
-9.518907863600317189e-04 -8.182776378085011761e-05
-9.431770891017342501e-04 -8.070349658512629399e-05
-9.345823172745565529e-04 -7.959972313848914739e-05
-9.261043197731458647e-04 -7.851597877718167551e-05
-9.177409938361518350e-04 -7.745181141812237751e-05
-9.094902837502610209e-04 -7.640678116345411255e-05
-9.013501795945137209e-04 -7.538045991922926066e-05
-8.933187160234911913e-04 -7.437243102766668233e-05
-8.853939710880019470e-04 -7.338228891243937888e-05
-8.775740650919545017e-04 -7.240963873647574315e-05
-8.698571594841541035e-04 -7.145409607177963859e-05
-8.622414557838129542e-04 -7.051528658079781419e-05
-8.547251945386074180e-04 -6.959284570888128263e-05
-8.473066543141620239e-04 -6.868641838740914920e-05
-8.399841507138871167e-04 -6.779565874716025182e-05
-8.327560354281234685e-04 -6.692022984153656680e-05
-8.256206953116125395e-04 -6.605980337925974975e-05
-8.185765514883209431e-04 -6.521405946617711601e-05
-8.116220584827050230e-04 -6.438268635582961453e-05
-8.047557033765263910e-04 -6.356538020844922966e-05
-7.979760049903597335e-04 -6.276184485806574087e-05
-7.912815130889795222e-04 -6.197179158741864034e-05
-7.846708076098252681e-04 -6.119493891038005090e-05
-7.781424979137900643e-04 -6.043101236160860150e-05
-7.716952220575941856e-04 -5.967974429316503268e-05
-7.653276460870379275e-04 -5.894087367783108522e-05
-7.590384633504539992e-04 -5.821414591888483987e-05
-7.528263938317030944e-04 -5.749931266609477641e-05
-7.466901835020749124e-04 -5.679613163770446310e-05
-7.406286036904972340e-04 -5.610436644819058206e-05
-7.346404504714488257e-04 -5.542378644158282364e-05
-7.287245440700289767e-04 -5.475416653014646845e-05
-7.228797282836182557e-04 -5.409528703823260885e-05
-7.171048699196202634e-04 -5.344693355111173645e-05
-7.113988582487660228e-04 -5.280889676861212731e-05
-7.057606044734943086e-04 -5.218097236339172101e-05
-7.001890412109378070e-04 -5.156296084367980611e-05
-6.946831219900529092e-04 -5.095466742032983228e-05
-6.892418207624597835e-04 -5.035590187803231976e-05
-6.838641314265634904e-04 -4.976647845054158679e-05
-6.785490673645463121e-04 -4.918621569977633153e-05
-6.732956609918374063e-04 -4.861493639865929517e-05
-6.681029633186760840e-04 -4.805246741756654576e-05
-6.629700435233997586e-04 -4.749863961426148277e-05
-6.578959885370993209e-04 -4.695328772719423898e-05
-6.528799026392988984e-04 -4.641625027205055834e-05
-6.479209070643286673e-04 -4.588736944144014378e-05
-6.430181396180610111e-04 -4.536649100761649532e-05
-6.381707543047121945e-04 -4.485346422812687233e-05
-6.333779209633989306e-04 -4.434814175429274165e-05
-6.286388249141640436e-04 -4.385037954242568150e-05
-6.239526666131895534e-04 -4.336003676768713936e-05
-6.193186613169258036e-04 -4.287697574050397965e-05
-6.147360387548780544e-04 -4.240106182545484693e-05
-6.102040428107874002e-04 -4.193216336254497895e-05
-6.057219312119732375e-04 -4.147015159079150883e-05
-6.012889752265900825e-04 -4.101490057404265051e-05
-5.969044593685731174e-04 -4.056628712895767215e-05
-5.925676811100505283e-04 -4.012419075507737384e-05
-5.882779506010076378e-04 -3.968849356691681930e-05
-5.840345903959934725e-04 -3.925908022801492364e-05
-5.798369351876697317e-04 -3.883583788687765455e-05
-5.756843315470056965e-04 -3.841865611475378577e-05
-5.715761376699347689e-04 -3.800742684518478487e-05
-5.675117231302818184e-04 -3.760204431527173840e-05
-5.634904686387953460e-04 -3.720240500860499597e-05
-5.595117658081019945e-04 -3.680840759980357672e-05
-5.555750169234259777e-04 -3.641995290061342814e-05
-5.516796347189083065e-04 -3.603694380751561253e-05
-5.478250421593712028e-04 -3.565928525079679770e-05
-5.440106722273784076e-04 -3.528688414503659653e-05
-5.402359677154421969e-04 -3.491964934096717445e-05
-5.365003810232372430e-04 -3.455749157866279359e-05
-5.328033739596854711e-04 -3.420032344201809376e-05
-5.291444175497748677e-04 -3.384805931447521849e-05
-5.255229918459885336e-04 -3.350061533596141898e-05
-5.219385857442130098e-04 -3.315790936100008996e-05
-5.183906968040107336e-04 -3.281986091795945223e-05
-5.148788310731334606e-04 -3.248639116940398388e-05
-5.114025029161654119e-04 -3.215742287351533576e-05
-5.079612348471889208e-04 -3.183288034655071312e-05
-5.045545573663561337e-04 -3.151268942630665158e-05
-5.011820088002722244e-04 -3.119677743655876470e-05
-4.978431351460841942e-04 -3.088507315244795267e-05
-4.945374899191776804e-04 -3.057750676678456435e-05
-4.912646340043884223e-04 -3.027400985724383774e-05
-4.880241355106338438e-04 -2.997451535442559881e-05
-4.848155696288772559e-04 -2.967895751075288880e-05
-4.816385184933368599e-04 -2.938727187018514241e-05
-4.784925710458546580e-04 -2.909939523872133950e-05
-4.753773229033450933e-04 -2.881526565567073795e-05
-4.722923762282404264e-04 -2.853482236566816211e-05
-4.692373396018618839e-04 -2.825800579141283692e-05
-4.662118279006318517e-04 -2.798475750710908370e-05
-4.632154621750667208e-04 -2.771502021258943649e-05
-4.602478695314667946e-04 -2.744873770809962322e-05
-4.573086830162445483e-04 -2.718585486972732233e-05
-4.543975415028194656e-04 -2.692631762545554523e-05
-4.515140895810137501e-04 -2.667007293182318558e-05
-4.486579774488918832e-04 -2.641706875117558456e-05
-4.458288608069744217e-04 -2.616725402948802583e-05
-4.430264007547730725e-04 -2.592057867474627667e-05
-4.402502636895863283e-04 -2.567699353586837979e-05
-4.375001212074996126e-04 -2.543645038215253042e-05
-4.347756500065360469e-04 -2.519890188323624638e-05
-4.320765317919027107e-04 -2.496430158955263790e-05
-4.294024531832857177e-04 -2.473260391327005217e-05
-4.267531056241346946e-04 -2.450376410970128235e-05
-4.241281852928982824e-04 -2.427773825916996781e-05
-4.215273930161567736e-04 -2.405448324932112411e-05
-4.189504341836054291e-04 -2.383395675786368704e-05
-4.163970186648477075e-04 -2.361611723573345248e-05
-4.138668607279499443e-04 -2.340092389066457095e-05
-4.113596789597181763e-04 -2.318833667115889673e-05
-4.088751961876549933e-04 -2.297831625084202121e-05
-4.064131394035551056e-04 -2.277082401319580217e-05
-4.039732396886999482e-04 -2.256582203665688581e-05
-4.015552321406167880e-04 -2.236327308007190082e-05
-3.991588558013609185e-04 -2.216314056849926517e-05
-3.967838535872863560e-04 -2.196538857934851507e-05
-3.944299722202714801e-04 -2.176998182884832010e-05
-3.920969621603623777e-04 -2.157688565883414142e-05
-3.897845775398036945e-04 -2.138606602384732707e-05
-3.874925760984197515e-04 -2.119748947853718074e-05
-3.852207191203228342e-04 -2.101112316535837070e-05
-3.829687713719070736e-04 -2.082693480255543196e-05
-3.807365010411060740e-04 -2.064489267242725697e-05
-3.785236796778819772e-04 -2.046496560986409030e-05
-3.763300821359174490e-04 -2.028712299114986828e-05
-3.741554865154850555e-04 -2.011133472302328653e-05
-3.719996741074618274e-04 -1.993757123199042615e-05
-3.698624293384694976e-04 -1.976580345388293132e-05
-3.677435397171099451e-04 -1.959600282365510444e-05
-3.656427957812731326e-04 -1.942814126541397257e-05
-3.635599910464901055e-04 -1.926219118267606737e-05
-3.614949219553148995e-04 -1.909812544884566344e-05
-3.594473878277003906e-04 -1.893591739790816304e-05
-3.574171908123574071e-04 -1.877554081533372801e-05
-3.554041358390675615e-04 -1.861696992918557167e-05
-3.534080305719316389e-04 -1.846017940142774064e-05
-3.514286853635312648e-04 -1.830514431942752105e-05
-3.494659132099839534e-04 -1.815184018764733623e-05
-3.475195297068733803e-04 -1.800024291952170410e-05
-3.455893530060312946e-04 -1.785032882951428058e-05
-3.436752037731572481e-04 -1.770207462535087245e-05
-3.417769051462546761e-04 -1.755545740042377772e-05
-3.398942826948646778e-04 -1.741045462636322885e-05
-3.380271643800841102e-04 -1.726704414577210310e-05
-3.361753805153456587e-04 -1.712520416511944152e-05
-3.343387637279475249e-04 -1.698491324778924591e-05
-3.325171489213137044e-04 -1.684615030728053902e-05
-3.307103732379703255e-04 -1.670889460055508623e-05
-3.289182760232231962e-04 -1.657312572152917050e-05
-3.271406987895186694e-04 -1.643882359470585276e-05
-3.253774851814770380e-04 -1.630596846894443136e-05
-3.236284809415810064e-04 -1.617454091136372586e-05
-3.218935338765063336e-04 -1.604452180137590567e-05
-3.201724938240808806e-04 -1.591589232484781058e-05
-3.184652126208591593e-04 -1.578863396838669033e-05
-3.167715440702983964e-04 -1.566272851374736128e-05
-3.150913439115241867e-04 -1.553815803235790357e-05
-3.134244697886724002e-04 -1.541490487996104953e-05
-3.117707812207974757e-04 -1.529295169136863058e-05
-3.101301395723310016e-04 -1.517228137532622995e-05
-3.085024080240838075e-04 -1.505287710948556776e-05
-3.068874515447770918e-04 -1.493472233548208599e-05
-3.052851368630922317e-04 -1.481780075411518527e-05
-3.036953324402297347e-04 -1.470209632062877925e-05
-3.021179084429645922e-04 -1.458759324008979305e-05
-3.005527367171907161e-04 -1.447427596286236626e-05
-2.989996907619401484e-04 -1.436212918017542780e-05
-2.974586457038728678e-04 -1.425113781978165544e-05
-2.959294782722217453e-04 -1.414128704170551611e-05
-2.944120667741879308e-04 -1.403256223407851501e-05
-2.929062910707749628e-04 -1.392494900905948170e-05
-2.914120325530526550e-04 -1.381843319883807055e-05
-2.899291741188444733e-04 -1.371300085171950669e-05
-2.884576001498260957e-04 -1.360863822828875840e-05
-2.869971964890303856e-04 -1.350533179765228243e-05
-2.855478504187483699e-04 -1.340306823375565155e-05
-2.841094506388187413e-04 -1.330183441177523659e-05
-2.826818872452989450e-04 -1.320161740458245710e-05
-2.812650517095087975e-04 -1.310240447927868142e-05
-2.798588368574407830e-04 -1.300418309379952066e-05
-2.784631368495282984e-04 -1.290694089358668725e-05
-2.770778471607657765e-04 -1.281066570832604725e-05
-2.757028645611730435e-04 -1.271534554875036922e-05
-2.743380870965977307e-04 -1.262096860350531580e-05
-2.729834140698478252e-04 -1.252752323607721799e-05
-2.716387460221510544e-04 -1.243499798178146639e-05
-2.703039847149286880e-04 -1.234338154480981371e-05
-2.689790331118856030e-04 -1.225266279533577853e-05
-2.676637953614031647e-04 -1.216283076667640054e-05
-2.663581767792325963e-04 -1.207387465250937648e-05
-2.650620838314839546e-04 -1.198578380414439094e-05
-2.637754241179016070e-04 -1.189854772784723761e-05
-2.624981063554236607e-04 -1.181215608221585014e-05
-2.612300403620188938e-04 -1.172659867560691949e-05
-2.599711370407944110e-04 -1.164186546361204743e-05
-2.587213083643723449e-04 -1.155794654658247574e-05
-2.574804673595260064e-04 -1.147483216720117131e-05
-2.562485280920740751e-04 -1.139251270810133703e-05
-2.550254056520266503e-04 -1.131097868953043563e-05
-2.538110161389775781e-04 -1.123022076705854365e-05
-2.526052766477402908e-04 -1.115022972933031251e-05
-2.514081052542200558e-04 -1.107099649585943696e-05
-2.502194210015208468e-04 -1.099251211486482816e-05
-2.490391438862801137e-04 -1.091476776114755942e-05
-2.478671948452291747e-04 -1.083775473400778014e-05
-2.467034957419725642e-04 -1.076146445520060845e-05
-2.455479693539854122e-04 -1.068588846693042834e-05
-2.444005393598219192e-04 -1.061101842988251724e-05
-2.432611303265322139e-04 -1.053684612129140430e-05
-2.421296676972840714e-04 -1.046336343304513783e-05
-2.410060777791854796e-04 -1.039056236982468595e-05
-2.398902877313026057e-04 -1.031843504727773865e-05
-2.387822255528737603e-04 -1.024697369022630133e-05
-2.376818200717104935e-04 -1.017617063090721258e-05
-2.365890009327864486e-04 -1.010601830724501520e-05
-2.355036985870086598e-04 -1.003650926115652490e-05
-2.344258442801688000e-04 -9.967636136886371569e-06
-2.333553700420696903e-04 -9.899391679372905012e-06
-2.322922086758256609e-04 -9.831768732643875601e-06
-2.312362937473332405e-04 -9.764760238241303652e-06
-2.301875595749074577e-04 -9.698359233674776940e-06
-2.291459412190829134e-04 -9.632558850902839205e-06
-2.281113744725751259e-04 -9.567352314841695476e-06
-2.270837958504006034e-04 -9.502732941900822550e-06
-2.260631425801511976e-04 -9.438694138544847655e-06
-2.250493525924216289e-04 -9.375229399881212486e-06
-2.240423645113858179e-04 -9.312332308273085608e-06
-2.230421176455212105e-04 -9.249996531977045484e-06
-2.220485519784763803e-04 -9.188215823804966623e-06
-2.210616081600810952e-04 -9.126984019809732766e-06
-2.200812274974961924e-04 -9.066295037994218068e-06
-2.191073519464985166e-04 -9.006142877043070405e-06
-2.181399241029024420e-04 -8.946521615076927504e-06
-2.171788871941119584e-04 -8.887425408428527177e-06
-2.162241850708028349e-04 -8.828848490440332193e-06
-2.152757621987329902e-04 -8.770785170283237805e-06
-2.143335636506767876e-04 -8.713229831795916381e-06
-2.133975350984836604e-04 -8.656176932344453558e-06
-2.124676228052569489e-04 -8.599621001701821912e-06
-2.115437736176517005e-04 -8.543556640946834685e-06
-2.106259349582892664e-04 -8.487978521382179780e-06
-2.097140548182867151e-04 -8.432881383471186739e-06
-2.088080817498987854e-04 -8.378260035792948918e-06
-2.079079648592709712e-04 -8.324109354015424791e-06
-2.070136537993013239e-04 -8.270424279886240542e-06
-2.061250987626093197e-04 -8.217199820240750113e-06
-2.052422504746102480e-04 -8.164431046027107055e-06
-2.043650601866922991e-04 -8.112113091347980577e-06
-2.034934796694962730e-04 -8.060241152518600707e-06
-2.026274612062946550e-04 -8.008810487140834381e-06
-2.017669575864689468e-04 -7.957816413192965536e-06
-2.009119220990837628e-04 -7.907254308134897976e-06
-2.000623085265556319e-04 -7.857119608028459139e-06
-1.992180711384157444e-04 -7.807407806672594702e-06
-1.983791646851636105e-04 -7.758114454753049151e-06
-1.975455443922117366e-04 -7.709235159006366279e-06
-1.967171659539187730e-04 -7.660765581397913174e-06
-1.958939855277095330e-04 -7.612701438313591400e-06
-1.950759597282814234e-04 -7.565038499765101559e-06
-1.942630456218950624e-04 -7.517772588608423265e-06
-1.934552007207474879e-04 -7.470899579775253864e-06
-1.926523829774274925e-04 -7.424415399517243288e-06
-1.918545507794507305e-04 -7.378316024662692154e-06
-1.910616629438743766e-04 -7.332597481885561481e-06
-1.902736787119886825e-04 -7.287255846986518746e-06
-1.894905577440853493e-04 -7.242287244185791585e-06
-1.887122601143006821e-04 -7.197687845427663108e-06
-1.879387463055330132e-04 -7.153453869696332704e-06
-1.871699772044326307e-04 -7.109581582342980556e-06
-1.864059140964629668e-04 -7.066067294423810540e-06
-1.856465186610320147e-04 -7.022907362048825889e-06
-1.848917529666936502e-04 -6.980098185741274923e-06
-1.841415794664160376e-04 -6.937636209807390776e-06
-1.833959609929178530e-04 -6.895517921716392922e-06
-1.826548607540698572e-04 -6.853739851490493012e-06
-1.819182423283610879e-04 -6.812298571104678011e-06
-1.811860696604295883e-04 -6.771190693896239293e-06
-1.804583070566551258e-04 -6.730412873983697875e-06
-1.797349191808141696e-04 -6.689961805695096990e-06
-1.790158710497950973e-04 -6.649834223005384167e-06
-1.783011280293738722e-04 -6.610026898982835391e-06
-1.775906558300480772e-04 -6.570536645244233346e-06
-1.768844205029285481e-04 -6.531360311418724356e-06
-1.761823884356890108e-04 -6.492494784620208344e-06
-1.754845263485707422e-04 -6.453936988928045798e-06
-1.747908012904431758e-04 -6.415683884875986043e-06
-1.741011806349182837e-04 -6.377732468949145714e-06
-1.734156320765187621e-04 -6.340079773088914612e-06
-1.727341236268987469e-04 -6.302722864205622072e-06
-1.720566236111165971e-04 -6.265658843698868981e-06
-1.713831006639579589e-04 -6.228884846985335711e-06
-1.707135237263100855e-04 -6.192398043033977870e-06
-1.700478620415840506e-04 -6.156195633908445552e-06
