npts 513 dfreq 1.000000000000000021e-02
0.000000000000000000e+00 0.000000000000000000e+00
1.264868884162837561e-14 3.905173196605679510e-10
2.027964879827335189e-13 3.125887426588665562e-09
1.030188858830559378e-12 1.055972340631882717e-08
3.271591346519436199e-12 2.506322021619918570e-08
8.036776666167615947e-12 4.903413008421297775e-08
1.679131609210943180e-11 8.490595406788968871e-08
3.138656557255811748e-11 1.351573307341688013e-07
5.409746531279093920e-11 2.023219604931397403e-07
8.766879670652411518e-11 2.889988610536364072e-07
1.353706896958756654e-10 3.978629569951860174e-07
2.010648570254283663e-10 5.316770509023998908e-07
2.892820153738828856e-10 6.933033595623385063e-07
4.053128364552131845e-10 8.857167417046235242e-07
5.553143241307931858e-10 1.112019388827538832e-06
7.464321091760632451e-10 1.375454623396600558e-06
9.869445334249396951e-10 1.679425084805076552e-06
1.286427197383366964e-09 2.027509002634800697e-06
1.655945770148083973e-09 2.423480782945397743e-06
2.108277710516527988e-09 2.871331428855728602e-06
2.658174465212365873e-09 3.375295790456645074e-06
3.322656832524993556e-09 3.939873745649244945e-06
4.121367778626232751e-09 4.569862630563296641e-06
5.076979001607358000e-09 5.270388866914779095e-06
6.215666442186990850e-09 6.046944157500918828e-06
7.567663695567377992e-09 6.905424300426246929e-06
9.167924660308044949e-09 7.852181364831424377e-06
1.105687434706305701e-08 8.894065193314844211e-06
1.328132110032615705e-08 1.003848765513560861e-05
1.589552013743454806e-08 1.129348671665933642e-05
1.896242979962261309e-08 1.266779830538710440e-05
2.255523564767187599e-08 1.417095201957732077e-05
2.675910356977421975e-08 1.581335282046138693e-05
3.167334011149813412e-08 1.760640291774976984e-05
3.741395317113663600e-08 1.956262794790246062e-05
4.411674337119055477e-08 2.169582572480849677e-05
5.194104313926485470e-08 2.402123885326258010e-05
6.107425829395483449e-08 2.655575582126856076e-05
7.173736532875486412e-08 2.931813529446223440e-05
8.419187101640056858e-08 3.232932525240859209e-05
9.874793891156913392e-08 3.561272637233964066e-05
1.157749080831300765e-07 3.919461977504663699e-05
1.357141640639036657e-07 4.310461795499050201e-05
1.590953134013002884e-07 4.737621712485616857e-05
1.865565809098721306e-07 5.204746281602488917e-05
2.188707083181178623e-07 5.716175681016623643e-05
2.569780791777362406e-07 6.276884172056602896e-05
3.020294192648839534e-07 6.892601061186683748e-05
3.554413052059991349e-07 7.569960406310389394e-05
4.189687164311301880e-07 8.316684790772808911e-05
4.948024893877766989e-07 9.141831860316942525e-05
5.856970095780299075e-07 1.005607568790620285e-04
6.951459898149963443e-07 1.107210036566733927e-04
8.276220227040013472e-07 1.220509323315859565e-04
9.889098870665271781e-07 1.347339539718300783e-04
1.186576876636220818e-06 1.489936614509550857e-04
1.430647547428542673e-06 1.651054804659120366e-04
1.734589628283636550e-06 1.834126225847946027e-04
2.116784290612347835e-06 2.043483146556370248e-04
2.602767382118830608e-06 2.284672883690623188e-04
3.228749471779241609e-06 2.564920459471334508e-04
4.047268080321017467e-06 2.893806705773192020e-04
5.136638518605925278e-06 3.284319680379378550e-04
6.617329594739972786e-06 3.754514598493148840e-04
8.681699853445898923e-06 4.330250553679261408e-04
1.165103005506378179e-05 5.049914095351129518e-04
1.609243262078659421e-05 5.973042162931380215e-04
2.307914666362949053e-05 7.197192726230306620e-04
3.483470085989389612e-05 8.893989846359038557e-04
5.656796485177814713e-05 1.139561114123327414e-03
1.028480430099302953e-04 1.543853826012381953e-03
2.276920241027086133e-04 2.303766513044192259e-03
7.737545362219712093e-04 4.220159120645335105e-03
1.191501755116339267e-02 1.201952640966310465e-02
2.125788960708916916e-03 -6.863182116821684928e-03
4.556613261997763918e-04 -3.311555251574039693e-03
1.986816321513748703e-04 -2.208893111789643048e-03
1.137365104514049776e-04 -1.681920395873799179e-03
7.516681169245896532e-05 -1.374524869861904310e-03
5.428276639152651432e-05 -1.173653595911036424e-03
4.162986760558594378e-05 -1.032412043039736835e-03
3.334175909450008560e-05 -9.278870003893214570e-04
2.759241821125176146e-05 -8.475646654062652221e-04
2.342537626797288488e-05 -7.840351192725532976e-04
2.029885666946729198e-05 -7.326321376215763409e-04
1.788656637331101766e-05 -6.902713459949760561e-04
1.598203432671860564e-05 -6.548324849296333896e-04
1.444918324944139330e-05 -6.248101062536373478e-04
1.319521777845834414e-05 -5.991058381610343429e-04
1.215499516883910549e-05 -5.768995296862960932e-04
1.128162827096416147e-05 -5.575664174898828417e-04
1.054062807739065459e-05 -5.406222185378656894e-04
9.906136532734919530e-06 -5.256857507444618422e-04
9.358436356660171767e-06 -5.124528842326105723e-04
8.882264651324962767e-06 -5.006780093729424784e-04
8.465645968584543986e-06 -4.901606074008804702e-04
8.099069088265388745e-06 -4.807353565960447773e-04
7.774898395423170976e-06 -4.722647947910568788e-04
7.486933429270235147e-06 -4.646334618547226470e-04
7.230104783812344105e-06 -4.577439811671136323e-04
7.000225062970200833e-06 -4.515134572289911173e-04
6.793810230822116751e-06 -4.458709253064629193e-04
6.607940575303317619e-06 -4.407552790348372596e-04
6.440152964273863360e-06 -4.361136154894262071e-04
6.288356555667791312e-06 -4.318999028038302489e-04
6.150766272568520986e-06 -4.280738993039927710e-04
6.025849866277013887e-06 -4.246002704575231514e-04
5.912285467755525468e-06 -4.214478626527557391e-04
5.808927304223004642e-06 -4.185891022475495384e-04
5.714777823269849902e-06 -4.159994953830838506e-04
5.628964883065160132e-06 -4.136572093870587445e-04
5.550722976422984939e-06 -4.115427206506331193e-04
5.479377688244243603e-06 -4.096385169812673493e-04
5.414332761020203139e-06 -4.079288448462100279e-04
5.355059276538334182e-06 -4.063994938015510778e-04
5.301086564370879219e-06 -4.050376118770051908e-04
5.251994526917143255e-06 -4.038315468514807683e-04
5.207407132402711161e-06 -4.027707092799575153e-04
5.166987167241445439e-06 -4.018454604018212263e-04
5.130430306858581892e-06 -4.010469820131784113e-04
5.097462891978364629e-06 -4.003672286411922394e-04
5.067837177153911464e-06 -3.997988199353309314e-04
5.041328633508569927e-06 -3.993349792813229117e-04
5.017733332229504890e-06 -3.989694731952678490e-04
4.996865670165352424e-06 -3.986965578778198737e-04
4.978556386911426979e-06 -3.985109319605158445e-04
4.962650831088022799e-06 -3.984076946230426068e-04
4.949007440339607121e-06 -3.983823083823907177e-04
4.937496405198479444e-06 -3.984305659569181224e-04
4.927998491597319807e-06 -3.985485606939822168e-04
4.920404000664181872e-06 -3.987326601218260744e-04
4.914611847637957915e-06 -3.989794822472401232e-04
4.910528744418808574e-06 -3.992858742720285076e-04
4.908068472511438968e-06 -3.996488934450601288e-04
4.907151235005574778e-06 -4.000657898039722358e-04
4.907703077828533408e-06 -4.005339905924293277e-04
4.909655371851013766e-06 -4.010510861661291697e-04
4.912944348568826188e-06 -4.016148172241768466e-04
4.917510683054907887e-06 -4.022230632226226135e-04
4.923299118704513219e-06 -4.028738318443762486e-04
4.930258129005619309e-06 -4.035652494147807558e-04
4.938339612173996578e-06 -4.042955521651921949e-04
4.947498615015256986e-06 -4.050630782582740957e-04
4.957693082826137580e-06 -4.058662604986044108e-04
4.968883632536121776e-06 -4.067036196608311773e-04
4.981033346627091402e-06 -4.075737583751625772e-04
4.994107585660479080e-06 -4.084753555165979264e-04
5.008073817495276000e-06 -4.094071610501146831e-04
5.022901461501137638e-06 -4.103679912891396641e-04
5.038561746263798527e-06 -4.113567245291378945e-04
5.055027323544920011e-06 -4.123722814090646587e-04
5.072273161079803277e-06 -4.134136832637354199e-04
5.090274933219176353e-06 -4.144799561810366250e-04
5.109009908579011040e-06 -4.155701890965194560e-04
5.128456614019674522e-06 -4.166835156408228409e-04
5.148594749876553359e-06 -4.178191114159786486e-04
5.169405111892531764e-06 -4.189761914689098406e-04
5.190869519246341535e-06 -4.201540079456526564e-04
5.212970748132327808e-06 -4.213518479113807953e-04
5.235692470401856690e-06 -4.225690313227168531e-04
5.259019196824962372e-06 -4.238049091400443447e-04
5.282936224574074003e-06 -4.250588615686671265e-04
5.307429588570183160e-06 -4.263302964186557807e-04
5.332486016366263261e-06 -4.276186475741402507e-04
5.358092886273454659e-06 -4.289233735636067513e-04
5.384238188463039119e-06 -4.302439562235037740e-04
5.410910488802022543e-06 -4.315798994481215831e-04
5.438098895202174469e-06 -4.329307280193072640e-04
5.465793026282434819e-06 -4.342959865101264790e-04
5.493982982162306478e-06 -4.356752382570675637e-04
5.522659317220295686e-06 -4.370680643958385798e-04
5.551813014665660246e-06 -4.384740629562025377e-04
5.581435462785258555e-06 -4.398928480116785062e-04
5.611518432738758765e-06 -4.413240488802522136e-04
5.642054057786647380e-06 -4.427673093725671130e-04
5.673034813844830357e-06 -4.442222870843256892e-04
5.704453501268733026e-06 -4.456886527298962487e-04
5.736303227777646113e-06 -4.471660895143474666e-04
5.768577392437449602e-06 -4.486542925413480702e-04
5.801269670626395403e-06 -4.501529682545573653e-04
5.834373999914734397e-06 -4.516618339103178176e-04
5.867884566794370677e-06 -4.531806170796142080e-04
5.901795794199858870e-06 -4.547090551774235294e-04
5.936102329766499690e-06 -4.562468950177069158e-04
5.970799034775580808e-06 -4.577938923924289544e-04
6.005880973740530280e-06 -4.593498116730977210e-04
6.041343404591385253e-06 -4.609144254334335842e-04
6.077181769418019506e-06 -4.624875140918675246e-04
6.113391685735541391e-06 -4.640688655726586762e-04
6.149968938238216334e-06 -4.656582749845126243e-04
6.186909471010262814e-06 -4.672555443156477012e-04
6.224209380164622747e-06 -4.688604821443362086e-04
6.261864906882579207e-06 -4.704729033640097269e-04
6.299871851290198658e-06 -4.720926042830233789e-04
6.338227879118282811e-06 -4.737194608256648952e-04
6.376929054408900527e-06 -4.753532807851010896e-04
6.415972136186933181e-06 -4.769939018290649218e-04
6.455353998937985917e-06 -4.786411667565800346e-04
6.495071627583788201e-06 -4.802949232944399055e-04
6.535122112715422736e-06 -4.819550239033419279e-04
6.575502646069416515e-06 -4.836213255931603398e-04
6.616210516232274112e-06 -4.852936897468461495e-04
6.657243104560243742e-06 -4.869719819524912668e-04
6.698597881301923999e-06 -4.886560718431186582e-04
6.740272401912129777e-06 -4.903458329437815431e-04
6.782264303546076268e-06 -4.920411425255896655e-04
6.824571301723849613e-06 -4.937418814662935260e-04
6.867191187155550384e-06 -4.954479341170882475e-04
6.910121822718265183e-06 -4.971591881753124106e-04
6.953361140576445156e-06 -4.988755345627392040e-04
6.996907139437956310e-06 -5.005968673091742028e-04
7.040757881938393490e-06 -5.023230834410950113e-04
7.084911492146672540e-06 -5.040540828750712625e-04
7.129366153185635127e-06 -5.057897683157328451e-04
7.174120104961333831e-06 -5.075300451580597606e-04
7.219171641995454502e-06 -5.092748213937776372e-04
7.264519111355386273e-06 -5.110240075216634188e-04
7.310160910676904460e-06 -5.127775164615658559e-04
7.356095486274721270e-06 -5.145352634719664586e-04
7.402321331336341355e-06 -5.162971660709089576e-04
7.448836984195069206e-06 -5.180631439601375695e-04
7.495641026678162768e-06 -5.198331189522950981e-04
7.542732082526234385e-06 -5.216070149010305999e-04
7.590108815880629528e-06 -5.233847576338909562e-04
7.637769929835120733e-06 -5.251662748878588739e-04
7.685714165049014818e-06 -5.269514962474213058e-04
7.733940298418436860e-06 -5.287403530850493536e-04
7.782447141803241372e-06 -5.305327785039828589e-04
7.831233540806664830e-06 -5.323287072832146244e-04
7.880298373605227583e-06 -5.341280758245744087e-04
7.929640549826659144e-06 -5.359308221018241163e-04
7.979259009473393851e-06 -5.377368856116696407e-04
8.029152721889524407e-06 -5.395462073266075022e-04
8.079320684769378608e-06 -5.413587296495288694e-04
8.129761923205520383e-06 -5.431743963700010579e-04
8.180474716972352362e-06 -5.449931249935490579e-04
8.231459682744251378e-06 -5.468149171698235547e-04
8.282715154789584670e-06 -5.486396930196946534e-04
8.334240259003667867e-06 -5.504674014733496957e-04
8.386034144453382037e-06 -5.522979926518356087e-04
8.438095982627447891e-06 -5.541314178320101182e-04
8.490424966715516038e-06 -5.559676294127390353e-04
8.543020310914496127e-06 -5.578065808822806363e-04
8.595881249761099972e-06 -5.596482267868102978e-04
8.649007037489455150e-06 -5.614925227000416939e-04
8.702396947412669305e-06 -5.633394251938966335e-04
8.756050271327274508e-06 -5.651888918101827730e-04
8.809966318939694473e-06 -5.670408810332389776e-04
8.864144417313645340e-06 -5.688953522635093038e-04
8.918583910337761920e-06 -5.707522657920096037e-04
8.973284158212417700e-06 -5.726115827756493495e-04
9.028244536955040659e-06 -5.744732652133792937e-04
9.083464437923223560e-06 -5.763372759231288629e-04
9.138943267354696960e-06 -5.782035785195054197e-04
9.194680445923685547e-06 -5.800721373922237360e-04
9.250675408312787192e-06 -5.819429176852407379e-04
9.306927602799937660e-06 -5.838158852765639763e-04
9.363436490859698651e-06 -5.856910067587158203e-04
9.420201546778344005e-06 -5.875682494198193346e-04
9.477222257282251104e-06 -5.894475812252916334e-04
9.534498121178950326e-06 -5.913289708001153323e-04
9.592028649010453102e-06 -5.932123874116694475e-04
9.649813362718318141e-06 -5.950978009531001202e-04
9.707851795319969652e-06 -5.969851819272103477e-04
9.766143490595871135e-06 -5.988745014308469302e-04
9.824688002787237956e-06 -6.007657311397752000e-04
9.883484896303563647e-06 -6.026588432940108500e-04
9.942533745439978565e-06 -6.045538106836052849e-04
1.000183413410380394e-05 -6.064506066348607487e-04
1.006138565555007260e-05 -6.083492049969634139e-04
1.012118791212558953e-05 -6.102495801290155637e-04
1.018124051502127804e-05 -6.121517068874581967e-04
1.024154308403255922e-05 -6.140555606138683314e-04
1.030209524732726497e-05 -6.159611171231135556e-04
1.036289664122108101e-05 -6.178683526918613261e-04
1.042394690995996453e-05 -6.197772440474187336e-04
1.048524570550951074e-05 -6.216877683569029499e-04
1.054679268735091793e-05 -6.235999032167221894e-04
1.060858752228325270e-05 -6.255136266423619827e-04
1.067062988423191375e-05 -6.274289170584639681e-04
1.073291945406299281e-05 -6.293457532891884179e-04
1.079545591940336312e-05 -6.312641145488512859e-04
1.085823897446618385e-05 -6.331839804328248233e-04
1.092126831988189333e-05 -6.351053309086950429e-04
1.098454366253410999e-05 -6.370281463076682242e-04
1.104806471540063574e-05 -6.389524073162136664e-04
1.111183119739919439e-05 -6.408780949679425800e-04
1.117584283323773722e-05 -6.428051906357068555e-04
1.124009935326922757e-05 -6.447336760239181412e-04
1.130460049335072006e-05 -6.466635331610756307e-04
1.136934599470663418e-05 -6.485947443924973540e-04
1.143433560379591411e-05 -6.505272923732477106e-04
1.149956907218323569e-05 -6.524611600612577724e-04
1.156504615641378783e-05 -6.543963307106267580e-04
1.163076661789178765e-05 -6.563327878651061941e-04
1.169673022276242442e-05 -6.582705153517546225e-04
1.176293674179728992e-05 -6.602094972747600326e-04
1.182938595028288512e-05 -6.621497180094287199e-04
1.189607762791251343e-05 -6.640911621963257148e-04
1.196300952313430765e-05 -6.660337557454780368e-04
1.203018548789185794e-05 -6.679776017551935716e-04
1.209760328628333874e-05 -6.699226266745379873e-04
1.216526271460662326e-05 -6.718688161495363527e-04
1.223316357306919574e-05 -6.738161560643949558e-04
1.230130566569689548e-05 -6.757646325364925072e-04
1.236968880024524944e-05 -6.777142319115065424e-04
1.243831278811301389e-05 -6.796649407586527990e-04
1.250717744425825886e-05 -6.816167458660527456e-04
1.257628258711665149e-05 -6.835696342362108328e-04
1.264562803852200942e-05 -6.855235930816117648e-04
1.271521362362891922e-05 -6.874786098204189273e-04
1.278503917083749450e-05 -6.894346720722864400e-04
1.285510451172008549e-05 -6.913917676542686783e-04
1.292540948095005887e-05 -6.933498845768365894e-04
1.299595391623228510e-05 -6.953090110399833467e-04
1.306673765823560623e-05 -6.972691354294308346e-04
1.313776055052704684e-05 -6.992302463129269896e-04
1.320902243950765633e-05 -7.011923324366283600e-04
1.328052317435019449e-05 -7.031553827215760149e-04
1.335226260693824328e-05 -7.051193862602499500e-04
1.342424059180706709e-05 -7.070843323132081689e-04
1.349645698608586363e-05 -7.090502103058064299e-04
1.356891164944153458e-05 -7.110170098249929101e-04
1.364160444402399432e-05 -7.129847206161787649e-04
1.371453523441265778e-05 -7.149533325801849058e-04
1.378770388756449871e-05 -7.169228357702552403e-04
1.386111027276332760e-05 -7.188932203891453725e-04
1.393475426157025897e-05 -7.208644767862690912e-04
1.400863572777562523e-05 -7.228365954549230291e-04
1.408275454735185796e-05 -7.248095670295639061e-04
1.415711059840776850e-05 -7.267833822831551611e-04
1.423170376114371103e-05 -7.287580321245698545e-04
1.430653391780812137e-05 -7.307335075960552607e-04
1.438160095265488240e-05 -7.327097998707530818e-04
1.445690475190190247e-05 -7.346869002502737613e-04
1.453244520369057468e-05 -7.366648001623314060e-04
1.460822219804637464e-05 -7.386434911584234845e-04
1.468423562684021540e-05 -7.406229649115664716e-04
1.476048538375091206e-05 -7.426032132140830992e-04
1.483697136422846796e-05 -7.445842279754341696e-04
1.491369346545822656e-05 -7.465660012201012167e-04
1.499065158632585848e-05 -7.485485250855128609e-04
1.506784562738332094e-05 -7.505317918200211458e-04
1.514527549081544063e-05 -7.525157937809150632e-04
1.522294108040735373e-05 -7.545005234324821076e-04
1.530084230151277101e-05 -7.564859733441102723e-04
1.537897906102291882e-05 -7.584721361884307024e-04
1.545735126733617631e-05 -7.604590047394992709e-04
1.553595883032853607e-05 -7.624465718710176200e-04
1.561480166132461349e-05 -7.644348305545927997e-04
1.569387967306941695e-05 -7.664237738580324680e-04
1.577319277970066670e-05 -7.684133949436750032e-04
1.585274089672196766e-05 -7.704036870667589718e-04
1.593252394097623633e-05 -7.723946435738201360e-04
1.601254183062012374e-05 -7.743862579011287928e-04
1.609279448509870274e-05 -7.763785235731547607e-04
1.617328182512092776e-05 -7.783714342010652175e-04
1.625400377263552147e-05 -7.803649834812549559e-04
1.633496025080750520e-05 -7.823591651939045032e-04
1.641615118399518335e-05 -7.843539732015710917e-04
1.649757649772761231e-05 -7.863494014478029405e-04
1.657923611868269623e-05 -7.883454439557889895e-04
1.666112997466564520e-05 -7.903420948270284754e-04
1.674325799458794181e-05 -7.923393482400337921e-04
1.682562010844677853e-05 -7.943371984490531917e-04
1.690821624730495931e-05 -7.963356397828250371e-04
1.699104634327126199e-05 -7.983346666433544956e-04
1.707411032948108869e-05 -8.003342735047117018e-04
1.715740814007769889e-05 -8.023344549118574575e-04
1.724093971019382212e-05 -8.043352054794925682e-04
1.732470497593355171e-05 -8.063365198909269119e-04
1.740870387435475026e-05 -8.083383928969700835e-04
1.749293634345178033e-05 -8.103408193148500110e-04
1.757740232213859428e-05 -8.123437940271450173e-04
1.766210175023223404e-05 -8.143473119807398408e-04
1.774703456843655455e-05 -8.163513681858041013e-04
1.783220071832649942e-05 -8.183559577147849666e-04
1.791760014233248168e-05 -8.203610757014263843e-04
1.800323278372528284e-05 -8.223667173397994790e-04
1.808909858660111462e-05 -8.243728778833569115e-04
1.817519749586708728e-05 -8.263795526440035006e-04
1.826152945722693877e-05 -8.283867369911834333e-04
1.834809441716708922e-05 -8.303944263509856899e-04
1.843489232294298334e-05 -8.324026162052686586e-04
1.852192312256560231e-05 -8.344113020907936414e-04
1.860918411224634389e-05 -8.364204185996050025e-04
1.869668053948663302e-05 -8.384300833585939337e-04
1.878440970901197498e-05 -8.404402310803075820e-04
1.887237157172721191e-05 -8.424508575128359256e-04
1.896056607922984882e-05 -8.444619584551021950e-04
1.904899318379812739e-05 -8.464735297560949329e-04
1.913765283837946566e-05 -8.484855673141107873e-04
1.922654499657910099e-05 -8.504980670760131341e-04
1.931566961264894654e-05 -8.525110250365032765e-04
1.940502664147663740e-05 -8.545244372374073650e-04
1.949461603857484106e-05 -8.565382997669718831e-04
1.958443776007079144e-05 -8.585526087591738775e-04
1.967449176269591107e-05 -8.605673603930451753e-04
1.976477800377590419e-05 -8.625825508920084185e-04
1.985529644122068722e-05 -8.645981765232209045e-04
1.994604703351480032e-05 -8.666142335969358830e-04
2.003702973970789355e-05 -8.686307184658712249e-04
2.012824451940534854e-05 -8.706476275245901260e-04
2.021969133275924565e-05 -8.726649572088946046e-04
2.031137014045930419e-05 -8.746827039952257202e-04
2.040328090372416133e-05 -8.767008644000800566e-04
2.049542358429272558e-05 -8.787194349794308660e-04
2.058779814441568618e-05 -8.807384123281612482e-04
2.068040454684731035e-05 -8.827577930795095810e-04
2.077324275483726781e-05 -8.847775739045208058e-04
2.086631273212258053e-05 -8.867977515115089884e-04
2.095961444291989781e-05 -8.888183226455293124e-04
2.105314785191779843e-05 -8.908392840878598309e-04
2.114691292426915722e-05 -8.928606326554885302e-04
2.124090962558386052e-05 -8.948823652006144885e-04
2.133513792192154548e-05 -8.969044786101533712e-04
2.142959777978440024e-05 -8.989269698052519252e-04
2.152428916611022163e-05 -9.009498357408132069e-04
2.161921204826559493e-05 -9.029730734050273391e-04
2.171436639403905993e-05 -9.049966798189094247e-04
2.180975217163463287e-05 -9.070206520358494937e-04
2.190536934966521313e-05 -9.090449871411644027e-04
2.200121789714624740e-05 -9.110696822516600344e-04
2.209729778348950571e-05 -9.130947345152041214e-04
2.219360897849697600e-05 -9.151201411102985288e-04
2.229015145235467739e-05 -9.171458992456642213e-04
2.238692517562699186e-05 -9.191720061598321941e-04
2.248393011925061300e-05 -9.211984591207397158e-04
2.258116625452901325e-05 -9.232252554253343778e-04
2.267863355312675516e-05 -9.252523923991844319e-04
2.277633198706405013e-05 -9.272798673960938988e-04
2.287426152871128648e-05 -9.293076777977274340e-04
2.297242215078375762e-05 -9.313358210132361694e-04
2.307081382633652218e-05 -9.333642944788960241e-04
2.316943652875913209e-05 -9.353930956577452549e-04
2.326829023177075370e-05 -9.374222220392329583e-04
2.336737490941512960e-05 -9.394516711388695238e-04
2.346669053605579121e-05 -9.414814404978856521e-04
2.356623708637122728e-05 -9.435115276828938673e-04
2.366601453535026927e-05 -9.455419302855595700e-04
2.376602285828744961e-05 -9.475726459222704639e-04
2.386626203077845483e-05 -9.496036722338199688e-04
2.396673202871578534e-05 -9.516350068850882487e-04
2.406743282828423909e-05 -9.536666475647312619e-04
2.416836440595673057e-05 -9.556985919848750167e-04
2.426952673849006584e-05 -9.577308378808145964e-04
2.437091980292077853e-05 -9.597633830107158955e-04
2.447254357656100643e-05 -9.617962251553247282e-04
2.457439803699461214e-05 -9.638293621176783222e-04
2.467648316207306981e-05 -9.658627917228207157e-04
2.477879892991181622e-05 -9.678965118175278035e-04
2.488134531888622556e-05 -9.699305202700275047e-04
2.498412230762806554e-05 -9.719648149697344584e-04
2.508712987502168231e-05 -9.739993938269799487e-04
2.519036800020045650e-05 -9.760342547727507206e-04
2.529383666254322530e-05 -9.780693957584319156e-04
2.539753584167078596e-05 -9.801048147555502243e-04
2.550146551744252800e-05 -9.821405097555264713e-04
2.560562566995293657e-05 -9.841764787694258151e-04
2.571001627952834674e-05 -9.862127198277169469e-04
2.581463732672373482e-05 -9.882492309800316142e-04
2.591948879231931001e-05 -9.902860102949282654e-04
2.602457065731762762e-05 -9.923230558596621981e-04
2.612988290294019760e-05 -9.943603657799526731e-04
2.623542551062466900e-05 -9.963979381797615203e-04
2.634119846202167899e-05 -9.984357712010684914e-04
2.644720173899198990e-05 -1.000473863003653119e-03
2.655343532360341958e-05 -1.002512211764878093e-03
2.665989919812821894e-05 -1.004550815679480227e-03
2.676659334504005659e-05 -1.006589672959356217e-03
2.687351449767851896e-05 -1.008628719929585910e-03
2.698066913058864080e-05 -1.010668078635763639e-03
2.708805398448884118e-05 -1.012707685443885522e-03
2.719566904263145593e-05 -1.014747538632463373e-03
2.730351428845696722e-05 -1.016787636496169255e-03
2.741158970559135741e-05 -1.018827977345644880e-03
2.751989527784360528e-05 -1.020868559507309486e-03
2.762843098920328040e-05 -1.022909381323176825e-03
2.773719682383801900e-05 -1.024950441150668462e-03
2.784619276609114552e-05 -1.026991737362434451e-03
2.795541880047937877e-05 -1.029033268346176170e-03
2.806487491169047050e-05 -1.031075032504466353e-03
2.817456108458088107e-05 -1.033117028254579078e-03
2.828447730417359075e-05 -1.035159254028317818e-03
2.839462355565584660e-05 -1.037201708271846302e-03
2.850499982437704489e-05 -1.039244389445523071e-03
2.861560609584645428e-05 -1.041287296023736455e-03
2.872644235573128797e-05 -1.043330426494744551e-03
2.883750858985447430e-05 -1.045373779360513023e-03
2.894880478419266454e-05 -1.047417353136562449e-03
2.906033092487424069e-05 -1.049461146351810242e-03
2.917208699817731981e-05 -1.051505157548416258e-03
2.928407299052768393e-05 -1.053549385281636001e-03
2.939628888849712322e-05 -1.055593828119670563e-03
2.950873467880128456e-05 -1.057638484643518310e-03
2.962141034829783511e-05 -1.059683353446831330e-03
2.973431588398485980e-05 -1.061728433135774924e-03
2.984745127299871998e-05 -1.063773722328884485e-03
2.996081650261252878e-05 -1.065819219656925646e-03
3.007441156023422664e-05 -1.067864923762761129e-03
3.018823643340503971e-05 -1.069910833301213277e-03
3.030229110979754865e-05 -1.071956946938931341e-03
3.041657557721419441e-05 -1.074003263354259864e-03
3.053108982358550288e-05 -1.076049781237108571e-03
3.064583383696856361e-05 -1.078096499288825954e-03
3.076080760554537641e-05 -1.080143416222073939e-03
3.087601111762121488e-05 -1.082190530760698431e-03
3.099144436162318305e-05 -1.084237841639611351e-03
3.110710732609865686e-05 -1.086285347604668992e-03
3.122299999971361721e-05 -1.088333047412550153e-03
3.133912237125143017e-05 -1.090380939830638829e-03
3.145547442961111912e-05 -1.092429023636909717e-03
3.157205616380615173e-05 -1.094477297619810257e-03
