npts 513 dfreq 1.000000000000000021e-02
0.000000000000000000e+00 0.000000000000000000e+00
-7.093897936132557806e-04 -2.411225965831167561e-03
-1.112525876440333128e-02 -1.652014782513592378e-02
-5.138723026778546643e-02 -3.858605503275358561e-02
-1.305592216413350437e-01 -4.062355941635751450e-02
-2.243952315148093624e-01 2.620881519217344718e-03
-3.012672752236391638e-01 8.343216141426279542e-02
-3.518516463227297497e-01 1.795270042436693247e-01
-3.817537565313190440e-01 2.765988785971638109e-01
-3.984829076293529559e-01 3.694910340424754636e-01
-4.073251569671639816e-01 4.573850647544364656e-01
-4.114374197456034943e-01 5.408650145646057839e-01
-4.126243407797584584e-01 6.207772655310718202e-01
-4.119182719528178271e-01 6.978837042823091696e-01
-4.099205456775052436e-01 7.727917939200179553e-01
-4.069900546049326495e-01 8.459666545112048963e-01
-4.033465844851788495e-01 9.177605160543138574e-01
-3.991281526750086184e-01 9.884405500824579027e-01
-3.944234971130120004e-01 1.058210898251153109e+00
-3.892909282097406498e-01 1.127229077749442920e+00
-3.837695352866946075e-01 1.195617935042577518e+00
-3.778860058661410726e-01 1.263474312030171687e+00
-3.716588681025552732e-01 1.330875347695832822e+00
-3.651011851650278195e-01 1.397883092767942870e+00
-3.582222995540234600e-01 1.464547919685325938e+00
-3.510289825473394965e-01 1.530911067516813606e+00
-3.435262041492916363e-01 1.597006560781095708e+00
-3.357176566944644058e-01 1.662862670954831534e+00
-3.276061159347448126e-01 1.728503040716040440e+00
-3.191936932906019875e-01 1.793947557015874716e+00
-3.104820141918766541e-01 1.859213035281551463e+00
-3.014723455699120369e-01 1.924313760258731243e+00
-2.921656879414382679e-01 1.989261917045957118e+00
-2.825628425565198665e-01 2.054067937287040291e+00
-2.726644607998078285e-01 2.118740779264923102e+00
-2.624710808367926029e-01 2.183288156090954057e+00
-2.519831550079933979e-01 2.247716722827902025e+00
-2.412010704539025718e-01 2.312032230888826589e+00
-2.301251647470909656e-01 2.376239656181704074e+00
-2.187557378136872344e-01 2.440343306054292949e+00
-2.070930610774955327e-01 2.504346909015420231e+00
-1.951373845113197891e-01 2.568253690381437693e+00
-1.828889421014403549e-01 2.632066436357089145e+00
-1.703479561017226807e-01 2.695787548562537328e+00
-1.575146403593944977e-01 2.759419090628697280e+00
-1.443892029251023779e-01 2.822962828176092565e+00
-1.309718481084313213e-01 2.886420263249193763e+00
-1.172627781018195925e-01 2.949792664084305738e+00
-1.032621942670785414e-01 3.013081090933705575e+00
-8.897029815712158285e-02 3.076286418543590528e+00
-7.438729232906741984e-02 3.139409355782064814e+00
-5.951338099241691715e-02 3.202450462831050615e+00
-4.434877052641289508e-02 3.265410166288578164e+00
-2.889366989332584762e-02 3.328288772472783208e+00
-1.314829096870495997e-02 3.391086479173281099e+00
2.887151194773983527e-03 3.453803386058001301e+00
1.921243815669838872e-02 3.516439503912192510e+00
3.582734792108747957e-02 3.578994762860283618e+00
5.273165480295643331e-02 3.641469019699358878e+00
6.992512932264483005e-02 3.703862064454760183e+00
8.740753812252255450e-02 3.766173626252789841e+00
1.051786439017912134e-01 3.828403378592499795e+00
1.232382053659156207e-01 3.890550944087457719e+00
1.415859771878764384e-01 3.952615898738944811e+00
1.602217099790101407e-01 4.014597775794008783e+00
1.791451502675754370e-01 4.076496069235002295e+00
1.983560404835894575e-01 4.138310236941221021e+00
2.178541189487072927e-01 4.200039703558326565e+00
2.376391198701729712e-01 4.261683863106759063e+00
2.577107733380494814e-01 4.323242081356653443e+00
2.780688053250724989e-01 4.384713697993480430e+00
2.987129376885939713e-01 4.446098028595780960e+00
3.196428881741979477e-01 4.507394366443911338e+00
3.408583704206259446e-01 4.568601984176617670e+00
3.623590939657386767e-01 4.629720135310217088e+00
3.841447642532746509e-01 4.690748055633764402e+00
4.062150826402072257e-01 4.751684964491895258e+00
4.285697464045729599e-01 4.812530065965941795e+00
4.512084487536293653e-01 4.873282549962708821e+00
4.741308788322496359e-01 4.933941593219348221e+00
4.973367217314630939e-01 4.994506360231891762e+00
5.208256584971059366e-01 5.054976004114233312e+00
5.445973661384992948e-01 5.115349667393665811e+00
5.686515176371337299e-01 5.175626482748468149e+00
5.929877819553359686e-01 5.235805573692513981e+00
6.176058240448714098e-01 5.295886055211376231e+00
6.425053048554839608e-01 5.355867034353974709e+00
6.676858813433604878e-01 5.415747610783437693e+00
6.931472064794967913e-01 5.475526877290511685e+00
7.188889292579796475e-01 5.535203920272512512e+00
7.449106947041537197e-01 5.594777820180610206e+00
7.712121438827104214e-01 5.654247651937882146e+00
7.977929139056612051e-01 5.713612485330439306e+00
8.246526379402284723e-01 5.772871385373717246e+00
8.517909452166197992e-01 5.832023412655773065e+00
8.792074610357412112e-01 5.891067623659362873e+00
9.069018067767987690e-01 5.950003071064365656e+00
9.348735999048345402e-01 6.008828804031975501e+00
9.631224539781674254e-01 6.067543868472038859e+00
9.916479786557831355e-01 6.126147307294720790e+00
1.020449779704634352e+00 6.184638160647588201e+00
1.049527459006893704e+00 6.243015466139238079e+00
1.078880614567144791e+00 6.301278259050283381e+00
1.108508840519509819e+00 6.359425572532678927e+00
1.138411727134741369e+00 6.417456437798112923e+00
1.168588860827265208e+00 6.475369884296248379e+00
1.199039824162185797e+00 6.533164939883476130e+00
1.229764195862249831e+00 6.590840630982806481e+00
1.260761550814785581e+00 6.648395982735510579e+00
1.292031460078616023e+00 6.705830019145001764e+00
1.323573490890936677e+00 6.763141763213511126e+00
1.355387206674197431e+00 6.820330237071948076e+00
1.387472167042936633e+00 6.877394462103497474e+00
1.419827927810627166e+00 6.934333459061174487e+00
1.452454040996513429e+00 6.991146248179884282e+00
1.485350054832417444e+00 7.047831849283208605e+00
1.518515513769564285e+00 7.104389281885294949e+00
1.551949958485399073e+00 7.160817565288112974e+00
1.585652925890397524e+00 7.217115718674396163e+00
1.619623949134902707e+00 7.273282761196488977e+00
1.653862557615935591e+00 7.329317712061351742e+00
1.688368276984041572e+00 7.385219590611938223e+00
1.723140629150127001e+00 7.440987416405192789e+00
1.758179132292329472e+00 7.496620209286810166e+00
1.793483300862876773e+00 7.552116989462968277e+00
1.829052645594980708e+00 7.607476777569209148e+00
1.864886673509737802e+00 7.662698594736601976e+00
1.900984887923055311e+00 7.717781462655395330e+00
1.937346788452593227e+00 7.772724403636189550e+00
1.973971871024732039e+00 7.827526440668910901e+00
2.010859627881547151e+00 7.882186597479546641e+00
2.048009547587837265e+00 7.936703898584902994e+00
2.085421115038145423e+00 7.991077369345392256e+00
2.123093811463831138e+00 8.045306036016004470e+00
2.161027114440153163e+00 8.099388925795537375e+00
2.199220497893386916e+00 8.153325066874161919e+00
2.237673432107979199e+00 8.207113488479462760e+00
2.276385383733705581e+00 8.260753220920962647e+00
2.315355815792891736e+00 8.314243295633234609e+00
2.354584187687649877e+00 8.367582745217722717e+00
2.394069955207128064e+00 8.420770603483216377e+00
2.433812570534845676e+00 8.473805905485185974e+00
2.473811482255987126e+00 8.526687687563919482e+00
2.514066135364807053e+00 8.579414987381584368e+00
2.554575971272001311e+00 8.631986843958253885e+00
2.595340427812172113e+00 8.684402297706910190e+00
2.636358939251269184e+00 8.736660390467511306e+00
2.677630936294118857e+00 8.788760165540191238e+00
2.719155846091961592e+00 8.840700667717550587e+00
2.760933092250029919e+00 8.892480943316144248e+00
2.802962094835161011e+00 8.944100040207180413e+00
2.845242270383450123e+00 8.995557007846487707e+00
2.887773031907946653e+00 9.046850897303739814e+00
2.930553788906373747e+00 9.097980761291022844e+00
2.973583947368904301e+00 9.148945654190717036e+00
3.016862909785945845e+00 9.199744632082790474e+00
3.060390075156004475e+00 9.250376752771456879e+00
3.104164838993541675e+00 9.300841075811284497e+00
3.148186593336911976e+00 9.351136662532754329e+00
3.192454726756310812e+00 9.401262576067271226e+00
3.236968624361772573e+00 9.451217881371695384e+00
3.281727667811207283e+00 9.501001645252404870e+00
3.326731235318467039e+00 9.550612936388796825e+00
3.371978701661472400e+00 9.600050825356504447e+00
3.417469438190363640e+00 9.649314384650045540e+00
3.463202812835685318e+00 9.698402688705128227e+00
3.509178190116621021e+00 9.747314813920542775e+00
3.555394931149277848e+00 9.796049838679682153e+00
3.601852393654982443e+00 9.844606843371694893e+00
3.648549931968643634e+00 9.892984910412288002e+00
3.695486897047141284e+00 9.941183124264176385e+00
3.742662636477750659e+00 9.989200571457242717e+00
3.790076494486631642e+00 1.003703634060834382e+01
3.837727811947326373e+00 1.008468952244084882e+01
3.885615926389318631e+00 1.013215920980386997e+01
3.933740172006621183e+00 1.017944449769119508e+01
3.982099879666400444e+00 1.022654448325997301e+01
4.030694376917677069e+00 1.027345826584916111e+01
4.079522988000006123e+00 1.032018494699766720e+01
4.128585033852240294e+00 1.036672363046226231e+01
4.177879832121331738e+00 1.041307342223529808e+01
4.227406697171156580e+00 1.045923343056214705e+01
4.277164940091377154e+00 1.050520276595842439e+01
4.327153868706381523e+00 1.055098054122706230e+01
4.377372787584196345e+00 1.059656587147506102e+01
4.427820998045521428e+00 1.064195787413018301e+01
4.478497798172728750e+00 1.068715566895731151e+01
4.529402482818953857e+00 1.073215837807472006e+01
4.580534343617195248e+00 1.077696512597012735e+01
4.631892668989467943e+00 1.082157503951656174e+01
4.683476744155998794e+00 1.086598724798808036e+01
4.735285851144451996e+00 1.091020088307529257e+01
4.787319268799214100e+00 1.095421507890076462e+01
4.839576272790662159e+00 1.099802897203419150e+01
4.892056135624561541e+00 1.104164170150752433e+01
4.944758126651424668e+00 1.108505240882983145e+01
4.997681512075947019e+00 1.112826023800212205e+01
5.050825554966464459e+00 1.117126433553193188e+01
5.104189515264469179e+00 1.121406385044785203e+01
5.157772649794152287e+00 1.125665793431387840e+01
5.211574212271976592e+00 1.129904574124363492e+01
5.265593453316311567e+00 1.134122642791449032e+01
5.319829620457087849e+00 1.138319915358152912e+01
5.374281958145490812e+00 1.142496308009139305e+01
5.428949707763704779e+00 1.146651737189606202e+01
5.483832107634697195e+00 1.150786119606644320e+01
5.538928393031999242e+00 1.154899372230587673e+01
5.594237796189611700e+00 1.158991412296357382e+01
5.649759546311838854e+00 1.163062157304787014e+01
5.705492869583271620e+00 1.167111525023942775e+01
5.761436989178706725e+00 1.171139433490432502e+01
5.817591125273173347e+00 1.175145801010701163e+01
5.873954495051978419e+00 1.179130546162322091e+01
5.930526312720778570e+00 1.183093587795272938e+01
5.987305789515700916e+00 1.187034845033207020e+01
6.044292133713494941e+00 1.190954237274709548e+01
6.101484550641722571e+00 1.194851684194549968e+01
6.158882242688988207e+00 1.198727105744924160e+01
6.216484409315222059e+00 1.202580422156683326e+01
6.274290247061946602e+00 1.206411553940559678e+01
6.332298949562644275e+00 1.210220421888381814e+01
6.390509707553134078e+00 1.214006947074281939e+01
6.448921708881970360e+00 1.217771050855890103e+01
6.507534138520892242e+00 1.221512654875528625e+01
6.566346178575330761e+00 1.225231681061393907e+01
6.625357008294892047e+00 1.228928051628724916e+01
6.684565804083962171e+00 1.232601689080977891e+01
6.743971739512272912e+00 1.236252516210978136e+01
6.803573985325524376e+00 1.239880456102073758e+01
6.863371709456068004e+00 1.243485432129279289e+01
6.923364077033607344e+00 1.247067367960411843e+01
6.983550250395923698e+00 1.250626187557218039e+01
7.043929389099643501e+00 1.254161815176497718e+01
7.104500649931069667e+00 1.257674175371217906e+01
7.165263186917001370e+00 1.261163192991618764e+01
7.226216151335601801e+00 1.264628793186315825e+01
7.287358691727359172e+00 1.268070901403392980e+01
7.348689953905960692e+00 1.271489443391489260e+01
7.410209080969347717e+00 1.274884345200878499e+01
7.471915213310664328e+00 1.278255533184543502e+01
7.533807488629356897e+00 1.281602933999242921e+01
7.595885041942228355e+00 1.284926474606569968e+01
7.658147005594562629e+00 1.288226082274008100e+01
7.720592509271282822e+00 1.291501684575977826e+01
7.783220680008130721e+00 1.294753209394876592e+01
7.846030642202882710e+00 1.297980584922115810e+01
7.909021517626605657e+00 1.301183739659147420e+01
7.972192425434937668e+00 1.304362602418485828e+01
8.035542482179419466e+00 1.307517102324727887e+01
8.099070801818825771e+00 1.310647168815558672e+01
8.162776495730561521e+00 1.313752731642756721e+01
8.226658672722072296e+00 1.316833720873192881e+01
8.290716439042308039e+00 1.319890066889821867e+01
8.354948898393180556e+00 1.322921700392668853e+01
8.419355151941100956e+00 1.325928552399809313e+01
8.483934298328513535e+00 1.328910554248342102e+01
8.548685433685466961e+00 1.331867637595360421e+01
8.613607651641251195e+00 1.334799734418914241e+01
8.678700043336002423e+00 1.337706777018963500e+01
8.743961697432402147e+00 1.340588698018336622e+01
8.809391700127370939e+00 1.343445430363668436e+01
8.874989135163819043e+00 1.346276907326346084e+01
8.940753083842372106e+00 1.349083062503437880e+01
9.006682625033239020e+00 1.351863829818629092e+01
9.072776835187958966e+00 1.354619143523136771e+01
9.139034788351322547e+00 1.357348938196634869e+01
9.205455556173237852e+00 1.360053148748160901e+01
9.272038207920646258e+00 1.362731710417025077e+01
9.338781810489475532e+00 1.365384558773710566e+01
9.405685428416624916e+00 1.368011629720770017e+01
9.472748123891967964e+00 1.370612859493711788e+01
9.539968956770414010e+00 1.373188184661892919e+01
9.607346984583932326e+00 1.375737542129387947e+01
9.674881262553693517e+00 1.378260869135870159e+01
9.742570843602177177e+00 1.380758103257477920e+01
9.810414778365332822e+00 1.383229182407676205e+01
9.878412115204771027e+00 1.385674044838117425e+01
9.946561900219961672e+00 1.388092629139490342e+01
1.001486317726049258e+01 1.390484874242370239e+01
1.008331498793833525e+01 1.392850719418060201e+01
1.015191637164015326e+01 1.395190104279423515e+01
1.022066636553962304e+01 1.397502968781721400e+01
1.028956400460977072e+01 1.399789253223434571e+01
1.035860832163538170e+01 1.402048898247083031e+01
1.042779834722542986e+01 1.404281844840046034e+01
1.049713310982545522e+01 1.406488034335368020e+01
1.056661163573008899e+01 1.408667408412565258e+01
1.063623294909552364e+01 1.410819909098425740e+01
1.070599607195202374e+01 1.412945478767801788e+01
1.077590002421649729e+01 1.415044060144404270e+01
1.084594382370504206e+01 1.417115596301578151e+01
1.091612648614557912e+01 1.419160030663089067e+01
1.098644702519043115e+01 1.421177307003893731e+01
1.105690445242903763e+01 1.423167369450909270e+01
1.112749777740058121e+01 1.425130162483774576e+01
1.119822600760672948e+01 1.427065630935613072e+01
1.126908814852432528e+01 1.428973719993777891e+01
1.134008320361819244e+01 1.430854375200608253e+01
1.141121017435387230e+01 1.432707542454167182e+01
1.148246806021047206e+01 1.434533168008979231e+01
1.155385585869345455e+01 1.436331198476763227e+01
1.162537256534751862e+01 1.438101580827160753e+01
1.169701717376949190e+01 1.439844262388456997e+01
1.176878867562119702e+01 1.441559190848297334e+01
1.184068606064243312e+01 1.443246314254400353e+01
1.191270831666387942e+01 1.444905581015263607e+01
1.198485442962013359e+01 1.446536939900866336e+01
1.205712338356263658e+01 1.448140340043360830e+01
1.212951416067277499e+01 1.449715730937772484e+01
1.220202574127487871e+01 1.451263062442678020e+01
1.227465710384932684e+01 1.452782284780889732e+01
1.234740722504561639e+01 1.454273348540132993e+01
1.242027507969550371e+01 1.455736204673713452e+01
1.249325964082614604e+01 1.457170804501184769e+01
1.256635987967322521e+01 1.458577099709008174e+01
1.263957476569420280e+01 1.459955042351209542e+01
1.271290326658148828e+01 1.461304584850028121e+01
1.278634434827566579e+01 1.462625679996560812e+01
1.285989697497877238e+01 1.463918280951405215e+01
1.293356010916755494e+01 1.465182341245292008e+01
1.300733271160676807e+01 1.466417814779714490e+01
1.308121374136252513e+01 1.467624655827556879e+01
1.315520215581556940e+01 1.468802819033708396e+01
1.322929691067470870e+01 1.469952259415682150e+01
1.330349695999016291e+01 1.471072932364223718e+01
1.337780125616695770e+01 1.472164793643911018e+01
1.345220874997838933e+01 1.473227799393762183e+01
1.352671839057939884e+01 1.474261906127819621e+01
1.360132912552011497e+01 1.475267070735744390e+01
1.367603990075928877e+01 1.476243250483400971e+01
1.375084966067780456e+01 1.477190403013432096e+01
1.382575734809221579e+01 1.478108486345834294e+01
1.390076190426828617e+01 1.478997458878526317e+01
1.397586226893454331e+01 1.479857279387912783e+01
1.405105738029587137e+01 1.480687907029437334e+01
1.412634617504710732e+01 1.481489301338144848e+01
1.420172758838666383e+01 1.482261422229221104e+01
1.427720055403016453e+01 1.483004229998538825e+01
1.435276400422409182e+01 1.483717685323193969e+01
1.442841686975948789e+01 1.484401749262040759e+01
1.450415807998563622e+01 1.485056383256216606e+01
1.457998656282374306e+01 1.485681549129662216e+01
1.465590124478074152e+01 1.486277209089645623e+01
1.473190105096295532e+01 1.486843325727265963e+01
1.480798490508991172e+01 1.487379862017964349e+01
1.488415172950809229e+01 1.487886781322025165e+01
1.496040044520479917e+01 1.488364047385071842e+01
1.503672997182186144e+01 1.488811624338557849e+01
1.511313922766958662e+01 1.489229476700254473e+01
1.518962712974050078e+01 1.489617569374729023e+01
1.526619259372330006e+01 1.489975867653822128e+01
1.534283453401666719e+01 1.490304337217118658e+01
1.541955186374323716e+01 1.490602944132412411e+01
1.549634349476343154e+01 1.490871654856168327e+01
1.557320833768946500e+01 1.491110436233972258e+01
1.565014530189921160e+01 1.491319255500987673e+01
1.572715329555025221e+01 1.491498080282396721e+01
1.580423122559375315e+01 1.491646878593838643e+01
1.588137799778854742e+01 1.491765618841849594e+01
1.595859251671506662e+01 1.491854269824284884e+01
1.603587368578941152e+01 1.491912800730746547e+01
1.611322040727733551e+01 1.491941181143003092e+01
1.619063158230836663e+01 1.491939381035404644e+01
1.626810611088976444e+01 1.491907370775283326e+01
1.634564289192070774e+01 1.491845121123366447e+01
1.642324082320628875e+01 1.491752603234168362e+01
1.650089880147168486e+01 1.491629788656387312e+01
1.657861572237621317e+01 1.491476649333288407e+01
1.665639048052753779e+01 1.491293157603092290e+01
1.673422196949571727e+01 1.491079286199346754e+01
1.681210908182744390e+01 1.490835008251302263e+01
1.689005070906012307e+01 1.490560297284276281e+01
1.696804574173617297e+01 1.490255127220021514e+01
1.704609306941708624e+01 1.489919472377068921e+01
1.712419158069771541e+01 1.489553307471097021e+01
1.720234016322048376e+01 1.489156607615263006e+01
1.728053770368953579e+01 1.488729348320549661e+01
1.735878308788510438e+01 1.488271505496103586e+01
1.743707520067763639e+01 1.487783055449559022e+01
1.751541292604213140e+01 1.487263974887368612e+01
1.759379514707237746e+01 1.486714240915121543e+01
1.767222074599524007e+01 1.486133831037858677e+01
1.775068860418497252e+01 1.485522723160380032e+01
1.782919760217748006e+01 1.484880895587553162e+01
1.790774661968467285e+01 1.484208327024608387e+01
1.798633453560876205e+01 1.483504996577434376e+01
1.806496022805660928e+01 1.482770883752867519e+01
1.814362257435406889e+01 1.482005968458973300e+01
1.822232045106030895e+01 1.481210231005328026e+01
1.830105273398223176e+01 1.480383652103286884e+01
1.837981829818876633e+01 1.479526212866254475e+01
1.845861601802530672e+01 1.478637894809948250e+01
1.853744476712810041e+01 1.477718679852655193e+01
1.861630341843859782e+01 1.476768550315481399e+01
1.869519084421787269e+01 1.475787488922600765e+01
1.877410591606108881e+01 1.474775478801497286e+01
1.885304750491183157e+01 1.473732503483200240e+01
1.893201448107660312e+01 1.472658546902514232e+01
1.901100571423922503e+01 1.471553593398246562e+01
1.909002007347528362e+01 1.470417627713427144e+01
1.916905642726661085e+01 1.469250634995525928e+01
1.924811364351568699e+01 1.468052600796657536e+01
1.932719058956013569e+01 1.466823511073791053e+01
1.940628613218720844e+01 1.465563352188948265e+01
1.948539913764821918e+01 1.464272110909396218e+01
1.956452847167307851e+01 1.462949774407837644e+01
1.964367299948473544e+01 1.461596330262594812e+01
1.972283158581369733e+01 1.460211766457788762e+01
1.980200309491252142e+01 1.458796071383511084e+01
1.988118639057031700e+01 1.457349233835989644e+01
1.996038033612726892e+01 1.455871243017757699e+01
2.003958379448914684e+01 1.454362088537806130e+01
2.011879562814181099e+01 1.452821760411736030e+01
2.019801469916577474e+01 1.451250249061908981e+01
2.027723986925069255e+01 1.449647545317584907e+01
2.035646999970992965e+01 1.448013640415060088e+01
2.043570395149505359e+01 1.446348525997798440e+01
2.051494058521044295e+01 1.444652194116558164e+01
2.059417876112778245e+01 1.442924637229510054e+01
2.067341733920062907e+01 1.441165848202356159e+01
2.075265517907894974e+01 1.439375820308434939e+01
2.083189114012371945e+01 1.437554547228832824e+01
2.091112408142141987e+01 1.435702023052477116e+01
2.099035286179865878e+01 1.433818242276235821e+01
2.106957633983672196e+01 1.431903199805002735e+01
2.114879337388608249e+01 1.429956890951781112e+01
2.122800282208104861e+01 1.427979311437767151e+01
2.130720354235430491e+01 1.425970457392417501e+01
2.138639439245148566e+01 1.423930325353520665e+01
2.146557422994574083e+01 1.421858912267258823e+01
2.154474191225229873e+01 1.419756215488264139e+01
2.162389629664310320e+01 1.417622232779674363e+01
2.170303624026132638e+01 1.415456962313173683e+01
2.178216060013601307e+01 1.413260402669041760e+01
2.186126823319656864e+01 1.411032552836184628e+01
2.194035799628744954e+01 1.408773412212169340e+01
2.201942874618267965e+01 1.406482980603246169e+01
2.209847933960042710e+01 1.404161258224374897e+01
2.217750863321760946e+01 1.401808245699233346e+01
2.225651548368450605e+01 1.399423944060234426e+01
2.233549874763924237e+01 1.397008354748524894e+01
2.241445728172246987e+01 1.394561479613988375e+01
2.249338994259191082e+01 1.392083320915240208e+01
2.257229558693691729e+01 1.389573881319615190e+01
2.265117307149308346e+01 1.387033163903152122e+01
2.273002125305677268e+01 1.384461172150570007e+01
2.280883898849978308e+01 1.381857909955246910e+01
2.288762513478379645e+01 1.379223381619182298e+01
2.296637854897507935e+01 1.376557591852965423e+01
2.304509808825891071e+01 1.373860545775725761e+01
2.312378260995430779e+01 1.371132248915094287e+01
2.320243097152845024e+01 1.368372707207140593e+01
2.328104203061137056e+01 1.365581926996328654e+01
2.335961464501035323e+01 1.362759915035436187e+01
2.343814767272466781e+01 1.359906678485501708e+01
2.351663997195998590e+01 1.357022224915740871e+01
2.359509040114300760e+01 1.354106562303474171e+01
2.367349781893595662e+01 1.351159699034034567e+01
2.375186108425117837e+01 1.348181643900686844e+01
2.383017905626564215e+01 1.345172406104530083e+01
2.390845059443545395e+01 1.342131995254391974e+01
2.398667455851042618e+01 1.339060421366732534e+01
2.406484980854861533e+01 1.335957694865528289e+01
2.414297520493080640e+01 1.332823826582158766e+01
2.422104960837502219e+01 1.329658827755284811e+01
2.429907187995105744e+01 1.326462710030723180e+01
2.437704088109499168e+01 1.323235485461314909e+01
2.445495547362368427e+01 1.319977166506790489e+01
2.453281451974921978e+01 1.316687766033625806e+01
2.461061688209349896e+01 1.313367297314896298e+01
2.468836142370260589e+01 1.310015774030126856e+01
2.476604700806135995e+01 1.306633210265132128e+01
2.484367249910777886e+01 1.303219620511855226e+01
2.492123676124750986e+01 1.299775019668199860e+01
2.499873865936831407e+01 1.296299423037860166e+01
2.507617705885449766e+01 1.292792846330137024e+01
2.515355082560137134e+01 1.289255305659760786e+01
2.523085882602969576e+01 1.285686817546701377e+01
2.530809992710006284e+01 1.282087398915969523e+01
2.538527299632735179e+01 1.278457067097430588e+01
2.546237690179513891e+01 1.274795839825584309e+01
2.553941051217011093e+01 1.271103735239372234e+01
2.561637269671643935e+01 1.267380771881951063e+01
2.569326232531015108e+01 1.263626968700479836e+01
2.577007826845358807e+01 1.259842345045895406e+01
2.584681939728968558e+01 1.256026920672678138e+01
2.592348458361637498e+01 1.252180715738625238e+01
2.600007269990092240e+01 1.248303750804601897e+01
2.607658261929430310e+01 1.244396046834302183e+01
2.615301321564551884e+01 1.240457625193999647e+01
2.622936336351587983e+01 1.236488507652285307e+01
2.630563193819337542e+01 1.232488716379816829e+01
2.638181781570697382e+01 1.228458273949045321e+01
2.645791987284086488e+01 1.224397203333948703e+01
2.653393698714881666e+01 1.220305527909754595e+01
2.660986803696834713e+01 1.216183271452657522e+01
2.668571190143510918e+01 1.212030458139539491e+01
2.676146746049704461e+01 1.207847112547672452e+01
2.683713359492866601e+01 1.203633259654423071e+01
2.691270918634527121e+01 1.199388924836955894e+01
2.698819311721717185e+01 1.195114133871923556e+01
2.706358427088387586e+01 1.190808912935153785e+01
2.713888153156833027e+01 1.186473288601339249e+01
2.721408378439101483e+01 1.182107287843706445e+01
2.728918991538421324e+01 1.177710938033701460e+01
2.736419881150607125e+01 1.173284266940645360e+01
2.743910936065485018e+01 1.168827302731409112e+01
2.751392045168293876e+01 1.164340073970062583e+01
2.758863097441104628e+01 1.159822609617533651e+01
2.766323981964228551e+01 1.155274939031254000e+01
2.773774587917628409e+01 1.150697091964803676e+01
2.781214804582322131e+01 1.146089098567546571e+01
2.788644521341792526e+01 1.141450989384266990e+01
