npts 513 dfreq 1.000000000000000021e-02
-0.000000000000000000e+00 -0.000000000000000000e+00
-7.630912014285219635e-09 -3.308981195232219636e-08
-4.564278187914664121e-07 -9.478148032341454970e-07
-4.665177141600635947e-06 -5.980694249428261521e-06
-2.271292322889277508e-05 -1.937102475159960214e-05
-7.297673427435690755e-05 -4.152569065013689335e-05
-1.795769045773013863e-04 -6.407711982646991679e-05
-3.672990183995081758e-04 -6.774606856695850564e-05
-6.566752822567680989e-04 -2.347113491790895018e-05
-1.060904887449553398e-03 1.045041478311146602e-04
-1.584851104987171702e-03 3.551644201621179239e-04
-2.225522540769054279e-03 7.678670220228959705e-04
-2.973291478934436682e-03 1.380423047358697022e-03
-3.813290639135024414e-03 2.228030905300174870e-03
-4.726680327225746964e-03 3.342826858718785880e-03
-5.691667195503797259e-03 4.753815748211706778e-03
-6.684264316861416103e-03 6.487001226866125764e-03
-7.678830558965375926e-03 8.565597447198541534e-03
-8.648440607593971957e-03 1.101025386685571678e-02
-9.565133806102563141e-03 1.383925848971260565e-02
-1.040008088821095522e-02 1.706870533070139334e-02
-1.112369788260282426e-02 2.071262324773391963e-02
-1.170572803675274699e-02 2.478306894116525522e-02
-1.211530607032194548e-02 2.929018928216366169e-02
-1.232101429331622020e-02 3.424225872306706220e-02
-1.229093676663545014e-02 3.964569727084799045e-02
-1.199271538279959165e-02 4.550507387506111390e-02
-1.139361019866086053e-02 5.182309935913269328e-02
-1.046056532697312545e-02 5.860061233564634042e-02
-9.160281020852121397e-03 6.583656094417755789e-02
-7.459292146029732756e-03 7.352798274721213112e-02
-5.324052949360181738e-03 8.166998471032341222e-02
-2.721027843821749882e-03 9.025572486419153329e-02
3.832121957610860690e-04 9.927639698344586927e-02
4.021888119375770058e-03 1.087212194066782406e-01
8.227906727645216758e-03 1.185774289510824753e-01
1.303375064307300650e-02 1.288302807338872757e-01
1.847136497392608614e-02 1.394630545929061716e-01
2.457204135366654330e-02 1.504570686937260204e-01
3.136630007093020589e-02 1.617917008163519965e-01
3.888377103415025654e-02 1.734444177257869202e-01
4.715307434101320000e-02 1.853908129463209264e-01
5.620170124558362262e-02 1.976046531762576941e-01
6.605589633450018039e-02 2.100579334971388046e-01
7.674054173735793405e-02 2.227209414484319083e-01
8.827904420446971989e-02 2.355623299547833227e-01
1.006932258868732943e-01 2.485491990082856206e-01
1.140032196480436355e-01 2.616471859230585784e-01
1.282273697236751275e-01 2.748205638942800566e-01
1.433821385246882296e-01 2.880323485093524982e-01
1.594820203489342725e-01 3.012444117759501827e-01
1.765394627288144058e-01 3.144176031512445624e-01
1.945647960951564226e-01 3.275118769796206419e-01
2.135661723824418823e-01 3.404864256737593631e-01
2.335495131371627953e-01 3.532998179070890310e-01
2.545184676202712493e-01 3.659101410253571829e-01
2.764743813170437714e-01 3.782751468323654054e-01
2.994162751840713232e-01 3.903523998606805989e-01
3.233408358744763733e-01 4.020994272031016004e-01
3.482424170899582339e-01 4.134738689555028657e-01
3.741130521130714426e-01 4.244336283068649296e-01
4.009424774765195654e-01 4.349370203081715514e-01
4.287181676295057087e-01 4.449429183585505432e-01
4.574253803656698203e-01 4.544108974645225674e-01
4.870472126841660088e-01 4.633013733563148273e-01
5.175646666663024087e-01 4.715757365834520876e-01
5.489567248660596199e-01 4.791964807597388631e-01
5.812004346349181061e-01 4.861273241845380233e-01
6.142710007307118358e-01 4.923333241320665965e-01
6.481418854976114252e-01 4.977809831722809775e-01
6.827849158505564509e-01 5.024383469646992451e-01
7.181703962530717744e-01 5.062750930490489409e-01
7.542672268428195492e-01 5.092626102426500712e-01
7.910430258347187493e-01 5.113740683427723255e-01
8.284642553170061818e-01 5.125844779214727698e-01
8.664963495511969205e-01 5.128707400894708668e-01
9.051038448921585600e-01 5.122116861932171084e-01
9.442505104591013554e-01 5.105881074943291464e-01
9.838994787116153162e-01 5.079827749620098309e-01
1.024013375116272329e+00 5.043804493859335158e-01
1.064554446128029630e+00 4.997678820886301554e-01
1.105484684755811298e+00 4.941338065818786651e-01
1.146765953032358842e+00 4.874689215705212963e-01
1.188360100763729665e+00 4.797658657589664588e-01
1.230229079992780417e+00 4.710191849602357594e-01
1.272335054672550259e+00 4.612252920444868121e-01
1.314640505108848112e+00 4.503824202935802767e-01
1.357108326795492204e+00 4.384905707504729855e-01
1.399701923329808917e+00 4.255514541672181794e-01
1.442385293159331061e+00 4.115684281634822139e-01
1.485123109972408706e+00 3.965464302090091486e-01
1.527880796605040281e+00 3.804919070389821134e-01
1.570624592393074170e+00 3.634127411010577013e-01
1.613321613952530154e+00 3.453181746176908762e-01
1.655939909420798495e+00 3.262187318276911219e-01
1.698448506237534072e+00 3.061261399473646505e-01
1.740817452585974312e+00 2.850532493647371379e-01
1.783017852653076885e+00 2.630139535507138859e-01
1.825021895900115876e+00 2.400231091392833749e-01
1.866802880564319533e+00 2.160964565954791028e-01
1.908335231636715923e+00 1.912505418553370751e-01
1.949594513581798028e+00 1.655026392870076746e-01
1.990557438080961861e+00 1.388706762868949507e-01
2.031201867094250435e+00 1.113731597897005682e-01
2.071506811543781801e+00 8.302910493675502712e-02
2.111452425927877297e+00 5.385796611351677948e-02
2.151019999177210540e+00 2.387957053470453339e-02
2.190191942064046771e+00 -6.885945475449074295e-03
2.228951771472623467e+00 -3.841819738975880277e-02
2.267284091833527082e+00 -7.069661048109732171e-02
2.305174574017829769e+00 -1.037004748573724794e-01
2.342609931977772675e+00 -1.374089974879642850e-01
2.379577897410576348e+00 -1.718013512031680012e-01
2.416067192710385392e+00 -2.068567206682841719e-01
2.452067502460917314e+00 -2.425543453521483150e-01
2.487569443708259165e+00 -2.788735595261460087e-01
2.522564535239455452e+00 -3.157938293441530098e-01
2.557045166078556253e+00 -3.532947870664546186e-01
2.591004563397509397e+00 -3.913562625015616359e-01
2.624436760025067539e+00 -4.299583117491507789e-01
2.657336561722656754e+00 -4.690812433350519672e-01
2.689699514382331014e+00 -5.087056418355674348e-01
2.721521871288167915e+00 -5.488123890933399585e-01
2.752800560569403476e+00 -5.893826831308106584e-01
2.783533152960694146e+00 -6.303980548699157360e-01
2.813717829972807838e+00 -6.718403827683437912e-01
2.843353352565278325e+00 -7.136919054833934517e-01
2.872439030401542581e+00 -7.559352326743933315e-01
2.900974691756657453e+00 -7.985533540538654051e-01
2.928960654137809261e+00 -8.415296467961417282e-01
2.956397695668745662e+00 -8.848478814102246348e-01
2.983287027280672632e+00 -9.284922261812025290e-01
3.009630265744264843e+00 -9.724472502817006481e-01
3.035429407570172877e+00 -1.016697925651706802e+00
3.060686803798688960e+00 -1.061229627741655301e+00
3.085405135693192857e+00 -1.106028135210038954e+00
3.109587391346359642e+00 -1.151079628663016274e+00
3.133236843203219824e+00 -1.196370688519586611e+00
3.156357026500537177e+00 -1.241888292081916756e+00
3.178951718618054034e+00 -1.287619809886419775e+00
3.201024919333498087e+00 -1.333553001407159933e+00
3.222580831970166759e+00 -1.379676010179192502e+00
3.243623845423093233e+00 -1.425977358405497997e+00
3.264158517047482722e+00 -1.472445941107341838e+00
3.284189556390991971e+00 -1.519071019874105311e+00
3.303721809749762262e+00 -1.565842216264953457e+00
3.322760245526634737e+00 -1.612749504911193732e+00
3.341309940368839548e+00 -1.659783206364723540e+00
3.359376066061457333e+00 -1.706933979734694073e+00
3.376963877152327154e+00 -1.754192815151342622e+00
3.394078699283443079e+00 -1.801551026092942376e+00
3.410725918203654672e+00 -1.849000241608953043e+00
3.426910969437195753e+00 -1.896532398469700453e+00
3.442639328582643099e+00 -1.944139733270394022e+00
3.457916502216842769e+00 -1.991814774514730102e+00
3.472748019378678830e+00 -2.039550334701151879e+00
3.487139423607770627e+00 -2.087339502432599581e+00
3.501096265513537364e+00 -2.135175634568541980e+00
3.514624095850589658e+00 -2.183052348436222534e+00
3.527728459076827860e+00 -2.230963514116222068e+00
3.540414887371255759e+00 -2.278903246815809247e+00
3.552688895089032961e+00 -2.326865899341993504e+00
3.564555973632030472e+00 -2.374846054684765839e+00
3.576021586713658884e+00 -2.422838518719658829e+00
3.587091165997593034e+00 -2.470838313037562628e+00
3.597770107090554337e+00 -2.518840667908558650e+00
3.608063765870104245e+00 -2.566841015385518343e+00
3.617977455129080422e+00 -2.614834982552225462e+00
3.627516441518991108e+00 -2.662818384919923620e+00
3.636685942775444769e+00 -2.710787219975360873e+00
3.645491125209310734e+00 -2.758737660882674803e+00
3.653937101448076596e+00 -2.806666050340810514e+00
3.662028928412465856e+00 -2.854568894597518725e+00
3.669771605514108970e+00 -2.902442857620460170e+00
3.677170073060680888e+00 -2.950284755425450545e+00
3.684229210855539449e+00 -2.998091550561372554e+00
3.690953836979555813e+00 -3.045860346751002812e+00
3.697348706743359692e+00 -3.093588383686486587e+00
3.703418511798913126e+00 -3.141273031978038421e+00
3.709167879399750678e+00 -3.188911788254030544e+00
3.714601371799869600e+00 -3.236502270410468896e+00
3.719723485781738503e+00 -3.284042213007606570e+00
3.724538652304396624e+00 -3.331529462811284148e+00
3.729051236263098090e+00 -3.378961974476384800e+00
3.733265536352412539e+00 -3.426337806369703642e+00
3.737185785025175733e+00 -3.473655116529376752e+00
3.740816148540053732e+00 -3.520912158757969479e+00
3.744160727090919405e+00 -3.568107278846188279e+00
3.747223555011648610e+00 -3.615238910924182036e+00
3.750008601050283552e+00 -3.662305573937314929e+00
3.752519768706866987e+00 -3.709305868243295112e+00
3.754760896629601330e+00 -3.756238472327457334e+00
3.756735759064316227e+00 -3.803102139633145917e+00
3.758448066352502615e+00 -3.849895695503934956e+00
3.759901465473484805e+00 -3.896618034234618388e+00
3.761099540626569482e+00 -3.943268116227832465e+00
3.762045813849277831e+00 -3.989844965253212639e+00
3.762743745668012174e+00 -4.036347665806057528e+00
3.763196735777733615e+00 -4.082775360562441946e+00
3.763408123747449707e+00 -4.129127247927852018e+00
3.763381189748563838e+00 -4.175402579676383397e+00
3.763119155303247698e+00 -4.221600658677641782e+00
3.762625184050302440e+00 -4.267720836708554621e+00
3.761902382526030042e+00 -4.313762512347285139e+00
3.760953800957886450e+00 -4.359725128946585038e+00
3.759782434068863477e+00 -4.405608172683932899e+00
3.758391221890564626e+00 -4.451411170685875440e+00
3.756783050583258454e+00 -4.497133689224053654e+00
3.754960753261188611e+00 -4.542775331980497988e+00
3.752927110821591139e+00 -4.588335738379727857e+00
3.750684852776020595e+00 -4.633814581985412850e+00
3.748236658082622075e+00 -4.679211568959266820e+00
3.745585155978170544e+00 -4.724526436580060995e+00
3.742732926808708616e+00 -4.769758951820504578e+00
3.739682502857822666e+00 -4.814908909980038842e+00
3.736436369171523886e+00 -4.859976133371453066e+00
3.732996964378956228e+00 -4.904960470059431366e+00
3.729366681508064829e+00 -4.949861792649093317e+00
3.725547868795572981e+00 -4.994679997122744020e+00
3.721542830490569553e+00 -5.039415001723024368e+00
3.717353827651127318e+00 -5.084066745880779337e+00
3.712983078933403736e+00 -5.128635189185963839e+00
3.708432761372799646e+00 -5.173120310400018518e+00
3.703705011156649185e+00 -5.217522106508096336e+00
3.698801924388143370e+00 -5.261840591809757051e+00
3.693725557841104568e+00 -5.306075797046515774e+00
3.688477929705313407e+00 -5.350227768565069653e+00
3.683061020322133228e+00 -5.394296567514631491e+00
3.677476772910204694e+00 -5.438282269077218345e+00
3.671727094281021397e+00 -5.482184961729596573e+00
3.665813855544187483e+00 -5.526004746535639889e+00
3.659738892802276933e+00 -5.569741736467988424e+00
3.653504007835140843e+00 -5.613396055757834624e+00
3.647110968773580542e+00 -5.656967839271789700e+00
3.640561510762343467e+00 -5.700457231914731082e+00
3.633857336612388966e+00 -5.743864388057708048e+00
3.627000117442364946e+00 -5.787189470989820173e+00
3.619991493309353547e+00 -5.830432652393261250e+00
3.612833073828857433e+00 -5.873594111840491294e+00
3.605526438784012022e+00 -5.916674036312794094e+00
3.598073138724140474e+00 -5.959672619739309063e+00
3.590474695552649642e+00 -6.002590062555744232e+00
3.582732603104324731e+00 -6.045426571282006556e+00
3.574848327712117690e+00 -6.088182358118018556e+00
3.566823308763491962e+00 -6.130857640556969024e+00
3.558658959246423503e+00 -6.173452641015332532e+00
3.550356666285139351e+00 -6.215967586478988949e+00
3.541917791665701643e+00 -6.258402708164811479e+00
3.533343672351566767e+00 -6.300758241197058851e+00
3.524635620989194251e+00 -6.343034424298103602e+00
3.515794926403859932e+00 -6.385231499492737051e+00
3.506822854085776875e+00 -6.427349711825729450e+00
3.497720646666664379e+00 -6.469389309091906348e+00
3.488489524386872542e+00 -6.511350541578394768e+00
3.479130685553228464e+00 -6.553233661818470779e+00
3.469645306987716893e+00 -6.595038924356559029e+00
3.460034544467139650e+00 -6.636766585523955264e+00
3.450299533153883491e+00 -6.678416903224812629e+00
3.440441388017943414e+00 -6.719990136731975205e+00
3.430461204250372376e+00 -6.761486546492313288e+00
3.420360057668233811e+00 -6.802906393941103858e+00
3.410139005111261667e+00 -6.844249941325131203e+00
3.399799084830330553e+00 -6.885517451534142630e+00
3.389341316867907850e+00 -6.926709187940336854e+00
3.378766703430606366e+00 -6.967825414245527149e+00
3.368076229253988529e+00 -7.008866394335675487e+00
3.357270861959770869e+00 -7.049832392142521442e+00
3.346351552405547380e+00 -7.090723671511991455e+00
3.335319235027205842e+00 -7.131540496079086466e+00
3.324174828174128127e+00 -7.172283129149069403e+00
3.312919234437384119e+00 -7.212951833584583916e+00
3.301553340970938333e+00 -7.253546871698505427e+00
3.290078019806155663e+00 -7.294068505152344173e+00
3.278494128159591625e+00 -7.334516994859873407e+00
3.266802508734311772e+00 -7.374892600895822881e+00
3.255003990014788240e+00 -7.415195582409409347e+00
3.243099386555583941e+00 -7.455426197542542432e+00
3.231089499263844367e+00 -7.495584703352425215e+00
3.218975115675833276e+00 -7.535671355738453592e+00
3.206757010227566873e+00 -7.575686409373188823e+00
3.194435944519671722e+00 -7.615630117637233631e+00
3.182012667576609832e+00 -7.655502732557875056e+00
3.169487916100400149e+00 -7.695304504751280916e+00
3.156862414718880849e+00 -7.735035683368175263e+00
3.144136876228716737e+00 -7.774696516042775229e+00
3.131312001833195691e+00 -7.814287248844874689e+00
3.118388481374970933e+00 -7.853808126234968157e+00
3.105366993563817068e+00 -7.893259391022248828e+00
3.092248206199541105e+00 -7.932641284325355535e+00
3.079032776390105752e+00 -7.971954045535791344e+00
3.065721350765151065e+00 -8.011197912283840594e+00
3.052314565684892234e+00 -8.050373120406936422e+00
3.038813047444635096e+00 -8.089479903920320680e+00
3.025217412474865419e+00 -8.128518494989917187e+00
3.011528267537106895e+00 -8.167489123907346382e+00
2.997746209915609583e+00 -8.206392019066914401e+00
2.983871827604931415e+00 -8.245227406944593440e+00
2.969905699493562867e+00 -8.283995512078805135e+00
2.955848395543610341e+00 -8.322696557053001598e+00
2.941700476966672362e+00 -8.361330762479873613e+00
2.927462496395990321e+00 -8.399898346987276554e+00
2.913134998054944802e+00 -8.438399527205566741e+00
2.898718517921958782e+00 -8.476834517756500986e+00
2.884213583891909405e+00 -8.515203531243493273e+00
2.869620715934154465e+00 -8.553506778243207265e+00
2.854940426247175367e+00 -8.591744467298449095e+00
2.840173219409982686e+00 -8.629916804912241446e+00
2.825319592530285195e+00 -8.668023995543057580e+00
2.810380035389596909e+00 -8.706066241601222444e+00
2.795355030585208400e+00 -8.744043743446242800e+00
2.780245053669251121e+00 -8.781956699385268905e+00
2.765050573284780100e+00 -8.819805305672419493e+00
2.749772051299013587e+00 -8.857589756509039347e+00
2.734409942933790028e+00 -8.895310244044839720e+00
2.718964696893286792e+00 -8.932966958379815026e+00
2.703436755489064147e+00 -8.970560087566981977e+00
2.687826554762497100e+00 -9.008089817615836381e+00
2.672134524604655947e+00 -9.045556332496500929e+00
2.656361088873674614e+00 -9.082959814144553334e+00
2.640506665509712914e+00 -9.120300442466501067e+00
2.624571666647483870e+00 -9.157578395345831623e+00
2.608556498726468220e+00 -9.194793848649608137e+00
2.592461562598852520e+00 -9.231946976235658298e+00
2.576287253635229479e+00 -9.269037949960249989e+00
2.560033961828086291e+00 -9.306066939686177264e+00
2.543702071893209737e+00 -9.343034113291441400e+00
2.527291963368955674e+00 -9.379939636678210846e+00
2.510804010713496570e+00 -9.416783673782260777e+00
2.494238583400082199e+00 -9.453566386582796355e+00
2.477596046010320130e+00 -9.490287935112613482e+00
2.460876758325567515e+00 -9.526948477468572207e+00
2.444081075416451920e+00 -9.563548169822421841e+00
2.427209347730564293e+00 -9.600087166431903185e+00
2.410261921178338707e+00 -9.636565619652127879e+00
2.393239137217257451e+00 -9.672983679947229518e+00
2.376141332934245565e+00 -9.709341495902197750e+00
2.358968841126484861e+00 -9.745639214235030323e+00
2.341721990380540408e+00 -9.781876979808988182e+00
2.324401105149910496e+00 -9.818054935645148973e+00
2.307006505830993870e+00 -9.854173222935035170e+00
2.289538508837553721e+00 -9.890231981053473120e+00
2.271997426673654008e+00 -9.926231347571576435e+00
2.254383568005170257e+00 -9.962171458269892810e+00
2.236697237729832199e+00 -9.998052447151643207e+00
2.218938737045869303e+00 -1.003387444645605164e+01
2.201108363519322708e+00 -1.006963758667189168e+01
2.183206411149973381e+00 -1.010534199655097076e+01
2.165233170435985954e+00 -1.014098780312183834e+01
2.147188928437248290e+00 -1.017657513170343542e+01
2.129073968837476016e+00 -1.021210410591892881e+01
2.110888572005076291e+00 -1.024757484770950633e+01
2.092633015052824952e+00 -1.028298747734827678e+01
2.074307571896341074e+00 -1.031834211345417529e+01
2.055912513311426881e+00 -1.035363887300590768e+01
2.037448106990296992e+00 -1.038887787135593399e+01
2.018914617596675676e+00 -1.042405922224442349e+01
2.000312306819846953e+00 -1.045918303781330039e+01
1.981641433427608900e+00 -1.049424942862016863e+01
1.962902253318244306e+00 -1.052925850365237892e+01
1.944095019571443927e+00 -1.056421037034097665e+01
1.925219982498264981e+00 -1.059910513457466941e+01
1.906277389690093527e+00 -1.063394290071379267e+01
1.887267486066694033e+00 -1.066872377160425600e+01
1.868190513923302376e+00 -1.070344784859139864e+01
1.849046712976837981e+00 -1.073811523153390013e+01
1.829836320411187600e+00 -1.077272601881759329e+01
1.810559570921672412e+00 -1.080728030736925405e+01
1.791216696758623828e+00 -1.084177819267033271e+01
1.771807927770120639e+00 -1.087621976877067453e+01
1.752333491443971658e+00 -1.091060512830216211e+01
1.732793612948805739e+00 -1.094493436249227969e+01
1.713188515174469684e+00 -1.097920756117767027e+01
1.693518418771585932e+00 -1.101342481281760044e+01
1.673783542190434792e+00 -1.104758620450735052e+01
1.653984101719019995e+00 -1.108169182199160474e+01
1.634120311520482982e+00 -1.111574174967766027e+01
1.614192383669787123e+00 -1.114973607064867700e+01
1.594200528189703814e+00 -1.118367486667679778e+01
1.574144953086141108e+00 -1.121755821823619925e+01
1.554025864382803990e+00 -1.125138620451608240e+01
1.533843466155195179e+00 -1.128515890343356709e+01
1.513597960564006195e+00 -1.131887639164650849e+01
1.493289547887873825e+00 -1.135253874456628331e+01
1.472918426555513971e+00 -1.138614603637037881e+01
1.452484793177290401e+00 -1.141969834001504402e+01
1.431988842576163989e+00 -1.145319572724771540e+01
1.411430767818122600e+00 -1.148663826861948678e+01
1.390810760241980804e+00 -1.152002603349738763e+01
1.370129009488683769e+00 -1.155335909007662387e+01
1.349385703530062042e+00 -1.158663750539274240e+01
1.328581028697043864e+00 -1.161986134533366055e+01
1.307715169707379443e+00 -1.165303067465164943e+01
1.286788309692810994e+00 -1.168614555697520352e+01
1.265800630225811796e+00 -1.171920605482082323e+01
1.244752311345783014e+00 -1.175221222960471046e+01
1.223643531584813759e+00 -1.178516414165439130e+01
1.202474467992953766e+00 -1.181806185022018596e+01
1.181245296163022429e+00 -1.185090541348665383e+01
1.159956190255003738e+00 -1.188369488858391776e+01
1.138607323019954709e+00 -1.191643033159888532e+01
1.117198865823539888e+00 -1.194911179758640252e+01
1.095730988669094241e+00 -1.198173934058028678e+01
1.074203860220284135e+00 -1.201431301360429593e+01
1.052617647823399061e+00 -1.204683286868297465e+01
1.030972517529187060e+00 -1.207929895685243871e+01
1.009268634114361074e+00 -1.211171132817102425e+01
9.875061611026736408e-01 -1.214407003172990507e+01
9.656852607856527548e-01 -1.217637511566356245e+01
9.438060942429418176e-01 -1.220862662716018932e+01
9.218688213623188465e-01 -1.224082461247198417e+01
8.998736008593157809e-01 -1.227296911692537940e+01
8.778205902965220409e-01 -1.230506018493116471e+01
8.557099461025475806e-01 -1.233709785999451114e+01
8.335418235906518758e-01 -1.236908218472490972e+01
8.113163769770344036e-01 -1.240101320084603564e+01
7.890337593988162590e-01 -1.243289094920547377e+01
7.666941229317110196e-01 -1.246471546978443889e+01
7.442976186073811951e-01 -1.249648680170732540e+01
7.218443964304948057e-01 -1.252820498325117704e+01
6.993346053954905273e-01 -1.255987005185513894e+01
6.767683935030459619e-01 -1.259148204412974614e+01
6.541459077762649121e-01 -1.262304099586613404e+01
6.314672942765824359e-01 -1.265454694204521857e+01
6.087326981194119968e-01 -1.268599991684671302e+01
5.859422634894954074e-01 -1.271739995365811460e+01
5.630961336560135200e-01 -1.274874708508357912e+01
5.401944509874173628e-01 -1.278004134295272287e+01
5.172373569660426718e-01 -1.281128275832931962e+01
4.942249922024259390e-01 -1.284247136151995861e+01
4.711574964494114615e-01 -1.287360718208255506e+01
4.480350086160101442e-01 -1.290469024883482518e+01
4.248576667810182173e-01 -1.293572058986267947e+01
4.016256082064115218e-01 -1.296669823252851828e+01
3.783389693505072593e-01 -1.299762320347942079e+01
3.549978858809109683e-01 -1.302849552865530214e+01
3.316024926872236933e-01 -1.305931523329698329e+01
3.081529238935991621e-01 -1.309008234195416875e+01
2.846493128709856602e-01 -1.312079687849330334e+01
2.610917922492558274e-01 -1.315145886610544856e+01
2.374804939290929839e-01 -1.318206832731397959e+01
2.138155490936841652e-01 -1.321262528398230529e+01
1.900970882202225321e-01 -1.324312975732139819e+01
1.663252410912027524e-01 -1.327358176789737243e+01
1.425001368055531237e-01 -1.330398133563888941e+01
1.186219037895638595e-01 -1.333432847984451364e+01
9.469066980764559438e-02 -1.336462321919003848e+01
7.070656197290731138e-02 -1.339486557173571413e+01
4.666970675754784914e-02 -1.342505555493333880e+01
2.258023000309778219e-02 -1.345519318563339972e+01
-1.561743069521247902e-03 -1.348527848009204000e+01
-2.575608785010289822e-02 -1.351531145397802369e+01
-5.000268032941643237e-02 -1.354529212237958191e+01
-7.430139708964331180e-02 -1.357522049981120027e+01
-9.865211529493417286e-02 -1.360509660022039569e+01
-1.230547126821608661e-01 -1.363492043699431022e+01
-1.475090675518117289e-01 -1.366469202296637064e+01
-1.720150587589971136e-01 -1.369441137042277035e+01
-1.965725657046480113e-01 -1.372407849110896905e+01
-2.211814683268438220e-01 -1.375369339623603970e+01
-2.458416470922410724e-01 -1.378325609648704386e+01
-2.705529829877239001e-01 -1.381276660202329509e+01
-2.953153575120951446e-01 -1.384222492249054604e+01
-3.201286526679774647e-01 -1.387163106702514526e+01
-3.449927509537869530e-01 -1.390098504426010528e+01
-3.699075353558822776e-01 -1.393028686233112090e+01
-3.948728893408123275e-01 -1.395953652888255370e+01
-4.198886968476879811e-01 -1.398873405107329049e+01
-4.449548422806996473e-01 -1.401787943558260885e+01
-4.700712105016990328e-01 -1.404697268861595560e+01
-4.952376868229887430e-01 -1.407601381591063472e+01
-5.204541570001411932e-01 -1.410500282274150763e+01
-5.457205072249829980e-01 -1.413393971392656923e+01
-5.710366241186408676e-01 -1.416282449383253805e+01
-5.964023947247727442e-01 -1.419165716638027774e+01
-6.218177065028434036e-01 -1.422043773505030373e+01
-6.472824473215149643e-01 -1.424916620288812830e+01
-6.727965054521772847e-01 -1.427784257250956834e+01
-6.983597695625345381e-01 -1.430646684610608510e+01
-7.239721287103217939e-01 -1.433503902544991782e+01
-7.496334723371117503e-01 -1.436355911189932577e+01
-7.753436902622350413e-01 -1.439202710640364558e+01
-8.011026726767436212e-01 -1.442044300950839109e+01
-8.269103101375393505e-01 -1.444880682136023253e+01
-8.527664935615494324e-01 -1.447711854171198809e+01
-8.786711142199983282e-01 -1.450537816992751949e+01
-9.046240637327740419e-01 -1.453358570498657798e+01
-9.306252340628906605e-01 -1.456174114548964482e+01
-9.566745175110138444e-01 -1.458984448966266712e+01
-9.827718067101124388e-01 -1.461789573536179887e+01
-1.008916994620134400e+00 -1.464589488007803730e+01
-1.035109974522807397e+00 -1.467384192094185913e+01
-1.061350640016529567e+00 -1.470173685472780356e+01
-1.087638885011298351e+00 -1.472957967785898425e+01
-1.113974603723729251e+00 -1.475737038641156929e+01
-1.140357690672197943e+00 -1.478510897611923092e+01
-1.166788040671975279e+00 -1.481279544237752788e+01
-1.193265548830514833e+00 -1.484042978024824500e+01
-1.219790110542768202e+00 -1.486801198446374705e+01
-1.246361621486581805e+00 -1.489554204943114080e+01
-1.272979977618154512e+00 -1.492301996923658258e+01
-1.299645075167607633e+00 -1.495044573764943507e+01
-1.326356810634556460e+00 -1.497781934812636351e+01
-1.353115080783813484e+00 -1.500514079381546928e+01
-1.379919782641108261e+00 -1.503241006756030451e+01
-1.406770813488888106e+00 -1.505962716190394524e+01
-1.433668070862212041e+00 -1.508679206909285675e+01
-1.460611452544662292e+00 -1.511390478108095614e+01
-1.487600856564342156e+00 -1.514096528953336929e+01
-1.514636181189920050e+00 -1.516797358583040634e+01
-1.541717324926760391e+00 -1.519492966107127963e+01
-1.568844186513095762e+00 -1.522183350607795482e+01
-1.596016664916235284e+00 -1.524868511139880312e+01
-1.623234659328882890e+00 -1.527548446731241505e+01
