npts 513 dfreq 1.000000000000000021e-02
0.000000000000000000e+00 0.000000000000000000e+00
-4.886177071378201148e-02 -2.515141773930969563e-02
-2.566117339337065095e-01 2.381237495460169773e-01
2.583233602301429621e-01 7.511879192752548562e-01
1.034234441872079913e+00 1.979529919181013675e-01
7.738517310935820737e-01 -6.333663183632806115e-01
1.649320948311662760e-01 -7.794260022078340899e-01
-1.742319608317672852e-01 -5.663749852219090997e-01
-2.734624528382009756e-01 -3.379705142791215033e-01
-2.662604466993762076e-01 -1.809245955516016191e-01
-2.264734037426857360e-01 -8.664070764772784095e-02
-1.831539736916872330e-01 -3.309142165410140085e-02
-1.454308091591380026e-01 -3.664830722403536294e-03
-1.150072038758689630e-01 1.192540489664783813e-02
-9.119268461979640472e-02 1.967292615140489240e-02
-7.274053857399878642e-02 2.300766392316375836e-02
-5.845557192964417198e-02 2.388794208428097338e-02
-4.735436674735044038e-02 2.343495010092336989e-02
-3.867385145315921369e-02 2.229221709851431435e-02
-3.183632278828450041e-02 2.082868818888048562e-02
-2.640842017164472463e-02 1.925417565424872648e-02
-2.206551227372541626e-02 1.768565004619824035e-02
-1.856373387368146985e-02 1.618571692857799851e-02
-1.571895336622596354e-02 1.478517656141603402e-02
-1.339125446482461804e-02 1.349636341457403216e-02
-1.147357273840990746e-02 1.232108141254179869e-02
-9.883385211169111451e-03 1.125533740360288616e-02
-8.556618780079324263e-03 1.029216027819376128e-02
-7.443165451663695878e-03 9.423267254574723209e-03
-6.503562049175916002e-03 8.640032632509800359e-03
-5.706516568538815004e-03 7.934033785670093278e-03
-5.027053047016625913e-03 7.297341496651990091e-03
-4.445110848599869574e-03 6.722656850869804766e-03
-3.944479873935495019e-03 6.203357436258372798e-03
-3.511985703563059395e-03 5.733491397489538961e-03
-3.136861914384172015e-03 5.307742963024354547e-03
-2.810263486070161895e-03 4.921383808544969353e-03
-2.524887247358466140e-03 4.570218868780926563e-03
-2.274674043973869651e-03 4.250531634981457273e-03
-2.054573683702053382e-03 3.959031760189698525e-03
-1.860358395024576091e-03 3.692806431790399743e-03
-1.688473994394610721e-03 3.449276143497991085e-03
-1.535920528391638900e-03 3.226155007770557283e-03
-1.400156079876242179e-03 3.021415468798129608e-03
-1.279018873814919766e-03 2.833257126091939890e-03
-1.170663912935981975e-03 2.660079308819375543e-03
-1.073511206151685649e-03 2.500457019417172497e-03
-9.862032897871523401e-04 2.353119871490949588e-03
-9.075702316562550640e-04 2.216933668917421812e-03
-8.366006868261650128e-04 2.090884302561459712e-03
-7.724178682121605457e-04 1.974063673328860843e-03
-7.142595248984057394e-04 1.865657382575837495e-03
-6.614612012844134142e-04 1.764933961601139424e-03
-6.134421921375966986e-04 1.671235440242209956e-03
-5.696937209877635461e-04 1.583969080143150321e-03
-5.297689585886149665e-04 1.502600121004746356e-03
-4.932745694212188701e-04 1.426645408173577226e-03
-4.598635312956927414e-04 1.355667787473137115e-03
-4.292290190136989741e-04 1.289271168459338529e-03
-4.010991801111803406e-04 1.227096170540285022e-03
-3.752326607221846753e-04 1.168816277874281349e-03
-3.514147640114579198e-04 1.114134438873608159e-03
-3.294541435331113611e-04 1.062780054697529857e-03
-3.091799501672323042e-04 1.014506308497985275e-03
-2.904393646647158793e-04 9.690877935457609896e-04
-2.730954588487917532e-04 9.263184038539873377e-04
-2.570253376233542684e-04 8.860094556516735038e-04
-2.421185214785812523e-04 8.479880121482303787e-04
-2.282755354489570700e-04 8.120953875615908755e-04
-2.154066756978949791e-04 7.781858094360132559e-04
-2.034309292627731170e-04 7.461252209180566780e-04
-1.922750261453977751e-04 7.157902069483154748e-04
-1.818726059985123532e-04 6.870670303116074721e-04
-1.721634842392420186e-04 6.598507652117875091e-04
-1.630930045973353487e-04 6.340445175354178986e-04
-1.546114669470553501e-04 6.095587222722458716e-04
-1.466736208319576438e-04 5.863105096963824739e-04
-1.392382164172762413e-04 5.642231329030845694e-04
-1.322676057330025336e-04 5.432254501617010374e-04
-1.257273880333150990e-04 5.232514563024338481e-04
-1.195860939208378393e-04 5.042398580175328588e-04
-1.138149035889728013e-04 4.861336885388682031e-04
-1.083873951403711790e-04 4.688799576641323021e-04
-1.032793194596377914e-04 4.524293335524947756e-04
-9.846839856632866989e-05 4.367358531053238497e-04
-9.393414476087498467e-05 4.217566580954417127e-04
-8.965769821025672693e-05 4.074517545152889241e-04
-8.562168090965394985e-05 3.937837928854586583e-04
-8.181006520734136203e-05 3.807178675047976865e-04
-7.820805529821459609e-05 3.682213328355420155e-04
-7.480198028115641023e-05 3.562636354051023409e-04
-7.157919754091359940e-05 3.448161597731210708e-04
-6.852800535958798213e-05 3.338520872607528105e-04
-6.563756378913524544e-05 3.233462662711098336e-04
-6.289782292683201569e-05 3.132750931473024915e-04
-6.029945783262383597e-05 3.036164026192500476e-04
-5.783380941240403130e-05 2.943493669839262225e-04
-5.549283066612312903e-05 2.854544032471848110e-04
-5.326903776554395514e-05 2.769130875300070561e-04
-5.115546548456177152e-05 2.687080761088385676e-04
-4.914562655630937648e-05 2.608230325195985927e-04
-4.723347457660907625e-05 2.532425602086672551e-04
-4.541337011346202758e-05 2.459521402623988289e-04
-4.368004971782490426e-05 2.389380737900724766e-04
-4.202859756246821491e-05 2.321874285741883093e-04
-4.045441946373027297e-05 2.256879896371438493e-04
-3.895321906589504027e-05 2.194282134049778258e-04
-3.752097599010232828e-05 2.133971851774224310e-04
-3.615392576946627911e-05 2.075845796392915309e-04
-3.484854140971220386e-05 2.019806241715280896e-04
-3.360151643039436473e-05 1.965760647413103586e-04
-3.240974925583922368e-05 1.913621341696973945e-04
-3.127032883756233390e-05 1.863305225925773799e-04
-3.018052140119859974e-05 1.814733499463571048e-04
-2.913775822111135339e-05 1.767831403240565106e-04
-2.813962433493624106e-05 1.722527980603938825e-04
-2.718384811848243348e-05 1.678755854161899722e-04
-2.626829164875858313e-05 1.636451017431015157e-04
-2.539094178950440065e-05 1.595552640194265466e-04
-2.454990193956468271e-05 1.556002886565783095e-04
-2.374338438981665113e-05 1.517746744839114587e-04
-2.296970323920997784e-05 1.480731868269517261e-04
-2.222726782485971467e-05 1.444908426008135788e-04
-2.151457662509393684e-05 1.410228963467435794e-04
-2.083021159794131246e-05 1.376648271453475105e-04
-2.017283292079066057e-05 1.344123263452120978e-04
-1.954117409989596641e-05 1.312612860503388273e-04
-1.893403742106998484e-05 1.282077883141299033e-04
-1.835028971533178148e-05 1.252480949916251116e-04
-1.778885841547486158e-05 1.223786382053185890e-04
-1.724872788152402068e-05 1.195960113832231382e-04
-1.672893597486960329e-05 1.168969608309111587e-04
-1.622857086252637286e-05 1.142783778020795032e-04
-1.574676803447420592e-05 1.117372910347737860e-04
-1.528270751841652821e-05 1.092708597227961843e-04
-1.483561127754820314e-05 1.068763668940116162e-04
-1.440474077807370862e-05 1.045512131692955384e-04
-1.398939471426429920e-05 1.022929108777292977e-04
-1.358890687980217800e-05 1.000990785053697989e-04
-1.320264417503754417e-05 9.796743545651288160e-05
-1.283000474058698771e-05 9.589579710783213522e-05
-1.247041620843848481e-05 9.388207013713541834e-05
-1.212333406240222433e-05 9.192424810973221828e-05
-1.178824010036602098e-05 9.002040730656658927e-05
-1.146464099138161676e-05 8.816870277934353627e-05
-1.115206692113022887e-05 8.636736461887122354e-05
-1.085007031979497441e-05 8.461469442376255202e-05
-1.055822466680870247e-05 8.290906195749435338e-05
-1.027612336735122425e-05 8.124890198261363174e-05
-1.000337869584352382e-05 7.963271126161653834e-05
-9.739620802030254920e-06 7.805904571470825642e-05
-9.484496775558790436e-06 7.652651772528495770e-05
-9.237669765255497318e-06 7.503379358457005848e-05
-8.998818149569244056e-06 7.357959106738246513e-05
-8.767634754901392340e-06 7.216267713152712344e-05
-8.543826118771194198e-06 7.078186573376990889e-05
-8.327111794977934769e-06 6.943601575580194058e-05
-8.117223698117636958e-06 6.812402903400905686e-05
-7.913905484993822632e-06 6.684484848724645879e-05
-7.716911970629835679e-06 6.559745633717466108e-05
-7.526008576746081238e-06 6.438087241604780017e-05
-7.340970810709555572e-06 6.319415255715468542e-05
-7.161583773096972220e-06 6.203638706340547013e-05
-6.987641692136329805e-06 6.090669924982529480e-05
-6.818947483407295402e-06 5.980424405597321733e-05
-6.655312333286941935e-06 5.872820672453762518e-05
-6.496555304727013725e-06 5.767780154258487216e-05
-6.342502964040359427e-06 5.665227064214068932e-05
-6.192989027460411475e-06 5.565088285698226080e-05
-6.047854026316559963e-06 5.467293263269675939e-05
-5.906944989742651143e-06 5.371773898723411814e-05
-5.770115143904573178e-06 5.278464451934073814e-05
-5.637223626796967312e-06 5.187301446240903614e-05
-5.508135217719034406e-06 5.098223578141971207e-05
-5.382720080594774822e-06 5.011171631078261616e-05
-5.260853520355169232e-06 4.926088393100716491e-05
-5.142415751647958346e-06 4.842918578224775363e-05
-5.027291679185934865e-06 4.761608751287812850e-05
-4.915370689086818613e-06 4.682107256135183588e-05
-4.806546450596994959e-06 4.604364146970003663e-05
-4.700716727628315442e-06 4.528331122710946624e-05
-4.597783199571255945e-06 4.453961464210686588e-05
-4.497651290880080214e-06 4.381209974195661699e-05
-4.400230008955445791e-06 4.310032919795309461e-05
-4.305431789878144796e-06 4.240387977535958568e-05
-4.213172351573782585e-06 4.172234180681213406e-05
-4.123370554012873949e-06 4.105531868806928708e-05
-4.035948266073869891e-06 4.040242639504738024e-05
-3.950830238718252742e-06 3.976329302113748370e-05
-3.867943984146844329e-06 3.913755833385057677e-05
-3.787219660625760080e-06 3.852487334988936174e-05
-3.708589962687906120e-06 3.792489992778940453e-05
-3.631990016432777414e-06 3.733731037731769729e-05
-3.557357279662941515e-06 3.676178708485793793e-05
-3.484631446610224552e-06 3.619802215405045967e-05
-3.413754357018447274e-06 3.564571706099229780e-05
-3.344669909362532576e-06 3.510458232333756853e-05
-3.277323977995983262e-06 3.457433718267151828e-05
-3.211664334030128220e-06 3.405470929956257576e-05
-3.147640569759363594e-06 3.354543446072644675e-05
-3.085204026456719435e-06 3.304625629776428381e-05
-3.024307725373564783e-06 3.255692601696307252e-05
-2.964906301786278311e-06 3.207720213967146794e-05
-2.906955941941156967e-06 3.160685025278843870e-05
-2.850414322756740002e-06 3.114564276892361800e-05
-2.795240554150223284e-06 3.069335869581020195e-05
-2.741395123861748359e-06 3.024978341457108382e-05
-2.688839844656904224e-06 2.981470846645769274e-05
-2.637537803794152856e-06 2.938793134769969472e-05
-2.587453314649697196e-06 2.896925531212000708e-05
-2.538551870397990538e-06 2.855848918118654870e-05
-2.490800099651282764e-06 2.815544716118715458e-05
-2.444165723966564647e-06 2.775994866722862478e-05
-2.398617517133016479e-06 2.737181815377503379e-05
-2.354125266157450300e-06 2.699088495145342642e-05
-2.310659733869406585e-06 2.661698310986728116e-05
-2.268192623071604111e-06 2.624995124617064473e-05
-2.226696542165055967e-06 2.588963239916617829e-05
-2.186144972181817948e-06 2.553587388870207924e-05
-2.146512235161592846e-06 2.518852718015217987e-05
-2.107773463811608702e-06 2.484744775377359372e-05
-2.069904572392187624e-06 2.451249497874558438e-05
-2.032882228773240243e-06 2.418353199170178829e-05
-1.996683827609569135e-06 2.386042557957627802e-05
-1.961287464585499687e-06 2.354304606659235870e-05
-1.926671911681607813e-06 2.323126720522956983e-05
-1.892816593418757056e-06 2.292496607101270650e-05
-1.859701564036667757e-06 2.262402296097243025e-05
-1.827307485566393996e-06 2.232832129563433452e-05
-1.795615606757958410e-06 2.203774752439902870e-05
-1.764607742826254949e-06 2.175219103418204534e-05
-1.734266255980068099e-06 2.147154406118764047e-05
-1.704574036700721769e-06 2.119570160569640168e-05
-1.675514485738427246e-06 2.092456134975116558e-05
-1.647071496795886151e-06 2.065802357763097825e-05
-1.619229439870127781e-06 2.039599109900742260e-05
-1.591973145224911025e-06 2.013836917468188900e-05
-1.565287887967270406e-06 1.988506544480685479e-05
-1.539159373203005132e-06 1.963598985949796842e-05
-1.513573721747100707e-06 1.939105461174804056e-05
-1.488517456366089996e-06 1.915017407255719184e-05
-1.463977488530470851e-06 1.891326472819722208e-05
-1.439941105656249258e-06 1.868024511953170479e-05
-1.416395958815629683e-06 1.845103578331624476e-05
-1.393330050897758170e-06 1.822555919540658253e-05
-1.370731725201284943e-06 1.800373971580510933e-05
-1.348589654441321156e-06 1.778550353547908694e-05
-1.326892830154131397e-06 1.757077862488676381e-05
-1.305630552483631583e-06 1.735949468414973019e-05
-1.284792420334481872e-06 1.715158309481276550e-05
-1.264368321877196303e-06 1.694697687313437244e-05
-1.244348425391359397e-06 1.674561062485369298e-05
-1.224723170433612983e-06 1.654742050138151369e-05
-1.205483259317678948e-06 1.635234415736515177e-05
-1.186619648894203062e-06 1.616032070957890016e-05
-1.168123542618757718e-06 1.597129069709379398e-05
-1.149986382896813862e-06 1.578519604268191734e-05
-1.132199843694985345e-06 1.560198001541255661e-05
-1.114755823408290262e-06 1.542158719439887861e-05
-1.097646437973618929e-06 1.524396343365553816e-05
-1.080864014219990134e-06 1.506905582802902922e-05
-1.064401083446598055e-06 1.489681268016413008e-05
-1.048250375220006713e-06 1.472718346847120608e-05
-1.032404811382210530e-06 1.456011881606023443e-05
-1.016857500261635717e-06 1.439557046060903349e-05
-1.001601731079470432e-06 1.423349122513418019e-05
-9.866309685440298914e-07 1.407383498963423076e-05
-9.719388476261523307e-07 1.391655666357621524e-05
-9.575191685089300187e-07 1.376161215919718614e-05
-9.433658917053229389e-07 1.360895836559389727e-05
-9.294731333374851440e-07 1.345855312357440574e-05
-9.158351605718653405e-07 1.331035520124657392e-05
-9.024463872044131451e-07 1.316432427031938188e-05
-8.893013693903913365e-07 1.302042088309340946e-05
-8.763948015135918364e-07 1.287860645011844668e-05
-8.637215121898848682e-07 1.273884321849621792e-05
-8.512764604002821018e-07 1.260109425080755405e-05
-8.390547317488649473e-07 1.246532340464379045e-05
-8.270515348411053480e-07 1.233149531272294468e-05
-8.152621977783098139e-07 1.219957536357210018e-05
-8.036821647640407871e-07 1.206952968275770666e-05
-7.923069928185753661e-07 1.194132511464661623e-05
-7.811323485975865631e-07 1.181492920468086860e-05
-7.701540053113776432e-07 1.169031018215005231e-05
-7.593678397411690745e-07 1.156743694344565141e-05
-7.487698293490403233e-07 1.144627903578220726e-05
-7.383560494782696528e-07 1.132680664137067556e-05
-7.281226706409535719e-07 1.120899056203002141e-05
-7.180659558898827705e-07 1.109280220422333534e-05
-7.081822582717782149e-07 1.097821356450538205e-05
-6.984680183591042672e-07 1.086519721536895604e-05
-6.889197618577675917e-07 1.075372629147770268e-05
-6.795340972881254930e-07 1.064377447627369562e-05
-6.703077137368044078e-07 1.053531598894815908e-05
-6.612373786769507184e-07 1.042832557176451698e-05
-6.523199358545940760e-07 1.032277847772291492e-05
-6.435523032389096183e-07 1.021865045855601334e-05
-6.349314710342369369e-07 1.011591775304600100e-05
-6.264544997517969726e-07 1.001455707565325557e-05
-6.181185183391221370e-07 9.914545605447313707e-06
-6.099207223652832464e-07 9.815860975331116092e-06
-6.018583722600772193e-07 9.718481261549867422e-06
-5.939287916053925332e-07 9.622384973476042676e-06
-5.861293654770395270e-07 9.527551043662398000e-06
-5.784575388354016718e-07 9.433958818155134210e-06
-5.709108149633126340e-07 9.341588047059557430e-06
-5.634867539496177420e-07 9.250418875350855817e-06
-5.561829712169536445e-07 9.160431833922870516e-06
-5.489971360923064142e-07 9.071607830867960931e-06
-5.419269704189774918e-07 8.983928142981218519e-06
-5.349702472086269956e-07 8.897374407482666216e-06
-5.281247893321150556e-07 8.811928613951031439e-06
-5.213884682479010137e-07 8.727573096463166839e-06
-5.147592027668082884e-07 8.644290525933131955e-06
-5.082349578520067519e-07 8.562063902645341982e-06
-5.018137434530955956e-07 8.480876548976215248e-06
-4.954936133732146566e-07 8.400712102298959382e-06
-4.892726641681501900e-07 8.321554508066430908e-06
-4.831490340764333663e-07 8.243388013066964054e-06
-4.771209019794610026e-07 8.166197158848327123e-06
-4.711864863907138894e-07 8.089966775305179950e-06
-4.653440444731627309e-07 8.014681974425387297e-06
-4.595918710839955049e-07 7.940328144190844618e-06
-4.539282978458224366e-07 7.866890942628465815e-06
-4.483516922435486651e-07 7.794356292007257085e-06
-4.428604567461260143e-07 7.722710373177429707e-06
-4.374530279524257215e-07 7.651939620047618179e-06
-4.321278757605002333e-07 7.582030714196493672e-06
-4.268835025595189618e-07 7.512970579615037403e-06
-4.217184424437012225e-07 7.444746377575968054e-06
-4.166312604475736490e-07 7.377345501626857175e-06
-4.116205518019206768e-07 7.310755572703604584e-06
-4.066849412097969480e-07 7.244964434360970326e-06
-4.018230821420146463e-07 7.179960148117134214e-06
-3.970336561515150597e-07 7.115730988909087087e-06
-3.923153722060686658e-07 7.052265440656014531e-06
-3.876669660387629099e-07 6.989552191927727093e-06
-3.830871995157455254e-07 6.927580131715362937e-06
-3.785748600207238607e-07 6.866338345301670241e-06
-3.741287598557200383e-07 6.805816110228202021e-06
-3.697477356576134854e-07 6.746002892356933952e-06
-3.654306478300062897e-07 6.686888342023770860e-06
-3.611763799899667422e-07 6.628462290281566820e-06
-3.569838384292157979e-07 6.570714745230287142e-06
-3.528519515893474422e-07 6.513635888432119302e-06
-3.487796695506686598e-07 6.457216071409242429e-06
-3.447659635342714344e-07 6.401445812222172487e-06
-3.408098254169596905e-07 6.346315792126581684e-06
-3.369102672586581663e-07 6.291816852306586312e-06
-3.330663208419512745e-07 6.237939990682520125e-06
-3.292770372234069445e-07 6.184676358791328090e-06
-3.255414862963492262e-07 6.132017258737681457e-06
-3.218587563647560365e-07 6.079954140214038768e-06
-3.182279537279718231e-07 6.028478597587914703e-06
-3.146482022759266118e-07 5.977582367054636423e-06
-3.111186430945697961e-07 5.927257323853942481e-06
-3.076384340812333756e-07 5.877495479548838664e-06
-3.042067495696430589e-07 5.828288979365096295e-06
-3.008227799643166088e-07 5.779630099589939523e-06
-2.974857313840840969e-07 5.731511245028423162e-06
-2.941948253144764355e-07 5.683924946516021345e-06
-2.909492982687441147e-07 5.636863858486120842e-06
-2.877484014572620965e-07 5.590320756590974023e-06
-2.845914004650946002e-07 5.544288535374843449e-06
-2.814775749374956863e-07 5.498760205998042976e-06
-2.784062182731304408e-07 5.453728894010633623e-06
-2.753766373248036228e-07 5.409187837174529922e-06
-2.723881521074949785e-07 5.365130383332852065e-06
-2.694400955135046019e-07 5.321549988325432029e-06
-2.665318130345110908e-07 5.278440213949214146e-06
-2.636626624903636137e-07 5.235794725962624299e-06
-2.608320137644215428e-07 5.193607292132732081e-06
-2.580392485452701260e-07 5.151871780324216558e-06
-2.552837600746382415e-07 5.110582156629142932e-06
-2.525649529013579314e-07 5.069732483536541290e-06
-2.498822426412019739e-07 5.029316918140890407e-06
-2.472350557424436923e-07 4.989329710388495278e-06
-2.446228292569900820e-07 4.949765201360940962e-06
-2.420450106169399190e-07 4.910617821594707125e-06
-2.395010574164240186e-07 4.871882089436078430e-06
-2.369904371985910338e-07 4.833552609430535956e-06
-2.345126272476035864e-07 4.795624070745850360e-06
-2.320671143855107929e-07 4.758091245627972997e-06
-2.296533947738771451e-07 4.720948987889120230e-06
-2.272709737200387322e-07 4.684192231427169156e-06
-2.249193654878690915e-07 4.647815988775685426e-06
-2.225980931129393620e-07 4.611815349683896231e-06
-2.203066882219569851e-07 4.576185479725854576e-06
-2.180446908563769169e-07 4.540921618938176524e-06
-2.158116493000751307e-07 4.506019080485674613e-06
-2.136071199109816284e-07 4.471473249354219157e-06
-2.114306669565745983e-07 4.437279581070268373e-06
-2.092818624531329640e-07 4.403433600446369390e-06
-2.071602860086570360e-07 4.369930900352137157e-06
-2.050655246693601750e-07 4.336767140510026010e-06
-2.029971727696462335e-07 4.303938046315460207e-06
-2.009548317854784120e-07 4.271439407680603465e-06
-1.989381101910627136e-07 4.239267077901421899e-06
-1.969466233187559207e-07 4.207416972547359353e-06
-1.949799932221217551e-07 4.175885068373219395e-06
-1.930378485420547532e-07 4.144667402252689848e-06
-1.911198243758976878e-07 4.113760070133077877e-06
-1.892255621494760390e-07 4.083159226010749100e-06
-1.873547094919784698e-07 4.052861080926812482e-06
-1.855069201136154366e-07 4.022861901982633418e-06
-1.836818536859821652e-07 3.993158011374696448e-06
-1.818791757250654271e-07 3.963745785448403377e-06
-1.800985574768259857e-07 3.934621653770408730e-06
-1.783396758052947699e-07 3.905782098219066449e-06
-1.766022130831217391e-07 3.877223652092577047e-06
-1.748858570845178533e-07 3.848942899234504017e-06
-1.731903008805317312e-07 3.820936473176200407e-06
-1.715152427366046948e-07 3.793201056295850369e-06
-1.698603860123497248e-07 3.765733378993719529e-06
-1.682254390635006474e-07 3.738530218883291466e-06
-1.666101151459784535e-07 3.711588399997918864e-06
-1.650141323220264684e-07 3.684904792012693729e-06
-1.634372133683614349e-07 3.658476309481157203e-06
-1.618790856862957206e-07 3.632299911086581308e-06
-1.603394812137823429e-07 3.606372598907485074e-06
-1.588181363393378663e-07 3.580691417697096226e-06
-1.573147918177963997e-07 3.555253454176414098e-06
-1.558291926878556772e-07 3.530055836340678957e-06
-1.543610881913686614e-07 3.505095732778847525e-06
-1.529102316943440369e-07 3.480370352005917990e-06
-1.514763806096099311e-07 3.455876941807716557e-06
-1.500592963211082007e-07 3.431612788597984624e-06
-1.486587441097771168e-07 3.407575216787450196e-06
-1.472744930809862105e-07 3.383761588164642562e-06
-1.459063160934876264e-07 3.360169301288205876e-06
-1.445539896898507886e-07 3.336795790890508762e-06
-1.432172940283410994e-07 3.313638527292228506e-06
-1.418960128162149035e-07 3.290695015827783192e-06
-1.405899332443946930e-07 3.267962796281310679e-06
-1.392988459234937403e-07 3.245439442333016949e-06
-1.380225448211605159e-07 3.223122561015676989e-06
-1.367608272007095893e-07 3.201009792181045545e-06
-1.355134935610134449e-07 3.179098807976019329e-06
-1.342803475776246125e-07 3.157387312328341491e-06
-1.330611960450991567e-07 3.135873040441606925e-06
-1.318558488204968517e-07 3.114553758299461272e-06
-1.306641187680293000e-07 3.093427262178720459e-06
-1.294858217048316116e-07 3.072491378171299789e-06
-1.283207763478313099e-07 3.051743961714730269e-06
-1.271688042616898720e-07 3.031182897131104172e-06
-1.260297298077944576e-07 3.010806097174285104e-06
-1.249033800942741769e-07 2.990611502585208934e-06
-1.237895849270190081e-07 2.970597081655107018e-06
-1.226881767616800541e-07 2.950760829796515773e-06
-1.215989906566275831e-07 2.931100769121889224e-06
-1.205218642268468402e-07 2.911614948029682377e-06
-1.194566375987502682e-07 2.892301440797749143e-06
-1.184031533658867646e-07 2.873158347183909983e-06
-1.173612565455274570e-07 2.854183792033559653e-06
-1.163307945361088626e-07 2.835375924894144820e-06
-1.153116170755148079e-07 2.816732919636410738e-06
-1.143035762001792827e-07 2.798252974082271299e-06
-1.133065262049911826e-07 2.779934309639158038e-06
-1.123203236039845950e-07 2.761775170940747720e-06
-1.113448270917973577e-07 2.743773825493925362e-06
-1.103798975058796380e-07 2.725928563331850972e-06
-1.094253977894397887e-07 2.708237696673058855e-06
-1.084811929551077194e-07 2.690699559586402300e-06
-1.075471500493031855e-07 2.673312507661800013e-06
-1.066231381172923701e-07 2.656074917686619130e-06
-1.057090281689182281e-07 2.638985187327612233e-06
-1.048046931449907878e-07 2.622041734818299931e-06
-1.039100078843226936e-07 2.605242998651687638e-06
-1.030248490913966873e-07 2.588587437278219976e-06
-1.021490953046511995e-07 2.572073528808866505e-06
-1.012826268653707483e-07 2.555699770723241366e-06
-1.004253258871700554e-07 2.539464679582680618e-06
-9.957707622605585184e-08 2.523366790748134517e-06
-9.873776345105920013e-08 2.507404658102860374e-06
-9.790727481542069082e-08 2.491576853779731726e-06
-9.708549922832164422e-08 2.475881967893162574e-06
-9.627232722714739453e-08 2.460318608275503531e-06
-9.546765095027180364e-08 2.444885400217848470e-06
-9.467136411035285334e-08 2.429580986215164002e-06
-9.388336196812858268e-08 2.414404025715671064e-06
-9.310354130670157789e-08 2.399353194874369341e-06
-9.233180040630440512e-08 2.384427186310671072e-06
-9.156803901953350518e-08 2.369624708870028612e-06
-9.081215834704367586e-08 2.354944487389504515e-06
-9.006406101369283148e-08 2.340385262467200689e-06
-8.932365104512774913e-08 2.325945790235482274e-06
-8.859083384480231777e-08 2.311624842137917012e-06
-8.786551617141898622e-08 2.297421204709877205e-06
-8.714760611678427787e-08 2.283333679362706817e-06
-8.643701308407180770e-08 2.269361082171439780e-06
-8.573364776648196214e-08 2.255502243665941145e-06
-8.503742212629190230e-08 2.241756008625458395e-06
-8.434824937428785703e-08 2.228121235876499056e-06
-8.366604394957130158e-08 2.214596798093982087e-06
-8.299072149973187506e-08 2.201181581605587250e-06
-8.232219886137962519e-08 2.187874486199268137e-06
-8.166039404102947313e-08 2.174674424933860691e-06
-8.100522619633056631e-08 2.161580323952719436e-06
-8.035661561763362394e-08 2.148591122300346281e-06
-7.971448370989035901e-08 2.135705771741958526e-06
-7.907875297487650673e-08 2.122923236585911794e-06
-7.844934699373414458e-08 2.110242493508973647e-06
-7.782619040982552199e-08 2.097662531384358115e-06
-7.720920891189297335e-08 2.085182351112494862e-06
-7.659832921751813800e-08 2.072800965454470749e-06
-7.599347905687564332e-08 2.060517398868106083e-06
-7.539458715677406433e-08 2.048330687346612211e-06
-7.480158322498021579e-08 2.036239878259790625e-06
-7.421439793481935209e-08 2.024244030197719811e-06
-7.363296291004750290e-08 2.012342212816896371e-06
-7.305721070998934044e-08 2.000533506688780452e-06
-7.248707481493751523e-08 1.988817003150704815e-06
-7.192248961180739872e-08 1.977191804159104357e-06
