npts 513 dfreq 1.000000000000000021e-02
0.000000000000000000e+00 0.000000000000000000e+00
-2.228504798620877113e-08 -1.210196892699200948e-06
-3.564918269800848207e-07 -9.676282395120790062e-06
-1.804158232566328051e-06 -3.262768797301643039e-05
-5.699457681136288801e-06 -7.724096154660454485e-05
-1.390661550443734036e-05 -1.506134025585483070e-04
-2.881629391281560767e-05 -2.597367892086995802e-04
-5.334094752188039528e-05 -4.114712285095826799e-04
-9.090915198450520154e-05 -6.125191597619117703e-04
-1.454589088007954441e-04 -8.693995419858549338e-04
-2.214299298898622518e-04 -1.188422255774382319e-03
-3.237549059963170219e-04 -1.575662749963584533e-03
-4.578497634691135318e-04 -2.036936963445460606e-03
-6.296029143890555149e-04 -2.577776552386171031e-03
-8.453635054327643438e-04 -3.203404453062121213e-03
-1.111928671244749329e-03 -3.918710810493221744e-03
-1.436529798445513239e-03 -4.728229303043026896e-03
-1.826817806733343217e-03 -5.636113893175405051e-03
-2.290847453842225021e-03 -6.646116034613357842e-03
-2.837060671400763734e-03 -7.761562366244281926e-03
-3.474268939000311942e-03 -8.985332923263552804e-03
-4.211634704029223499e-03 -1.031983989625222080e-02
-5.058651855069283554e-03 -1.176700696915043177e-02
-6.025125256886233738e-03 -1.332824926742338240e-02
-7.121149355286014379e-03 -1.500445394812625552e-02
-8.357085860360054241e-03 -1.679596146406523924e-02
-9.743540516916048347e-03 -1.870254753482842452e-02
-1.129133897119493669e-02 -2.072340585812748603e-02
-1.301150174332186757e-02 -2.285713159565327598e-02
-1.491521831534106148e-02 -2.510170566850852478e-02
-1.701382034515395991e-02 -2.745447989824112769e-02
-1.931875401723268104e-02 -2.991216303056342535e-02
-2.184155154162955789e-02 -3.247080768000669415e-02
-2.459380181356598735e-02 -3.512579823502355592e-02
-2.758712024677591884e-02 -3.787183976441330785e-02
-3.083311779481795120e-02 -4.070294796739989257e-02
-3.434336917577405363e-02 -4.361244021123521220e-02
-3.812938031714035308e-02 -4.659292770182268950e-02
-4.220255503930468721e-02 -4.963630883454815679e-02
-4.657416099781681862e-02 -5.273376377425543354e-02
-5.125529490670817367e-02 -5.587575031509717238e-02
-5.625684706742830471e-02 -5.905200107281231847e-02
-6.158946523055468247e-02 -6.225152206380987763e-02
-6.726351782031581017e-02 -6.546259272725316047e-02
-7.328905655516741724e-02 -6.867276744811302847e-02
-7.967577850118788552e-02 -7.186887864087049271e-02
-8.643298759893218441e-02 -7.503704145515960322e-02
-9.356955570861326399e-02 -7.816266016612706535e-02
-1.010938832230777740e-01 -8.123043631360116201e-02
-1.090138593030201136e-01 -8.422437865527662715e-02
-1.173368217942359903e-01 -8.712781499998506485e-02
-1.260695168924618470e-01 -8.992340598769538174e-02
-1.352180586274751850e-01 -9.259316088312014026e-02
-1.447878882446360926e-01 -9.511845544964558918e-02
-1.547837335689305760e-01 -9.748005196970270514e-02
-1.652095684438004142e-01 -9.965812147659704190e-02
-1.760685723446099860e-01 -1.016322682611604106e-01
-1.873630902744677917e-01 -1.033815567143239883e-01
-1.990945930582579959e-01 -1.048845405637713335e-01
-2.112636381591093682e-01 -1.061192945591678816e-01
-2.238698311500827987e-01 -1.070634486560047005e-01
-2.369117879825363981e-01 -1.076942247427967875e-01
-2.503870982013728375e-01 -1.079884759501759384e-01
-2.642922892661014322e-01 -1.079227285732634600e-01
-2.786227921452866796e-01 -1.074732266305581246e-01
-2.933729083604146859e-01 -1.066159790733748891e-01
-3.085357786633745603e-01 -1.053268096495944273e-01
-3.241033535395387299e-01 -1.035814094140960345e-01
-3.400663657357000380e-01 -1.013553918657282005e-01
-3.564143050187633666e-01 -9.862435067701577629e-02
-3.731353953769733223e-01 -9.536391996800296089e-02
-3.902165748804283241e-01 -9.154983705971203589e-02
-4.076434784215720586e-01 -8.715800762568129412e-02
-4.254004235590867489e-01 -8.216457314197123107e-02
-4.434703996899980183e-01 -7.654598051697665551e-02
-4.618350607747135905e-01 -7.027905376240631274e-02
-4.804747218379529783e-01 -6.334106754601394329e-02
-4.993683594649905855e-01 -5.570982244519197268e-02
-5.184936165071520886e-01 -4.736372169850777691e-02
-5.378268112029479520e-01 -3.828184922985308075e-02
-5.573429509114953273e-01 -2.844404869723679563e-02
-5.770157506428279515e-01 -1.783100329563061526e-02
-5.968176565552515411e-01 -6.424316020844129602e-03
-6.167198745730178011e-01 5.793409920544493295e-03
-6.366924042581502130e-01 1.883849089142380223e-02
-6.567040780483239804e-01 3.272608315101722259e-02
-6.767226059482146505e-01 4.747010410381476142e-02
-6.967146257347709426e-01 6.308315486338693379e-02
-7.166457587074782642e-01 7.957644453938644835e-02
-7.364806709830157283e-01 9.695971666934614930e-02
-7.561831402998636653e-01 1.152411782276823171e-01
-7.757161282626280352e-01 1.344274316522906521e-01
-7.950418579183355927e-01 1.545234103340407394e-01
-8.141218965179526368e-01 1.755323180159983343e-01
-8.329172432762522726e-01 1.974555725471364154e-01
-8.513884219022330724e-01 2.202927544293997730e-01
-8.694955776309081230e-01 2.440415605870484561e-01
-8.871985784459698321e-01 2.686977637731393087e-01
-9.044571201418890594e-01 2.942551780096514524e-01
-9.212308348340357833e-01 3.207056304350950349e-01
-9.374794024867900699e-01 3.480389399064902078e-01
-9.531626649929084705e-01 3.762429026713621782e-01
-9.682407423030827687e-01 4.053032853900757626e-01
-9.826741500731912549e-01 4.352038257495292051e-01
-9.964239182686672747e-01 4.659262408662548927e-01
-1.009451710141155312e+00 4.974502436306045827e-01
-1.021719940972622753e+00 5.297535670943116504e-01
-1.033191895966743212e+00 5.628119969517589860e-01
-1.043831846656997797e+00 5.965994121111969362e-01
-1.053605165195841353e+00 6.310878332965100812e-01
-1.062478435889701478e+00 6.662474795634752978e-01
-1.070419563350651693e+00 7.020468325573745449e-01
-1.077397876647431918e+00 7.384527082820205868e-01
-1.083384228856073772e+00 7.754303360942502721e-01
-1.088351091433693796e+00 8.129434445835298506e-01
-1.092272642867831323e+00 8.509543539439931026e-01
-1.095124851087875495e+00 8.894240743967531948e-01
-1.096885549164282825e+00 9.283124101742017409e-01
-1.097534503865096100e+00 9.675780685358299493e-01
-1.097053476687255502e+00 1.007178773247410675e+00
-1.095426277031845474e+00 1.047071381922549227e+00
-1.092638807247237054e+00 1.087212006598157421e+00
-1.088679099321308685e+00 1.127556136893511640e+00
-1.083537343063130765e+00 1.168058765086586348e+00
-1.077205905674785580e+00 1.208674512431383352e+00
-1.069679342674873634e+00 1.249357756036155065e+00
-1.060954400195913694e+00 1.290062755624663993e+00
-1.051030008737662502e+00 1.330743779510941804e+00
-1.039907268516730987e+00 1.371355229132126929e+00
-1.027589426609019974e+00 1.411851761503720049e+00
-1.014081846135033160e+00 1.452188408986644585e+00
-9.993919677883128516e-01 1.492320695785422924e+00
-9.835292640537885989e-01 1.532204750631208201e+00
-9.665051865051487168e-01 1.571797415141805043e+00
-9.483331066082638650e-01 1.611056347392630261e+00
-9.290282504907215744e-01 1.649940120277337385e+00
-9.086076281656938480e-01 1.688408314283860179e+00
-8.870899577213238185e-01 1.726421604360421913e+00
-8.644955850046258661e-01 1.763941840596006116e+00
-8.408463993415884463e-01 1.800932122490263465e+00
-8.161657458426462286e-01 1.837356866638332642e+00
-7.904783348453776615e-01 1.873181867706086745e+00
-7.638101490440362129e-01 1.908374352620158643e+00
-7.361883488489120442e-01 1.942903027944703265e+00
-7.076411765075927285e-01 1.976738120462242732e+00
-6.781978595053899106e-01 2.009851411019310863e+00
-6.478885137438887831e-01 2.042216261738206473e+00
-6.167440469750644638e-01 2.073807636733919768e+00
-5.847960629441768532e-01 2.104602116510009502e+00
-5.520767666680296282e-01 2.134577906238501743e+00
-5.186188712466779371e-01 2.163714838157007048e+00
-4.844555065765065449e-01 2.191994368340690613e+00
-4.496201303014514816e-01 2.219399568127874645e+00
-4.141464413070563566e-01 2.245915110495666056e+00
-3.780682960297251927e-01 2.271527251696181082e+00
-3.414196278210142599e-01 2.296223808474947781e+00
-3.042343695746301813e-01 2.319994131200774579e+00
-2.665463797921086009e-01 2.342829073241130544e+00
-2.283893722322736242e-01 2.364720956919037942e+00
-1.897968492597602308e-01 2.385663536386691597e+00
-1.508020389792015803e-01 2.405651957747882541e+00
-1.114378362145221901e-01 2.424682716755944156e+00
-7.173674736699868493e-02 2.442753614406497853e+00
-3.173083916174448960e-02 2.459863710735242570e+00
8.548308730100649330e-03 2.476013277120236999e+00
4.906964722676567664e-02 2.491203747376204980e+00
8.980269758087040810e-02 2.505437667915280997e+00
1.307175874031073215e-01 2.518718647234577279e+00
1.717850830486850888e-01 2.531051304976326577e+00
2.129766184641115057e-01 2.542441220791074485e+00
2.542643206034277958e-01 2.552894883218940425e+00
2.956210315330509153e-01 2.562419638788143050e+00
3.370203273526921062e-01 2.571023641514342817e+00
3.784365340666631661e-01 2.578715802968601700e+00
4.198447405452635506e-01 2.585505743066411899e+00
4.612208087199931028e-01 2.591403741715043729e+00
5.025413811590716540e-01 2.596420691441854167e+00
5.437838861714203720e-01 2.600568051111907586e+00
5.849265405877496216e-01 2.603857800829627589e+00
6.259483503670243421e-01 2.606302398106164819e+00
6.668291091752958089e-01 2.607914735361689385e+00
7.075493950818040334e-01 2.608708098820162302e+00
7.480905655145564381e-01 2.608696128843039475e+00
7.884347506142125317e-01 2.607892781738058385e+00
8.285648451212792587e-01 2.606312293069650732e+00
8.684644989273390125e-01 2.603969142488622435e+00
9.081181064163774685e-01 2.600878020090547249e+00
9.475107947173666556e-01 2.597053794304814200e+00
9.866284109840716132e-01 2.592511481309486499e+00
1.025457508812751550e+00 2.587266215960887905e+00
1.063985333902959685e+00 2.581333224221384448e+00
1.102199809061150670e+00 2.574727797063788071e+00
1.140089518641283162e+00 2.567465265826555765e+00
1.177643692511061380e+00 2.559560978990045310e+00
1.214852189627031231e+00 2.551030280340846002e+00
1.251705481296342626e+00 2.541888488488334374e+00
1.288194634197717514e+00 2.532150877695257929e+00
1.324311293229039954e+00 2.521832659982182534e+00
1.360047664243945187e+00 2.510948968464043141e+00
1.395396496734997216e+00 2.499514841875866811e+00
1.430351066516343694e+00 2.487545210243787608e+00
1.464905158454309353e+00 2.475054881656945316e+00
1.499053049290069328e+00 2.462058530095445619e+00
1.532789490594486770e+00 2.448570684269582909e+00
1.566109691891311773e+00 2.434605717425555760e+00
1.599009303981265173e+00 2.420177838073326981e+00
1.631484402496043762e+00 2.405301081592706947e+00
1.663531471708029397e+00 2.389989302674429883e+00
1.695147388618380768e+00 2.374256168553782853e+00
1.726329407343317968e+00 2.358115152995195363e+00
1.757075143815720164e+00 2.341579530987251800e+00
1.787382560816626942e+00 2.324662374108608542e+00
1.817249953348911262e+00 2.307376546526458849e+00
1.846675934363237293e+00 2.289734701590395272e+00
1.875659420844387748e+00 2.271749278985709886e+00
1.904199620264244608e+00 2.253432502411482741e+00
1.932296017405980448e+00 2.234796377750069674e+00
1.959948361562490415e+00 2.215852691695891163e+00
1.987156654110677767e+00 2.196613010812743738e+00
2.013921136461909622e+00 2.177088680990164171e+00
2.040242278387805364e+00 2.157290827270600619e+00
2.066120766719488522e+00 2.137230354020544620e+00
2.091557494417440211e+00 2.116917945419887648e+00
2.116553550008301698e+00 2.096364066245130608e+00
2.141110207384197661e+00 2.075578962923218640e+00
2.165228915959480194e+00 2.054572664833946849e+00
2.188911291179259866e+00 2.033354985840080786e+00
2.212159105373499024e+00 2.011935526025410148e+00
2.234974278950112136e+00 1.990323673622055534e+00
2.257358871920050358e+00 1.968528607109388817e+00
2.279315075747101016e+00 1.946559297467947536e+00
2.300845205514837843e+00 1.924424510572661173e+00
2.321951692402961953e+00 1.902132809710709971e+00
2.342637076465118984e+00 1.879692558210154907e+00
2.362903999700139757e+00 1.857111922166400753e+00
2.382755199408578939e+00 1.834398873254337481e+00
2.402193501826374700e+00 1.811561191614804667e+00
2.421221816027449680e+00 1.788606468804797123e+00
2.439843128087032298e+00 1.765542110801478826e+00
2.458060495497603526e+00 1.742375341050847570e+00
2.475877041829317893e+00 1.719113203552437019e+00
2.493295951626929963e+00 1.695762565972134928e+00
2.510320465535284207e+00 1.672330122775742112e+00
2.526953875645553627e+00 1.648822398376449172e+00
2.543199521054548384e+00 1.625245750289926239e+00
2.559060783629541813e+00 1.601606372291246139e+00
2.574541083971193522e+00 1.577910297568258402e+00
2.589643877567325170e+00 1.554163401866545557e+00
2.604372651130454575e+00 1.530371406621461761e+00
2.618730919112131517e+00 1.506539882073128167e+00
2.632722220387365031e+00 1.482674250360686008e+00
2.646350115102505729e+00 1.458779788592372340e+00
2.659618181680198035e+00 1.434861631888365574e+00
2.672530013975181529e+00 1.410924776393628566e+00
2.685089218574860492e+00 1.386974082258239260e+00
2.697299412238791660e+00 1.363014276583004003e+00
2.709164219471385859e+00 1.339049956328336677e+00
2.720687270222315490e+00 1.315085591184696368e+00
2.731872197709278804e+00 1.291125526402998380e+00
2.742722636357973975e+00 1.267173985583687879e+00
2.753242219854256767e+00 1.243235073423303527e+00
2.763434579303710947e+00 1.219312778417562138e+00
2.773303341493936980e+00 1.195410975520131869e+00
2.782852127255078578e+00 1.171533428756399431e+00
2.792084549914278568e+00 1.147683793791737239e+00
2.801004213839860757e+00 1.123865620453801561e+00
2.809614713071248993e+00 1.100082355208608531e+00
2.817919630030742084e+00 1.076337343590159756e+00
2.825922534313421330e+00 1.052633832583558249e+00
2.833626981551629953e+00 1.028974972961581358e+00
2.841036512350562315e+00 1.005363821574814409e+00
2.848154651291681105e+00 9.818033435954793831e-01
2.854984906000768152e+00 9.582964147152043255e-01
2.861530766277586402e+00 9.348458232969965032e-01
2.867795703284196751e+00 9.114542724817695785e-01
2.873783168789166620e+00 8.881243822498349205e-01
2.879496594464930226e+00 8.648586914377628387e-01
2.884939391235787465e+00 8.416596597111306588e-01
2.890114948673993656e+00 8.185296694936365913e-01
2.895026634441655755e+00 7.954710278531712531e-01
2.899677793776083146e+00 7.724859683453805248e-01
2.904071749016515547e+00 7.495766528153652297e-01
2.908211799170064449e+00 7.267451731581126007e-01
2.912101219514941164e+00 7.039935530383145679e-01
2.915743261239064577e+00 6.813237495702443303e-01
2.919141151112184751e+00 6.587376549583413565e-01
2.922298091189859282e+00 6.362370980992173575e-01
2.925217258547565535e+00 6.138238461457521389e-01
2.927901805043384265e+00 5.914996060339986483e-01
2.930354857107746014e+00 5.692660259735908834e-01
2.932579515558793926e+00 5.471246969023676465e-01
2.934578855441958289e+00 5.250771539059241322e-01
2.936355925892470964e+00 5.031248776028059977e-01
2.937913750019523373e+00 4.812692954960329228e-01
2.939255324810882808e+00 4.595117832916885137e-01
2.940383621056842145e+00 4.378536661852637235e-01
2.941301583292370125e+00 4.162962201164466247e-01
2.942012129756490513e+00 3.948406729930732384e-01
2.942518152367819884e+00 3.734882058848975062e-01
2.942822516715390968e+00 3.522399541878928897e-01
2.942928062063830286e+00 3.310970087597240319e-01
2.942837601372040979e+00 3.100604170270896409e-01
2.942553921324572386e+00 2.891311840655610421e-01
2.942079782374916075e+00 2.683102736525748155e-01
2.941417918799989373e+00 2.475986092942306371e-01
2.940571038765077638e+00 2.269970752264915959e-01
2.939541824398626879e+00 2.065065173914421015e-01
2.938332931876180609e+00 1.861277443891680428e-01
2.936946991512945804e+00 1.658615284058988504e-01
2.935386607864311603e+00 1.457086061189588611e-01
2.933654359833892666e+00 1.256696795791308330e-01
2.931752800788480773e+00 1.057454170709792723e-01
2.929684458679484127e+00 8.593645395169918766e-02
2.927451836170360089e+00 6.624339346900899594e-02
2.925057410769599020e+00 4.666680755865294100e-02
2.922503634968862674e+00 2.720723762200007514e-02
2.919792936385851245e+00 7.865195284265939085e-03
2.916927717911568241e+00 -1.135883686614902466e-02
2.913910357861558165e+00 -3.046440455671960146e-02
2.910743210130876779e+00 -4.945108112777936438e-02
2.907428604352372936e+00 -6.831846684695849770e-02
2.903968846058063047e+00 -8.706618824062840878e-02
2.900366216843263789e+00 -1.056938974419008859e-01
2.896622974533234363e+00 -1.242012715547647778e-01
2.892741353352077827e+00 -1.425880120339100277e-01
2.888723564093635066e+00 -1.608538440798587266e-01
2.884571794294184421e+00 -1.789985160489778460e-01
2.880288208406690309e+00 -1.970217988779858487e-01
2.875874947976438278e+00 -2.149234855225802543e-01
2.871334131817830926e+00 -2.327033904097997596e-01
2.866667856192191444e+00 -2.503613489037659900e-01
2.861878194986404722e+00 -2.678972167844432262e-01
2.856967199892201936e+00 -2.853108697390792092e-01
2.851936900585999801e+00 -3.026022028659846597e-01
2.846789304909095097e+00 -3.197711301903201075e-01
2.841526399048127427e+00 -3.368175841915809210e-01
2.836150147715649883e+00 -3.537415153424610104e-01
2.830662494330732137e+00 -3.705428916587946153e-01
2.825065361199437408e+00 -3.872216982602831870e-01
2.819360649695133780e+00 -4.037779369417217046e-01
2.813550240438470684e+00 -4.202116257544371569e-01
2.807635993477018754e+00 -4.365227985976758984e-01
2.801619748464403425e+00 -4.527115048196792557e-01
2.795503324838914061e+00 -4.687778088281707722e-01
2.789288522001508674e+00 -4.847217897100294381e-01
2.782977119493114770e+00 -5.005435408598877256e-01
2.776570877171213425e+00 -5.162431696174268891e-01
2.770071535385602246e+00 -5.318207969131342194e-01
2.763480815153329218e+00 -5.472765569223037030e-01
2.756800418332695735e+00 -5.626105967270566000e-01
2.750032027796357248e+00 -5.778230759861751054e-01
2.743177307603396287e+00 -5.929141666125384846e-01
2.736237903170394503e+00 -6.078840524579715021e-01
2.729215441441442902e+00 -6.227329290052943112e-01
2.722111531057061384e+00 -6.374610030674029426e-01
2.714927762522004961e+00 -6.520684924931841042e-01
2.707665708371912228e+00 -6.665556258800912071e-01
2.700326923338813856e+00 -6.809226422932035394e-01
2.692912944515425178e+00 -6.951697909906130457e-01
2.685425291518261925e+00 -7.092973311549534143e-01
2.677865466649501869e+00 -7.233055316309312532e-01
2.670234955057651849e+00 -7.371946706686955952e-01
2.662535224896938502e+00 -7.509650356729008491e-01
2.654767727485442208e+00 -7.646169229573090975e-01
2.646933897461987151e+00 -7.781506375047952950e-01
2.639035152941732409e+00 -7.915664927326239164e-01
2.631072895670512501e+00 -8.048648102628445100e-01
2.623048511177856756e+00 -8.180459196977002412e-01
2.614963368928774123e+00 -8.311101583998996567e-01
2.606818822474201269e+00 -8.440578712776473091e-01
2.598616209600204563e+00 -8.568894105743074530e-01
2.590356852475865335e+00 -8.696051356625733586e-01
2.582042057799899482e+00 -8.822054128430546482e-01
2.573673116945986106e+00 -8.946906151471506474e-01
2.565251306106821172e+00 -9.070611221441140515e-01
2.556777886436895297e+00 -9.193173197521994355e-01
2.548254104194002778e+00 -9.314596000537967990e-01
2.539681190879484962e+00 -9.434883611144545545e-01
2.531060363377221289e+00 -9.554040068056914858e-01
2.522392824091362673e+00 -9.672069466315139641e-01
2.513679761082826758e+00 -9.788975955585433875e-01
2.504922348204562610e+00 -9.904763738496689118e-01
2.496121745235571510e+00 -1.001943706901137876e+00
2.487279098013732703e+00 -1.013300025083014866e+00
2.478395538567401246e+00 -1.024545763582907831e+00
2.469472185245821017e+00 -1.035681362252905524e+00
2.460510142848331583e+00 -1.046707265459636105e+00
2.451510502752416887e+00 -1.057623921937388412e+00
2.442474343040565099e+00 -1.068431784644205740e+00
2.433402728625981393e+00 -1.079131310620904616e+00
2.424296711377149194e+00 -1.089722960852930189e+00
2.415157330241254563e+00 -1.100207200135006280e+00
2.405985611366481702e+00 -1.110584496938497034e+00
2.396782568223200904e+00 -1.120855323281424232e+00
2.387549201724045389e+00 -1.131020154601093619e+00
2.378286500342897902e+00 -1.141079469629246779e+00
2.368995440232798622e+00 -1.151033750269712330e+00
2.359676985342779254e+00 -1.160883481478471202e+00
2.350332087533642866e+00 -1.170629151146108882e+00
2.340961686692692112e+00 -1.180271249982585813e+00
2.331566710847427615e+00 -1.189810271404279307e+00
2.322148076278220952e+00 -1.199246711423257894e+00
2.312706687629966229e+00 -1.208581068538722603e+00
2.303243438022745337e+00 -1.217813843630585202e+00
2.293759209161486456e+00 -1.226945539855125666e+00
2.284254871444662882e+00 -1.235976662542701332e+00
2.274731284072003756e+00 -1.244907719097440024e+00
2.265189295151265547e+00 -1.253739218898904051e+00
2.255629741804044741e+00 -1.262471673205661116e+00
2.246053450270665053e+00 -1.271105595060739502e+00
2.236461236014131604e+00 -1.279641499198915344e+00
2.226853903823188485e+00 -1.288079901955811568e+00
2.217232247914446397e+00 -1.296421321178751640e+00
2.207597052033647422e+00 -1.304666276139351044e+00
2.197949089556030522e+00 -1.312815287447802737e+00
2.188289123585824836e+00 -1.320868876968826378e+00
2.178617907054894332e+00 -1.328827567739243598e+00
2.168936182820516478e+00 -1.336691883887154653e+00
2.159244683762326922e+00 -1.344462350552686924e+00
2.149544132878435043e+00 -1.352139493810269322e+00
2.139835243380709073e+00 -1.359723840592425903e+00
2.130118718789252963e+00 -1.367215918615043213e+00
2.120395253026078564e+00 -1.374616256304090900e+00
2.110665530507990884e+00 -1.381925382723765416e+00
2.100930226238667764e+00 -1.389143827506033269e+00
2.091190005899990823e+00 -1.396272120781543391e+00
2.081445525942585029e+00 -1.403310793111893995e+00
2.071697433675611322e+00 -1.410260375423211254e+00
2.061946367355809606e+00 -1.417121398941034949e+00
2.052192956275785463e+00 -1.423894395126471535e+00
2.042437820851587205e+00 -1.430579895613611985e+00
2.032681572709528872e+00 -1.437178432148164875e+00
2.022924814772319113e+00 -1.443690536527307833e+00
2.013168141344463979e+00 -1.450116740540721150e+00
2.003412138196972947e+00 -1.456457575912792457e+00
1.993657382651369492e+00 -1.462713574245961823e+00
1.983904443663015993e+00 -1.468885266965199055e+00
1.974153881903751406e+00 -1.474973185263583675e+00
1.964406249843863250e+00 -1.480977860048977801e+00
1.954662091833382354e+00 -1.486899821891761508e+00
1.944921944182733897e+00 -1.492739600973628900e+00
1.935186335242717881e+00 -1.498497727037414018e+00
1.925455785483858095e+00 -1.504174729337932614e+00
1.915730807575092731e+00 -1.509771136593826668e+00
1.906011906461857475e+00 -1.515287476940392786e+00
1.896299579443515571e+00 -1.520724277883375386e+00
1.886594316250178593e+00 -1.526082066253713565e+00
1.876896599118916598e+00 -1.531361368163228542e+00
1.867206902869342322e+00 -1.536562708961221491e+00
1.857525694978609199e+00 -1.541686613191990851e+00
1.847853435655800514e+00 -1.546733604553232500e+00
1.838190577915728152e+00 -1.551704205855321650e+00
1.828537567652145368e+00 -1.556598938981457625e+00
1.818894843710378906e+00 -1.561418324848660166e+00
1.809262837959376036e+00 -1.566162883369599745e+00
1.799641975363192925e+00 -1.570833133415253879e+00
1.790032674051905692e+00 -1.575429592778376353e+00
1.780435345391964130e+00 -1.579952778137760916e+00
1.770850394055988097e+00 -1.584403205023292349e+00
1.761278218092013459e+00 -1.588781387781771803e+00
1.751719208992182031e+00 -1.593087839543505746e+00
1.742173751760902611e+00 -1.597323072189642534e+00
1.732642224982460233e+00 -1.601487596320247286e+00
1.723125000888099168e+00 -1.605581921223109276e+00
1.713622445422572138e+00 -1.609606554843262094e+00
1.704134918310165503e+00 -1.613562003753205243e+00
1.694662773120203081e+00 -1.617448773123832950e+00
1.685206357332030835e+00 -1.621267366696035106e+00
1.675766012399488414e+00 -1.625018286752979435e+00
1.666342073814873981e+00 -1.628702034093054474e+00
1.656934871172400348e+00 -1.632319108003470243e+00
1.647544728231144839e+00 -1.635870006234498630e+00
1.638171962977513330e+00 -1.639355224974354819e+00
1.628816887687194681e+00 -1.642775258824695994e+00
1.619479808986638458e+00 -1.646130600776742892e+00
1.610161027914029486e+00 -1.649421742188005302e+00
1.600860839979792782e+00 -1.652649172759603990e+00
1.591579535226610442e+00 -1.655813380514186584e+00
1.582317398288958454e+00 -1.658914851774415000e+00
1.573074708452181447e+00 -1.661954071142035527e+00
1.563851739711075828e+00 -1.664931521477500231e+00
1.554648760828030829e+00 -1.667847683880153031e+00
1.545466035390681503e+00 -1.670703037668955782e+00
1.536303821869114516e+00 -1.673498060363755258e+00
1.527162373672613871e+00 -1.676233227667081493e+00
1.518041939205943214e+00 -1.678909013446465259e+00
1.508942761925185838e+00 -1.681525889717273570e+00
1.499865080393126382e+00 -1.684084326626050565e+00
1.490809128334193545e+00 -1.686584792434359770e+00
1.481775134688951390e+00 -1.689027753503112850e+00
1.472763323668156765e+00 -1.691413674277393309e+00
1.463773914806369980e+00 -1.693743017271745810e+00
1.454807123015138925e+00 -1.696016243055947559e+00
1.445863158635741552e+00 -1.698233810241230435e+00
1.436942227491508017e+00 -1.700396175466974080e+00
1.428044530939701406e+00 -1.702503793387832864e+00
1.419170265922988561e+00 -1.704557116661318483e+00
1.410319625020473921e+00 -1.706556595935813325e+00
1.401492796498325921e+00 -1.708502679839010163e+00
1.392689964359977939e+00 -1.710395814966782391e+00
1.383911308395913142e+00 -1.712236445872463486e+00
1.375157004233044322e+00 -1.714025015056542145e+00
1.366427223383675615e+00 -1.715761962956757536e+00
1.357722133294060329e+00 -1.717447727938592239e+00
1.349041897392553535e+00 -1.719082746286164420e+00
1.340386675137358097e+00 -1.720667452193490821e+00
1.331756622063873019e+00 -1.722202277756145650e+00
1.323151889831645667e+00 -1.723687652963281192e+00
1.314572626270917199e+00 -1.725124005690022777e+00
1.306018975428790529e+00 -1.726511761690223468e+00
1.297491077614988386e+00 -1.727851344589575344e+00
1.288989069447239233e+00 -1.729143175879073846e+00
1.280513083896257287e+00 -1.730387674908821616e+00
