npts 513 dfreq 1.000000000000000021e-02
-0.000000000000000000e+00 0.000000000000000000e+00
-4.055511357741293141e-08 -1.002865455538400105e-08
8.696935141455626014e-08 1.397932855979548239e-07
1.764417997669795174e-07 -1.210000441265313292e-07
-5.989937057777900539e-08 -1.805949496996218815e-07
-1.321488444281806515e-07 -2.695166985219370635e-08
-6.938960545960172935e-08 5.006630039786287922e-08
-1.558821297268948602e-08 5.056065947087750601e-08
7.206379427018513334e-09 3.245541264640669612e-08
1.297466831180362633e-08 1.719739901210690979e-08
1.223521011107941513e-08 7.657568701564686219e-09
9.699026883346657278e-09 2.358916874037830330e-09
7.093871754938840013e-09 -3.520172985450301528e-10
4.930532774340478959e-09 -1.598941769932470720e-09
3.278577760494748319e-09 -2.052521060812856768e-09
2.069845915514163829e-09 -2.093755815453063040e-09
1.208734558157408313e-09 -1.934036392278056151e-09
6.082001216820432852e-10 -1.688595773755377561e-09
1.985019123944387016e-10 -1.418824697612945677e-09
-7.326339941167880017e-11 -1.156144009656311188e-09
-2.461602986312739581e-10 -9.153987477167765520e-10
-3.486049915132571519e-10 -7.023868313171565339e-10
-4.010611342834530350e-10 -5.181013901992928196e-10
-4.181231767826980680e-10 -3.611413900388808951e-10
-4.100720368334412047e-10 -2.291005958491308358e-10
-3.840329141777820835e-10 -1.193973717849359142e-10
-3.448730385918464646e-10 -2.980525546652958044e-11
-2.959811021715189743e-10 4.118373266973888955e-11
-2.400634375848385967e-10 9.416138858602547634e-11
-1.800292718752665830e-10 1.289102289239423909e-10
-1.198108107926270425e-10 1.450726243383501764e-10
-6.457068201470041718e-11 1.434645343860693690e-10
-1.963845480097140341e-11 1.273997825899465677e-10
1.157674421818325528e-11 1.027080311202038000e-10
2.905644386323512722e-11 7.590492781153786305e-11
3.566752606696964554e-11 5.189582944785155780e-11
3.532819104978307526e-11 3.298811066376420830e-11
3.143933406184034589e-11 1.939470411596493326e-11
2.628691432681148878e-11 1.025879381250984532e-11
2.113943309626525358e-11 4.444612682576531650e-12
1.657433391720898045e-11 9.319644760267261795e-13
1.277486856221364571e-11 -1.062597396004761110e-12
9.729258374322462294e-12 -2.092851404825404868e-12
7.344839777369782290e-12 -2.531351308217426731e-12
5.506636756652320774e-12 -2.620644210019593554e-12
4.104241207598452606e-12 -2.514739344297529417e-12
3.042150814454279206e-12 -2.309213298957841183e-12
2.242123457647502579e-12 -2.061881800261183010e-12
1.642050608046332966e-12 -1.806552781765269707e-12
1.193586394132891631e-12 -1.562001382505900689e-12
8.595621882392170179e-13 -1.337745233692284185e-12
6.116456312412163822e-13 -1.137732814615987832e-12
4.283541879262974356e-13 -9.626631770301836226e-13
2.934611570258892094e-13 -8.114361581246020278e-13
1.947414345391298256e-13 -6.820429078478102747e-13
1.230015925427821674e-13 -5.721016425403561900e-13
7.133759474292744661e-14 -4.791698476238051277e-13
3.457058139616812464e-14 -4.009170395521063359e-13
8.819913252123205304e-15 -3.352117868275822490e-13
-8.818935089503474950e-15 -2.801572950523990982e-13
-2.051726353070900548e-14 -2.340959029610162297e-13
-2.789532748973360491e-14 -1.955989609785489142e-13
-3.215991392325123823e-14 -1.634462235936324270e-13
-3.420747370753251468e-14 -1.366029581109220006e-13
-3.470171352405951032e-14 -1.141963609465551161e-13
-3.413192984199105501e-14 -9.549312292623310375e-14
-3.285686790787699442e-14 -7.987895366467504075e-14
-3.113769834306996403e-14 -6.684038983499097451e-14
-2.916280938825997437e-14 -5.594892853418426933e-14
-2.706644135767003801e-14 -4.684736991287754907e-14
-2.494268611554797014e-14 -3.923817446768813972e-14
-2.285599649246071244e-14 -3.287360898194146234e-14
-2.084906699557385759e-14 -2.754745139889292969e-14
-1.894873427616697986e-14 -2.308803656385007922e-14
-1.717038587474973712e-14 -1.935244412045377430e-14
-1.552125752306038958e-14 -1.622167397821034996e-14
-1.400282366585467946e-14 -1.359652191652363352e-14
-1.261267604070036846e-14 -1.139436732966880966e-14
-1.134579818477287611e-14 -9.546288791703154026e-15
-1.019554558027896546e-14 -7.994777196625843734e-15
-9.154344503569954870e-15 -6.691816216607074370e-15
-8.214190638615486150e-15 -5.597289258354263409e-15
-7.366998783625164755e-15 -4.677657260106062414e-15
-6.604842333006152316e-15 -3.904861026663856669e-15
-5.920111649255824485e-15 -3.255409653683960946e-15
-5.305613200499660612e-15 -2.709623157576063411e-15
-4.754625863051357042e-15 -2.251002897055813689e-15
-4.260926646951171136e-15 -1.865707917914859267e-15
-3.818794972567343643e-15 -1.542119122813167387e-15
-3.423002263274524338e-15 -1.270476290638654655e-15
-3.068791837540482745e-15 -1.042575553764520843e-15
-2.751852742882979975e-15 -8.515170778818161857e-16
-2.468290167447239099e-15 -6.914944547066849568e-16
-2.214594311435555638e-15 -5.576187767769554365e-16
-1.987609038801803651e-15 -4.457715689995045335e-16
-1.784501212789330006e-15 -3.524817477443331401e-16
-1.602731311547771990e-15 -2.748226016521231991e-16
-1.440026862982017112e-15 -2.103259141531260950e-16
-1.294351778973340421e-15 -1.569077187057426709e-16
-1.163889820867654204e-15 -1.128104637470250264e-16
-1.047017577894164058e-15 -7.654995604287234390e-17
-9.422857329979776692e-16 -4.687301771480526222e-17
-8.484008608625678119e-16 -2.272142173965750937e-17
-7.642089579507798102e-16 -3.201538001467200977e-18
-6.886805872267592638e-16 1.244123179887785944e-17
-6.208975146726944568e-16 2.484400016460291653e-17
-5.600407142200953228e-16 3.454456419902350442e-17
-5.053796206760323086e-16 4.199673865345464804e-17
-4.562625154590695016e-16 4.758330229244218287e-17
-4.121079366024026867e-16 5.162693519565899841e-17
-3.723970119061688235e-16 5.439946366347050488e-17
-3.366666218789997444e-16 5.612967849025280079e-17
-3.045033068865197496e-16 5.700994982401646954e-17
-2.755378405071505714e-16 5.720182624126774281e-17
-2.494403983421995814e-16 5.684077587068423171e-17
-2.259162583507737799e-16 5.604020243436833315e-17
-2.047019751325004723e-16 5.489484814116279146e-17
-1.855619764423261533e-16 5.348367779796581027e-17
-1.682856601226027272e-16 5.187233659377607667e-17
-1.526841907614818190e-16 5.011517262331658716e-17
-1.385888884751580037e-16 4.825706865550165399e-17
-1.258485607204805948e-16 4.633488479393541321e-17
-1.143277438303893517e-16 4.437873400857821349e-17
-1.039050154109131530e-16 4.241305387410534203e-17
-9.447149224665750493e-17 4.045751515239853397e-17
-8.592949301816047842e-17 3.852779186921222994e-17
-7.819134744447978307e-17 3.663621378163771634e-17
-7.117833552282065526e-17 3.479231895991238230e-17
-6.481974236937171725e-17 3.300332152296032528e-17
-5.905201579493185565e-17 3.127450729502217560e-17
-5.381801519681702886e-17 2.960956822641796049e-17
-4.906634163427786294e-17 2.801088479070731223e-17
-4.475074009580068193e-17 2.647976418771460977e-17
-4.082956597905032726e-17 2.501664100872922648e-17
-3.726530870209484993e-17 2.362124602438065012e-17
-3.402416616065686588e-17 2.229274790998555008e-17
-3.107566445191551181e-17 2.102987200461792461e-17
-2.839231791100234276e-17 1.983099958936701487e-17
-2.594932506086983211e-17 1.869425065084417757e-17
-2.372429656776083328e-17 1.761755265413989280e-17
-2.169701173022945035e-17 1.659869747340246508e-17
-1.984920041593948233e-17 1.563538830809315686e-17
-1.816434770295730056e-17 1.472527814038344770e-17
-1.662751878596736881e-17 1.386600105697422270e-17
-1.522520197721139259e-17 1.305519756080331100e-17
-1.394516787092725871e-17 1.229053482954907938e-17
-1.277634295211401929e-17 1.156972273418135767e-17
-1.170869611866537886e-17 1.089052630837124868e-17
-1.073313675301251697e-17 1.025077525520209811e-17
-9.841423127819719704e-18 9.648370988662534715e-18
-9.026091893107987756e-18 9.081299980661425785e-18
-8.280335684362279523e-18 8.547603183701119898e-18
-7.598010583228701447e-18 8.045429556921356208e-18
-6.973525597026784989e-18 7.573001933443583810e-18
-6.401801573960004820e-18 7.128625773497739790e-18
-5.878222531909411907e-18 6.710688313826618748e-18
-5.398591789098240337e-18 6.317657135785273396e-18
-4.959092406014493012e-18 5.948078279614743745e-18
-4.556251499764805400e-18 5.600574011437519831e-18
-4.186908038188444792e-18 5.273840331744543810e-18
-3.848183762212088260e-18 4.966644299055418416e-18
-3.537456921634786526e-18 4.677821229645439499e-18
-3.252338542286011855e-18 4.406271823401592592e-18
-2.990650971741899052e-18 4.150959256713954298e-18
-2.750408476896775989e-18 3.910906275575913782e-18
-2.529799690018500331e-18 3.685192315551579222e-18
-2.327171720768387983e-18 3.472950669787998094e-18
-2.141015770312287413e-18 3.273365721651732951e-18
-1.969954100328678496e-18 3.085670254721600568e-18
-1.812728224645586869e-18 2.909142849659576615e-18
-1.668188204601782393e-18 2.743105374814964684e-18
-1.535282941195729350e-18 2.586920575209249217e-18
-1.413051367810427315e-18 2.439989762732311801e-18
-1.300614456914784215e-18 2.301750608893350408e-18
-1.197167962762967375e-18 2.171675040262202625e-18
-1.101975829846762949e-18 2.049267235764168102e-18
-1.014364203796854636e-18 1.934061724217037892e-18
-9.337159876613033000e-19 1.825621579891651322e-18
-8.594658920869230076e-19 1.723536713408456075e-18
-7.910959329600474546e-19 1.627422254931434164e-18
-7.281313345846147199e-19 1.536917026365151696e-18
-6.701368005427107697e-19 1.451682099086620310e-18
-6.167131180413451980e-19 1.371399433634969508e-18
-5.674940648424588776e-19 1.295770597727860899e-18
-5.221435908382857492e-19 1.224515558963419392e-18
-4.803532490052638880e-19 1.157371548592179842e-18
-4.418398528764044984e-19 1.094091992797246643e-18
-4.063433398419630296e-19 1.034445507997477243e-18
-3.736248215447667058e-19 9.782149567816789905e-19
-3.434648044021262667e-19 9.251965611887861973e-19
-3.156615648793316690e-19 8.751990701647833936e-19
-2.900296655784335688e-19 8.280429781500356461e-19
-2.663985995051782570e-19 7.835597918773277070e-19
-2.446118684897801281e-19 7.415919612739252263e-19
-2.245245559634094527e-19 7.019897248680070557e-19
-2.060042719810843534e-19 6.646143236515235658e-19
-1.889288576198024755e-19 6.293348506392348367e-19
-1.731858622508591777e-19 5.960283751364047216e-19
-1.586717499401462312e-19 5.645794446845555945e-19
-1.452911728450251277e-19 5.348796183452960043e-19
-1.329563057572489039e-19 5.068270293928476309e-19
-1.215862364701043489e-19 4.803259755949395676e-19
-1.111064071271152798e-19 4.552865353659974967e-19
-1.014481021442665946e-19 4.316242081763873984e-19
-9.254797869197930527e-20 4.092595776966700775e-19
-8.434763608083975210e-20 3.881179962463032718e-19
-7.679322071991173051e-20 3.681292892023119733e-19
-6.983506361144581076e-20 3.492274781050143389e-19
-6.342734761373679621e-20 3.313505212750671057e-19
-5.752780194742619088e-20 3.144400708291937692e-19
-5.209742164189265877e-20 2.984412450508757346e-19
-4.710020981968609358e-20 2.833024151373742663e-19
-4.250294090006800906e-20 2.689750054057548140e-19
-3.827494296935930975e-20 2.554133060983508596e-19
-3.438789771745407246e-20 2.425742979823892734e-19
-3.081565647797305540e-20 2.304174879896228309e-19
-2.753407103531277537e-20 2.189047551897581506e-19
-2.452083797646168072e-20 2.080002064365731211e-19
-2.175535546990217895e-20 1.976700410678695156e-19
-1.921859144915776659e-20 1.878824240801047702e-19
-1.689296226539190350e-20 1.786073672357452767e-19
-1.476222095268455616e-20 1.698166175962153079e-19
-1.281135432192406889e-20 1.614835530060216916e-19
-1.102648816523721381e-20 1.535830840842062460e-19
-9.394799913139164982e-21 1.460915623079232407e-19
-7.904438141625377847e-21 1.389866937997649876e-19
-6.544448376705290193e-21 1.322474584555608060e-19
-5.304704689832338423e-21 1.258540340728359479e-19
-4.175846619691766803e-21 1.197877251621225516e-19
-3.149220994216548572e-21 1.140308961438271210e-19
-2.216828261838026749e-21 1.085669086526022243e-19
-1.371272973122881246e-21 1.033800626891454809e-19
-6.057180833617143211e-22 9.845554137612520176e-20
8.615722638911712608e-23 9.377935909068319352e-20
7.101964876575028454e-22 8.933831276061809717e-20
1.271793821446912381e-21 8.511999852300678790e-20
1.775960280736976267e-21 8.111251605649047337e-20
2.227303485883708867e-21 7.730481212068274105e-20
2.630090906514263116e-21 7.368638336597984462e-20
2.988267052058590414e-21 7.024730639192752646e-20
3.305477660087529316e-21 6.697820426436277121e-20
3.585092051865061977e-21 6.387021504424801887e-20
3.830223797059805037e-21 6.091496220308869380e-20
4.043749818268981449e-21 5.810452680783311566e-20
4.228328055638568004e-21 5.543142136562688744e-20
4.386413802342012953e-21 5.288856522579307071e-20
4.520274812935612712e-21 5.046926144293973255e-20
4.632005278572843731e-21 4.816717501121067480e-20
4.723538755677439260e-21 4.597631238540651909e-20
4.796660127887905587e-21 4.389100221004642901e-20
4.853016674846500040e-21 4.190587718243943533e-20
4.894128315668520058e-21 4.001585698049328753e-20
4.921397089649100648e-21 3.821613219037596274e-20
4.936115931909982271e-21 3.650214917321263589e-20
4.939476797219764588e-21 3.486959581383198656e-20
4.932578181108742817e-21 3.331438809815318100e-20
4.916432083613207695e-21 3.183265746913782829e-20
4.891970457497293937e-21 3.042073891437415231e-20
4.860051179589368102e-21 2.907515974127791193e-20
4.821463580911641652e-21 2.779262899863929841e-20
4.776933568555985776e-21 2.657002750581107921e-20
4.727128369746472206e-21 2.540439845322793733e-20
4.672660926213927860e-21 2.429293854019863232e-20
4.614093964872296726e-21 2.323298961801662150e-20
4.551943768817880700e-21 2.222203080839808771e-20
4.486683670856563452e-21 2.125767106910989529e-20
4.418747290088733132e-21 2.033764218036917123e-20
4.348531530535493708e-21 1.945979212721996596e-20
4.276399359363392932e-21 1.862207885460388210e-20
4.202682380947766519e-21 1.782256437326490579e-20
4.127683221798896826e-21 1.705940919595673949e-20
4.051677740252598900e-21 1.633086708466930777e-20
3.974917073789747029e-21 1.563528009075884117e-20
3.897629535891337220e-21 1.497107387096102989e-20
3.820022373451003644e-21 1.433675326329569127e-20
3.742283394948578677e-21 1.373089810783065559e-20
3.664582478832978570e-21 1.315215929817937923e-20
3.587072970863581976e-21 1.259925505045008680e-20
3.509892978513532051e-21 1.207096737716124171e-20
3.433166569940967926e-21 1.156613875438066899e-20
3.357004884481746174e-21 1.108366897104696196e-20
3.281507161106232526e-21 1.062251215008606526e-20
3.206761690809876336e-21 1.018167393155227107e-20
3.132846698470067883e-21 9.760208808600514905e-21
3.059831159296657346e-21 9.357217607639330056e-21
2.987775554629054470e-21 8.971845104522534803e-21
2.916732571485859962e-21 8.603277769116646328e-21
2.846747749951851191e-21 8.250741631029211005e-21
2.777860082189906427e-21 7.913500259706123656e-21
2.710102566589758349e-21 7.590852852500556240e-21
2.643502720310864544e-21 7.282132424690447985e-21
2.578083053239888835e-21 6.986704095769133313e-21
2.513861506164693892e-21 6.703963466663880837e-21
2.450851855763855227e-21 6.433335082845630390e-21
2.389064088822570033e-21 6.174270978583098308e-21
2.328504747911832961e-21 5.926249297868760926e-21
2.269177250605934054e-21 5.688772987798906375e-21
2.211082184164021085e-21 5.461368560433958607e-21
2.154217577462201983e-21 5.243584919389761247e-21
2.098580822264534161e-21 5.034998444441700012e-21
2.044162185876754840e-21 4.835186889365092000e-21
1.990955157907097190e-21 4.643766356419423048e-21
1.938949853664457679e-21 4.460364755881798821e-21
1.888134902518649139e-21 4.284627376627533309e-21
1.838497614266348295e-21 4.116216033520456887e-21
1.790024132128359699e-21 3.954808258623340403e-21
1.742699573361616149e-21 3.800096533875756891e-21
1.696508158398757106e-21 3.651787563017789869e-21
1.651433329362592545e-21 3.509601580662619893e-21
1.607457858741856254e-21 3.373271696537097085e-21
1.564563948958227759e-21 3.242543273019958338e-21
1.522733323502293859e-21 3.117173334211057729e-21
1.481947310267203094e-21 2.996930004862198655e-21
1.442186917663886056e-21 2.881591977592884445e-21
1.403432904059439018e-21 2.770948006900401181e-21
1.365665841041680328e-21 2.664796428556374172e-21
1.328866170976339992e-21 2.562944703058085623e-21
1.293014259290075992e-21 2.465208981876624063e-21
1.258090441881046594e-21 2.371413695311632185e-21
1.224075068030010382e-21 2.281391160828001795e-21
1.190948539157858572e-21 2.194981210810281954e-21
1.158691343750578525e-21 2.112030838728619292e-21
1.127284088749389886e-21 2.032393862764248580e-21
1.096707527682207260e-21 1.955930605993779887e-21
1.066942585792633211e-21 1.882507592280326905e-21
1.037970382404003477e-21 1.811997257064902994e-21
1.009772250738708285e-21 1.744277672294791134e-21
9.823297553970352036e-22 1.679232284766487088e-21
9.556247076847811563e-22 1.616749667199230200e-21
9.296391789650775467e-22 1.556723281391466771e-21
9.043555121969671980e-22 1.499051252847071677e-21
8.797563318113378216e-22 1.443636156290518893e-21
8.558245520636796208e-22 1.390384811520889531e-21
8.325433839928885624e-22 1.339208089083705925e-21
8.098963411056250974e-22 1.290020725266710927e-21
7.878672438969965755e-22 1.242741145951964771e-21
7.664402233098973763e-22 1.197291298880762969e-21
7.455997232278632285e-22 1.153596493911429432e-21
7.253305020889115421e-22 1.111585250871416602e-21
7.056176337014984921e-22 1.071189154626447196e-21
6.864465073373047379e-22 1.032342717008413079e-21
6.678028271701177088e-22 9.949832452628819765e-22
6.496726111245182060e-22 9.590507166939886934e-22
6.320421891933864050e-22 9.244876592015829925e-22
6.148982012785106453e-22 8.912390374208760800e-22
5.982275946044711768e-22 8.592521441898706047e-22
5.820176207519087094e-22 8.284764970837702467e-22
5.662558323527755177e-22 7.988637397690386783e-22
5.509300794866758248e-22 7.703675479422565379e-22
5.360285058143173116e-22 7.429435396309393657e-22
5.215395444811530118e-22 7.165491896447079550e-22
5.074519138216415899e-22 6.911437479760438327e-22
4.937546128919861615e-22 6.666881619598402713e-22
4.804369168569335150e-22 6.431450020106762455e-22
4.674883722540807089e-22 6.204783907658659697e-22
4.548987921570838887e-22 5.986539354708478914e-22
4.426582512573928390e-22 5.776386634517870986e-22
4.307570808823717295e-22 5.574009605279296074e-22
4.191858639661186279e-22 5.379105122236378461e-22
4.079354299878158362e-22 5.191382476469808132e-22
3.969968498910968871e-22 5.010562859083662829e-22
3.863614309966905584e-22 4.836378849590131431e-22
3.760207119193708655e-22 4.668573927348690825e-22
3.659664574992757308e-22 4.506902004973974445e-22
3.561906537565918965e-22 4.351126982678604633e-22
3.466855028777292611e-22 4.201022322568616904e-22
3.374434182402528167e-22 4.056370641957077534e-22
3.284570194830837198e-22 3.916963324807308687e-22
3.197191276277415970e-22 3.782600150460194078e-22
3.112227602557598691e-22 3.653088938841413268e-22
3.029611267468172401e-22 3.528245211383761204e-22
2.949276235815132410e-22 3.407891866935917157e-22
2.871158297122752372e-22 3.291858871965304451e-22
2.795195020053663413e-22 3.179982964395383612e-22
2.721325707565603339e-22 3.072107370449916992e-22
2.649491352826203120e-22 2.968081533906387946e-22
2.579634595903995563e-22 2.867760857190046700e-22
2.511699681250171027e-22 2.771006453766768902e-22
2.445632415982816343e-22 2.677684911319118817e-22
2.381380128982355798e-22 2.587668065214216796e-22
2.318891630804723347e-22 2.500832781795830879e-22
2.258117174416164483e-22 2.417060751054840690e-22
2.199008416751812310e-22 2.336238288253714506e-22
2.141518381098027021e-22 2.258256144100450320e-22
2.085601420296999324e-22 2.183009323086645366e-22
2.031214809037261704e-22 2.110399074879419637e-22
1.978312151167519763e-22 2.040323991282076481e-22
1.926853249567971116e-22 1.972693068024732957e-22
1.876797423620206592e-22 1.907416658790604016e-22
1.828105150463133819e-22 1.844408572934564358e-22
1.780738033021122499e-22 1.783585935668161626e-22
1.734658768807844068e-22 1.724869054171977585e-22
1.689831119495627832e-22 1.668181289372573384e-22
1.646219881239553601e-22 1.613448933133435479e-22
1.603790855744840664e-22 1.560601090620681853e-22
1.562510822065764772e-22 1.509569567615533865e-22
1.522347509124028437e-22 1.460288762556085644e-22
1.483269568933914848e-22 1.412695563100592520e-22
1.445246550521685695e-22 1.366729247014456892e-22
1.408248874526062997e-22 1.322331387191679760e-22
1.372247808466789759e-22 1.279445760630533958e-22
1.337215442667959306e-22 1.238018261191253633e-22
1.303124666822780619e-22 1.197996815971356250e-22
1.269949147186431470e-22 1.159331305141795591e-22
1.237663304383586478e-22 1.121973485094123104e-22
1.206242291817182784e-22 1.085876914755575970e-22
1.175661974665136034e-22 1.050996884935624974e-22
1.145898909451749195e-22 1.017290350573539940e-22
1.116930324180504562e-22 9.847158657623288173e-23
1.088734099015278893e-22 9.532335214301812673e-23
1.061288747496912995e-22 9.228048855656790826e-23
1.034573398282331457e-22 8.933929458782134868e-23
1.008567777393569377e-22 8.649620547899032015e-23
9.832521909640947955e-23 8.374778766598049665e-23
9.586075084701429227e-23 8.109073371457452571e-23
9.346151464348869701e-23 7.852185746132368564e-23
9.112570525934118201e-23 7.603808935048954852e-23
8.885156905067764964e-23 7.363647195877178267e-23
8.663740246135201640e-23 7.131415569990799649e-23
8.448155057072849501e-23 6.906839470159214395e-23
8.238240568293364310e-23 6.689654284747786378e-23
8.033840595650722571e-23 6.479604997736017063e-23
7.834803407337475103e-23 6.276445823892243734e-23
7.640981594609257392e-23 6.079939858473122080e-23
7.452231946233169667e-23 5.889858740842903805e-23
7.268415326559393787e-23 5.705982331434417613e-23
7.089396557117346562e-23 5.528098401498501254e-23
6.915044301639970747e-23 5.356002335112625375e-23
6.745230954421361256e-23 5.189496842941857737e-23
6.579832531916629315e-23 5.028391687268538875e-23
6.418728567492643964e-23 4.872503417825631285e-23
6.261802009242831229e-23 4.721655117991009239e-23
6.108939120779828458e-23 4.575676160917425345e-23
5.960029384922260991e-23 4.434401975191478064e-23
5.814965410194272277e-23 4.297673819632704317e-23
5.673642840057721006e-23 4.165338566859590075e-23
5.535960264800112680e-23 4.037248495266385253e-23
5.401819136001889046e-23 3.913261089068436022e-23
5.271123683509960238e-23 3.793238846089314677e-23
5.143780834845492939e-23 3.677049092976429047e-23
5.019700136975701729e-23 3.564563807544590436e-23
4.898793680382159078e-23 3.455659447960720062e-23
4.780976025358899395e-23 3.350216788494004707e-23
4.666164130476004670e-23 3.248120761567858784e-23
4.554277283145591731e-23 3.149260305860755808e-23
4.445237032229617910e-23 3.053528220214254690e-23
4.338967122629604865e-23 2.960821023115776844e-23
4.235393431800821206e-23 2.871038817534077340e-23
4.134443908134345051e-23 2.784085160894048473e-23
4.036048511152830311e-23 2.699866939986990947e-23
3.940139153466328908e-23 2.618294250620192631e-23
3.846649644436961470e-23 2.539280281818484884e-23
3.755515635501799118e-23 2.462741204397589616e-23
3.666674567105605931e-23 2.388596063737051279e-23
3.580065617195735824e-23 2.316766676587174537e-23
3.495629651232981612e-23 2.247177531751297030e-23
3.413309173674154171e-23 2.179755694491672954e-23
3.333048280882348272e-23 2.114430714512740360e-23
3.254792615422861759e-23 2.051134537381982088e-23
3.178489321704015447e-23 1.989801419254422189e-23
3.104087002922467881e-23 1.930367844771605952e-23
3.031535679275002424e-23 1.872772448012065425e-23
2.960786747398574283e-23 1.816955936374295081e-23
2.891792941002708475e-23 1.762861017279025806e-23
2.824508292658541915e-23 1.710432327581435061e-23
2.758888096710057069e-23 1.659616365588607534e-23
2.694888873274459311e-23 1.610361425581995992e-23
2.632468333299083321e-23 1.562617534748319602e-23
2.571585344643292636e-23 1.516336392426263113e-23
2.512199899155199200e-23 1.471471311580406936e-23
2.454274817409055868e-23 1.427978462379488125e-23
2.397768728334728199e-23 1.385811578376760241e-23
2.342646588077366756e-23 1.344929824135817236e-23
2.288872574050786718e-23 1.305292423449114466e-23
2.236411836954686977e-23 1.266859951643514765e-23
2.185230473227002323e-23 1.229594288740156241e-23
2.135295498301100753e-23 1.193458574311203491e-23
2.086574820643924554e-23 1.158417163969336945e-23
2.039037216551673144e-23 1.124435587428227232e-23
1.992652305680734121e-23 1.091480508074926715e-23
1.947390527291541931e-23 1.059519683996998599e-23
1.903223117184606994e-23 1.028521930410023638e-23
1.860122085307654834e-23 9.984570834326477198e-24
1.818060194014226522e-23 9.692959651589332231e-24
1.777010936954188153e-23 9.410103499793908633e-24
1.736948518577282080e-23 9.135729321040375264e-24
1.697847834231708393e-23 8.869572942428479009e-24
1.659684450839782723e-23 8.611378774003637507e-24
1.622434588133633652e-23 8.360899517431607212e-24
1.586075100434302065e-23 8.117895885003973251e-24
1.550583458958037079e-23 7.882136328591667253e-24
1.515937734634163006e-23 7.653396778179015397e-24
1.482116581419311140e-23 7.431460389624761771e-24
1.449099220093290673e-23 7.216117301310168451e-24
1.416865422522292956e-23 7.007164399347324054e-24
1.385395496375561525e-23 6.804405091033174874e-24
1.354670270282170434e-23 6.607649086247668806e-24
1.324671079414720102e-23 6.416712186504210267e-24
1.295379751487445759e-23 6.231416081373759752e-24
1.266778593156373901e-23 6.051588152012935063e-24
1.238850376809750075e-23 5.877061281538070397e-24
1.211578327737028449e-23 5.707673671995311472e-24
1.184946111665418768e-23 5.543268667688346127e-24
1.158937822653003807e-23 5.383694584632534504e-24
1.133537971327983338e-23 5.228804545914190939e-24
1.108731473463775347e-23 5.078456322741403789e-24
1.084503638880147804e-23 4.932512180981359789e-24
1.060840160660682436e-23 4.790838732986126406e-24
1.037727104677351528e-23 4.653306794517298145e-24
1.015150899413133093e-23 4.519791246586081232e-24
9.930983260738609756e-24 4.390170902032524087e-24
9.715565089809146662e-24 4.264328376674782575e-24
9.505129062364248538e-24 4.142149964864705995e-24
