npts 513 dfreq 1.000000000000000021e-02
-0.000000000000000000e+00 0.000000000000000000e+00
6.315405528033119055e-08 -1.076175047051488789e-08
1.589416001201718197e-08 -8.464515817867787063e-07
-1.751302656694321766e-06 -1.684528171353202726e-06
-4.245487513172586529e-06 -1.063597988109778834e-06
-6.399844531742673383e-06 7.384183029140572867e-07
-7.913734704973117860e-06 3.169562848835656893e-06
-8.815146915638354236e-06 5.865221055180301990e-06
-9.209683259640442924e-06 8.630949391760227255e-06
-9.198744321212507714e-06 1.137068508758285781e-05
-8.861989236740710349e-06 1.403881468878146167e-05
-8.258409000081457494e-06 1.661450457016278552e-05
-7.431147458269971301e-06 1.908877477072658301e-05
-6.412002780233254347e-06 2.145814508396898173e-05
-5.224833421942524414e-06 2.372153113139882310e-05
-3.887979146909408702e-06 2.587872574715376485e-05
-2.415921968142090295e-06 2.792970983729125441e-05
-8.204445158044982612e-07 2.987432742011607013e-05
8.885801349677918832e-07 3.171217928845124966e-05
2.702630173796652956e-06 3.344259802520692647e-05
4.614159931251387766e-06 3.506468509409123416e-05
6.616303141544288057e-06 3.657733339332454314e-05
8.702688933243927811e-06 3.797928811849708827e-05
1.086729598418692064e-05 3.926919002118385289e-05
1.310434915374532965e-05 4.044561845086676132e-05
1.540823980368035697e-05 4.150712791204270725e-05
1.777348860035415326e-05 4.245228966248181868e-05
2.019467948070535065e-05 4.327970896022205509e-05
2.266644838549806894e-05 4.398805868488608574e-05
2.518345868292318904e-05 4.457609903939390209e-05
2.774038235658534332e-05 4.504269553857401519e-05
3.033191040841001109e-05 4.538683841813867618e-05
3.295271839351424445e-05 4.560765111369963101e-05
3.559748332060581888e-05 4.570440582708491074e-05
3.826087866644985094e-05 4.567653257356156673e-05
4.093757599081389401e-05 4.552362770086764034e-05
4.362224796224539204e-05 4.524546105946259284e-05
4.630957250208464569e-05 4.484198197459891784e-05
4.899422764055314850e-05 4.431332638931186616e-05
5.167093799323665623e-05 4.365981229776284974e-05
5.433441989865347765e-05 4.288195483822607591e-05
5.697942892532241558e-05 4.198046099499899784e-05
5.960075673708988670e-05 4.095623287941942158e-05
6.219323840719356942e-05 3.981036855695700737e-05
6.475175991623677925e-05 3.854416223577554305e-05
6.727126577513323831e-05 3.715910385732496972e-05
6.974676672236659208e-05 3.565687812448514634e-05
7.217334745157361758e-05 3.403936299869085656e-05
7.454617433085921100e-05 3.230862769414281400e-05
7.686049441473047600e-05 3.046693739042373919e-05
7.911167795602268293e-05 2.851672191827020199e-05
8.129517319185140399e-05 2.646061433368145048e-05
8.340654909175074011e-05 2.430141959211682605e-05
8.544149369173912538e-05 2.204211715142765794e-05
8.739582115515582097e-05 1.968585642002510918e-05
8.926547864526526168e-05 1.723595184716988701e-05
9.104655299187875122e-05 1.469587767239736569e-05
9.273527713555548358e-05 1.206926235071766371e-05
9.432803633414238236e-05 9.359882669963249759e-06
9.582136864381805711e-05 6.571668301028882348e-06
9.721199289948812060e-05 3.708652725664184042e-06
9.849678010954449482e-05 7.750300303820350222e-07
9.967278163878527599e-05 -2.224894085316977630e-06
1.007372281769886371e-04 -5.286699056743923304e-06
1.016875342567016675e-04 -8.405856846464742214e-06
1.025213024542856325e-04 -1.157773953238163658e-05
1.032363272663831274e-04 -1.479762707539667703e-05
1.038305986547687429e-04 -1.806071525056630059e-05
1.043023052533291023e-04 -2.136212372562734180e-05
1.046498372316895286e-04 -2.469690427075504544e-05
1.048717888107708450e-04 -2.806004908340843518e-05
1.049669604263070986e-04 -3.144649921212528852e-05
1.049343605371060110e-04 -3.485115306315962911e-05
1.047732070755572032e-04 -3.826887497389958818e-05
1.044829285386280194e-04 -4.169450383707460473e-05
1.040631683957612258e-04 -4.512283574447796232e-05
1.035137717323233195e-04 -4.854873676500298679e-05
1.028348043705751367e-04 -5.196699545840286589e-05
1.020265407615750198e-04 -5.537243564267723057e-05
1.010894659705619886e-04 -5.875989902209393647e-05
1.000242746127621258e-04 -6.212425378717683776e-05
9.883186943650672002e-05 -6.546040315748593815e-05
9.751335955719403600e-05 -6.876329385261584334e-05
9.607005834620168337e-05 -7.202792447712052777e-05
9.450348097942249542e-05 -7.524935380537792315e-05
9.281534165062555396e-05 -7.842270895272817721e-05
9.100755045536387138e-05 -8.154319341956506122e-05
8.908220995162593450e-05 -8.460609499541203173e-05
8.704161140389744941e-05 -8.760679351039008737e-05
8.488823071772678833e-05 -9.054076842186679702e-05
8.262472407229429683e-05 -9.340360622446862795e-05
8.025392325886556463e-05 -9.619100767204152424e-05
7.777883073335764628e-05 -9.889879480055157321e-05
7.520261439157039111e-05 -1.015229177413255426e-04
7.252860207593437691e-05 -1.040594613144448969e-04
6.976027582289522739e-05 -1.065046513925131124e-04
6.690126586030116973e-05 -1.088548610254210717e-04
6.395536704125091517e-05 -1.111065996104267431e-04
6.092644227775865259e-05 -1.132565861237334794e-04
5.781855003226772579e-05 -1.153016519054391218e-04
5.463584861100173541e-05 -1.172388148748928008e-04
5.138261109088955756e-05 -1.190652668667800977e-04
4.806321802472720254e-05 -1.207783781466413478e-04
4.468214996706464218e-05 -1.223757016323231029e-04
4.124397983147405931e-05 -1.238549768148394748e-04
3.775336508997221337e-05 -1.252141333724094275e-04
3.421503982548024497e-05 -1.264512944717018778e-04
3.063380664832286108e-05 -1.275647797505740462e-04
2.701452848789355282e-05 -1.285531079768264552e-04
2.336212027074199192e-05 -1.294149993777111247e-04
1.968154049649060221e-05 -1.301493776351449465e-04
1.597778272315006104e-05 -1.307553715417671917e-04
1.225586697358850175e-05 -1.312323163131788898e-04
8.520831075116065513e-06 -1.315797545518728828e-04
4.777721944380698105e-06 -1.317974368585516786e-04
1.031586830032651509e-06 -1.318853220867172301e-04
-2.712535474093447224e-06 -1.318435772366022718e-04
-6.449623432206591681e-06 -1.316725769847261875e-04
-1.017465336116820368e-05 -1.313729056062276103e-04
-1.388272121994156699e-05 -1.309453456898724394e-04
-1.756888170443875392e-05 -1.303908902090219254e-04
-2.122827019279232137e-05 -1.297107324349642177e-04
-2.485608309924435092e-05 -1.289062653845133037e-04
-2.844758647923840414e-05 -1.279790790998524706e-04
-3.199812454775734878e-05 -1.269309575460820909e-04
-3.550312809418662026e-05 -1.257638751255912238e-04
-3.895812277642901985e-05 -1.244799928089811972e-04
-4.235873727645168537e-05 -1.230816538829384459e-04
-4.570071129889357095e-05 -1.215713793162109200e-04
-4.897990339383273588e-05 -1.199518627456782336e-04
-5.219229858430259825e-05 -1.182259650854306524e-04
-5.533401577866972122e-05 -1.163967087627840738e-04
-5.840131494755539983e-05 -1.144672715862660227e-04
-6.139060404460977517e-05 -1.124409802517953853e-04
-6.429844565014147762e-05 -1.103213034945701223e-04
-6.712156331638149335e-05 -1.081118448955396214e-04
-6.985684759303199180e-05 -1.058163353527953696e-04
-7.250136171172563769e-05 -1.034386252297400189e-04
-7.505234690811947147e-05 -1.009826761934877893e-04
-7.750722736057412215e-05 -9.845255275860647715e-05
-7.986361472473647752e-05 -9.585241355301281493e-05
-8.211931224387210640e-05 -9.318650232456901050e-05
-8.427231841547323723e-05 -9.045913870868334250e-05
-8.632083019552374995e-05 -8.767470877898217582e-05
-8.826324572283535423e-05 -8.483765540486585112e-05
-9.009816654707681976e-05 -8.195246844147760154e-05
-9.182439934551398051e-05 -7.902367477927968562e-05
-9.344095711505072106e-05 -7.605582828202337494e-05
-9.494705982792413354e-05 -7.305349964340113612e-05
-9.634213454133123500e-05 -7.002126619405160961e-05
-9.762579631586409382e-05 -6.696374826928486082e-05
-9.879792345582111193e-05 -6.388541298766357379e-05
-9.985853903670432910e-05 -6.079084266454484433e-05
-1.008078884092299566e-04 -5.768453943015666957e-05
-1.016464161816053142e-04 -5.457096152899213647e-05
-1.023747629765795728e-04 -5.145451355211397347e-05
-1.029937616410351881e-04 -4.833953686648587752e-05
-1.035044329187440293e-04 -4.523030027761607805e-05
-1.039079805997937138e-04 -4.213099096133064443e-05
-1.042057861630481903e-04 -3.904570569975349256e-05
-1.043994029308465803e-04 -3.597844245555954963e-05
-1.044905497579040333e-04 -3.293309231729546862e-05
-1.044811042790600960e-04 -2.991343184701525314e-05
-1.043730957430613995e-04 -2.692311585968717308e-05
-1.041686974619832241e-04 -2.396567066178143546e-05
-1.038702189081074681e-04 -2.104448777417673573e-05
-1.034800974921089550e-04 -1.816281816203705473e-05
-1.030008900582022132e-04 -1.532376699162973929e-05
-1.024352641334548179e-04 -1.253028893121043760e-05
-1.017859889697741857e-04 -9.785184010101947348e-06
-1.010559264180851361e-04 -7.091094046993415028e-06
-1.002480216749513910e-04 -4.450499655283356358e-06
-9.936529394231910181e-05 -1.865717830044115246e-06
-9.841082704119751782e-05 6.610998820941574589e-07
-9.738776001991426650e-05 3.127968632111167235e-06
-9.629927779711639965e-05 5.533070942016188768e-06
-9.514860187892311611e-05 7.874756810889410220e-06
-9.393898118858710607e-05 1.015154326496923815e-05
-9.267368304570988930e-05 1.236211336615964980e-05
-9.135598433048369444e-05 1.450531469610337678e-05
-8.998916286662999469e-05 1.658015733558655593e-05
-8.857648905468735881e-05 1.858581136144157016e-05
-8.712121778509709360e-05 2.052160388531102178e-05
-8.562658065816434235e-05 2.238701566059266278e-05
-8.409577853546430044e-05 2.418167728560326676e-05
-8.253197444464782889e-05 2.590536503245318166e-05
-8.093828685689703111e-05 2.755799633232784926e-05
-7.931778335353416591e-05 2.913962494880297701e-05
-7.767347469549417543e-05 3.065043587149630526e-05
-7.600830930660279949e-05 3.209073996276795901e-05
-7.432516817883272136e-05 3.346096839034310870e-05
-7.262686020501387394e-05 3.476166687864077102e-05
-7.091611794183053357e-05 3.599348981127725738e-05
-6.919561997897752999e-05 3.715717706649084733e-05
-6.746788294930547631e-05 3.825361753176178430e-05
-6.573541532004560054e-05 3.928373699011295628e-05
-6.400061050060179709e-05 4.024856360969911130e-05
-6.226577076162119484e-05 4.114920358559339954e-05
-6.053310550561683462e-05 4.198683498748339242e-05
-5.880472992384617981e-05 4.276270166041497945e-05
-5.708266402583276646e-05 4.347810720198538631e-05
-5.536883202661176779e-05 4.413440903771479937e-05
-5.366506207563495146e-05 4.473301261460217303e-05
-5.197308631031556230e-05 4.527536573111189529e-05
-5.029454121641027372e-05 4.576295302005512476e-05
-4.863096827681635218e-05 4.619729059904968454e-05
-4.698381488991542742e-05 4.657992090147113041e-05
-4.535443553829989686e-05 4.691240769906407810e-05
-4.374409318856890166e-05 4.719633132567991159e-05
-4.215396090287568191e-05 4.743328410995154601e-05
-4.058512364302736076e-05 4.762486602312607876e-05
-3.903858024817618921e-05 4.777268054674993795e-05
-3.751524556748707633e-05 4.787833076345516354e-05
-3.601595272960987848e-05 4.794341567273088019e-05
-3.454145553130890203e-05 4.796952673228496006e-05
-3.309243092820707976e-05 4.795824462441292037e-05
-3.166948161126427436e-05 4.791113624569594802e-05
-3.027313865332981115e-05 4.782975191734619574e-05
-2.890386421086957834e-05 4.771562281260987508e-05
-2.756205426676327816e-05 4.757025859682106737e-05
-2.624804140088994906e-05 4.739514527497389068e-05
-2.496209757605259729e-05 4.719174324104582580e-05
-2.370443692764251622e-05 4.696148552275250900e-05
-2.247521854628903784e-05 4.670577621494716370e-05
-2.127454924358331960e-05 4.642598909449007155e-05
-2.010248629179641738e-05 4.612346640909621893e-05
-1.895904012933114188e-05 4.579951783242810093e-05
-1.784417702443940920e-05 4.545541957751982705e-05
-1.675782169051418584e-05 4.509241366050250021e-05
-1.569985984700622819e-05 4.471170730653764575e-05
-1.467014072073388021e-05 4.431447248985740940e-05
-1.366847948303828916e-05 4.390184559984583977e-05
-1.269465961888220899e-05 4.347492722517248750e-05
-1.174843522460992716e-05 4.303478204810958163e-05
-1.082953323166051987e-05 4.258243884130839168e-05
-9.937668887671621801e-06 4.211889767546468839e-05
-9.072494088951471797e-06 4.164510178315824167e-05
-8.233680586287841412e-06 4.116198005531545467e-05
-7.420867342622187075e-06 4.067041938398995363e-05
-6.633676105052692801e-06 4.017127201589908912e-05
-5.871713155279094402e-06 3.966535601332457471e-05
-5.134570980230399010e-06 3.915345576955895067e-05
-4.421829863513934034e-06 3.863632257310601736e-05
-3.733059398594691864e-06 3.811467521513037775e-05
-3.067819924851978290e-06 3.758920063493806146e-05
-2.425663887874145091e-06 3.706055459855756322e-05
-1.806137125535243347e-06 3.652936240577507615e-05
-1.208780081560423075e-06 3.599621962125889489e-05
-6.331289484225135876e-07 3.546169282568371672e-05
-7.871674152954806081e-08 3.492632038303663291e-05
4.549256932411567964e-07 3.439061322054977262e-05
9.682687365322858752e-07 3.385505561795699721e-05
1.461783114824329153e-06 3.332010600302430346e-05
1.935939079847755417e-06 3.278619775053558583e-05
2.391205645823232712e-06 3.225373998214672264e-05
2.828049882245592721e-06 3.172311836474111201e-05
3.246936259926161619e-06 3.119469590512303022e-05
3.648326048009857680e-06 3.066881373909056068e-05
4.032676759701352200e-06 3.014579191311288160e-05
4.400441644457552921e-06 2.962593015701763734e-05
4.752069224434099256e-06 2.910950864626323661e-05
5.088002873012854544e-06 2.859678875252740190e-05
5.408680433279852114e-06 2.808801378149368994e-05
5.714533874370472666e-06 2.758340969685843958e-05
6.005988983653596165e-06 2.708318582970755658e-05
6.283465092779246661e-06 2.658753557253894912e-05
6.547374835675142506e-06 2.609663705731481780e-05
6.798123936636487430e-06 2.561065381703661717e-05
7.036111026717595554e-06 2.512973543043002097e-05
7.261727486695865772e-06 2.465401814941817451e-05
7.475357314944165168e-06 2.418362550914242954e-05
7.677377018612031946e-06 2.371866892036678933e-05
7.868155526581115567e-06 2.325924824416979040e-05
8.048054122724873315e-06 2.280545234889042386e-05
8.217426398066179241e-06 2.235735964935344321e-05
8.376618220490822562e-06 2.191503862844787563e-05
8.525967720735620997e-06 2.147854834118190898e-05
8.665805293432839485e-06 2.104793890137720503e-05
8.796453612050587610e-06 2.062325195120321279e-05
8.918227656629038814e-06 2.020452111378451439e-05
9.031434753267690162e-06 1.979177242914427831e-05
9.136374624375192136e-06 1.938502477377101161e-05
9.233339448746058278e-06 1.898429026411804242e-05
9.322613930580894170e-06 1.858957464436474064e-05
9.404475376616265548e-06 1.820087765878319265e-05
9.479193780578936546e-06 1.781819340906843862e-05
9.547031914225287649e-06 1.744151069700024728e-05
9.608245424271324344e-06 1.707081335281355761e-05
9.663082934561172878e-06 1.670608054966172721e-05
9.711786152863311733e-06 1.634728710455971511e-05
9.754589981722017379e-06 1.599440376619955167e-05
9.791722632829990360e-06 1.564739749003014961e-05
9.823405744422505456e-06 1.530623170099413747e-05
9.849854501228103791e-06 1.497086654431390180e-05
9.871277756542930364e-06 1.464125912471517391e-05
9.887878156026083299e-06 1.431736373447538737e-05
9.899852262843110884e-06 1.399913207067707495e-05
9.907390683811526577e-06 1.368651344204462721e-05
9.910678196228993593e-06 1.337945496573425430e-05
9.909893958930088000e-06 1.307791082552062918e-05
9.905211420015748854e-06 1.278180600075388804e-05
9.896798594792609845e-06 1.249109135699294043e-05
9.884818214728937073e-06 1.220570702477352144e-05
9.869427816614435164e-06 1.192559178884589885e-05
9.850779868061019419e-06 1.165068323210167133e-05
9.829021892067311636e-06 1.138091787185382772e-05
9.804296590488967560e-06 1.111623128878097578e-05
9.776741966272841072e-06 1.085655824883729261e-05
9.746491444326759552e-06 1.060183281842200887e-05
9.713673990910403448e-06 1.035198847309269098e-05
9.678414231444956581e-06 1.010695820009836081e-05
9.640832566650970928e-06 9.866674595000171286e-06
9.601045286934685837e-06 9.631069952637723747e-06
9.559164684953314512e-06 9.400076352691887625e-06
9.515299166298733192e-06 9.173625740085013648e-06
9.469553358248476626e-06 8.951650000452968746e-06
9.422028216540392228e-06 8.734081030913183632e-06
9.372821130135162383e-06 8.520850806346849486e-06
9.322026023937778891e-06 8.311891441403477967e-06
9.269733459455406296e-06 8.107135248430353533e-06
9.216030733375155906e-06 7.906514791520076111e-06
9.161001974050440603e-06 7.709962936862946257e-06
9.104728235890121809e-06 7.517412899583908628e-06
9.047287591648488591e-06 7.328798287235288243e-06
8.988755222619080931e-06 7.144053140112074085e-06
8.929203506738886113e-06 6.963111968547635267e-06
8.868702104612581329e-06 6.785909787342387382e-06
8.807318043470442796e-06 6.612382147471561169e-06
8.745115799075808344e-06 6.442465165212125314e-06
8.682157375600738349e-06 6.276095548822664108e-06
8.618502383490983081e-06 6.113210622904882722e-06
8.554208115343387247e-06 5.953748350569466718e-06
8.489329619820615847e-06 5.797647353523819909e-06
8.423919773630009957e-06 5.644846930194434216e-06
8.358029351594529587e-06 5.495287071990810793e-06
8.291707094845224808e-06 5.348908477814071387e-06
8.224999777165728306e-06 5.205652566907960101e-06
8.157952269520356945e-06 5.065461490146468827e-06
8.090607602797706335e-06 4.928278139846450508e-06
8.023007028803182654e-06 4.794046158191619298e-06
7.955190079533356942e-06 4.662709944348055072e-06
7.887194624766714356e-06 4.534214660349911810e-06
7.819056928004405264e-06 4.408506235827980716e-06
7.750811700795855281e-06 4.285531371652313060e-06
7.682492155483801663e-06 4.165237542555427003e-06
7.614130056403286203e-06 4.047572998799981639e-06
7.545755769569402431e-06 3.932486766951496355e-06
7.477398310888347599e-06 3.819928649813776425e-06
7.409085392926174922e-06 3.709849225581955030e-06
7.340843470269620343e-06 3.602199846265198472e-06
7.272697783512764900e-06 3.496932635428405802e-06
7.204672401903576600e-06 3.394000485300299851e-06
7.136790264683354261e-06 3.293357053292085390e-06
7.069073221152281232e-06 3.194956757969170074e-06
7.001542069493720088e-06 3.098754774516269053e-06
6.934216594389187376e-06 3.004707029733557412e-06
6.867115603455941559e-06 2.912770196600274222e-06
6.800256962538311757e-06 2.822901688439748048e-06
6.733657629883460381e-06 2.735059652718206478e-06
6.667333689231843309e-06 2.649202964507999259e-06
6.601300381852004412e-06 2.565291219644059969e-06
6.535572137548925406e-06 2.483284727601294906e-06
6.470162604674341338e-06 2.403144504118176333e-06
6.405084679167169467e-06 2.324832263591503009e-06
6.340350532651531831e-06 2.248310411265100880e-06
6.275971639619126727e-06 2.173542035234222123e-06
6.211958803722378224e-06 2.100490898286157653e-06
6.148322183204022885e-06 2.029121429596448728e-06
6.085071315488346475e-06 1.959398716298718699e-06
6.022215140958603269e-06 1.891288494945362017e-06
5.959762025944729607e-06 1.824757142875223949e-06
5.897719784944708621e-06 1.759771669503212646e-06
5.836095702102454340e-06 1.696299707546191049e-06
5.774896551964657294e-06 1.634309504198402779e-06
5.714128619538314645e-06 1.573769912269025487e-06
5.653797719670107102e-06 1.514650381293373653e-06
5.593909215768334268e-06 1.456920948628799934e-06
5.534468037887631348e-06 1.400552230545553507e-06
5.475478700196062453e-06 1.345515413322126608e-06
5.416945317843572529e-06 1.291782244353896749e-06
5.358871623250623212e-06 1.239325023283575797e-06
5.301260981834888384e-06 1.188116593160970198e-06
5.244116407193742077e-06 1.138130331639385968e-06
5.187440575759640319e-06 1.089340142215275354e-06
5.131235840945034327e-06 1.041720445517331368e-06
5.075505931402966145e-06 9.952475643065094327e-07
5.020249211319391264e-06 9.498941066000108326e-07
4.965468844060545275e-06 9.056374207711890480e-07
4.911166022763012651e-06 8.624539100325608920e-07
4.857341681160898951e-06 8.203204521004033429e-07
4.803996504992078976e-06 7.792143908855198914e-07
4.751130942997973302e-06 7.391135282648470775e-07
4.698745217530056726e-06 6.999961159370565192e-07
4.646839334775990478e-06 6.618408473649834310e-07
4.595413094617689817e-06 6.246268498072744981e-07
4.544466100133354031e-06 5.883336764415549090e-07
4.493997766755345260e-06 5.529412985811705044e-07
4.444007331094952976e-06 5.184300979871521006e-07
4.394493859445419774e-06 4.847808592771322626e-07
4.345456255973494512e-06 4.519747624323248810e-07
4.296893270610141378e-06 4.199933754039230709e-07
4.248803506650315152e-06 3.888186468197738607e-07
4.201185428071443609e-06 3.584328987921202163e-07
4.154037366580159732e-06 3.288188198271201090e-07
4.107357528396418130e-06 2.999594578365988608e-07
4.061144000783595592e-06 2.718382132523030111e-07
4.015394758333384928e-06 2.444388322429913413e-07
3.970107669013726256e-06 2.177454000344083217e-07
3.925280499987670927e-06 1.917423343320794700e-07
3.880910923211106340e-06 1.664143788468585298e-07
3.836996520816768397e-06 1.417465969229670643e-07
3.793534790291887098e-06 1.177243652682187033e-07
3.750523149456548573e-06 9.433336778603360113e-08
3.707958941249500266e-06 7.155958950873056055e-08
3.665839438328089988e-06 4.938931063154210024e-08
3.624161847488772896e-06 2.780910064678934235e-08
3.582923313914281651e-06 6.805812577415243402e-09
3.542120925253533826e-06 -1.363342269076049791e-08
3.501751715540038932e-06 -3.352120197894285794e-08
3.461812668954440369e-06 -5.286985528820132551e-08
3.422300723436597642e-06 -7.169145117621702356e-08
3.383212774152487559e-06 -8.999780203878780192e-08
3.344545676820948574e-06 -1.078004692971393363e-07
3.306296250905293735e-06 -1.251107684919667082e-07
3.268461282674420416e-06 -1.419397742853090589e-07
3.231037528138072550e-06 -1.582983253712819305e-07
3.194021715860726436e-06 -1.741970292967397627e-07
3.157410549658360680e-06 -1.896462671930054224e-07
3.121200711182196372e-06 -2.046561984197696829e-07
3.085388862393673991e-06 -2.192367651222790933e-07
3.049971647934180546e-06 -2.333976967030264859e-07
3.014945697393622765e-06 -2.471485142090422214e-07
2.980307627481265808e-06 -2.604985346359851188e-07
2.946054044102430211e-06 -2.734568751502327890e-07
2.912181544344469464e-06 -2.860324572301162400e-07
2.878686718375153814e-06 -2.982340107275423060e-07
2.845566151256849662e-06 -3.100700778511391888e-07
2.812816424679350343e-06 -3.215490170721756758e-07
2.780434118614433444e-06 -3.326790069544201872e-07
2.748415812895030061e-06 -3.434680499090992943e-07
2.716758088721582268e-06 -3.539239758762427216e-07
2.685457530098485633e-06 -3.640544459335023172e-07
2.654510725203080385e-06 -3.738669558336700670e-07
2.623914267689668799e-06 -3.833688394720758616e-07
2.593664757930951674e-06 -3.925672722850383704e-07
2.563758804199319113e-06 -4.014692745805035694e-07
2.534193023790099221e-06 -4.100817148020563453e-07
2.504964044089031803e-06 -4.184113127274318361e-07
2.476068503585964355e-06 -4.264646426026782613e-07
2.447503052836933693e-06 -4.342481362130915482e-07
2.419264355376386125e-06 -4.417680858920233732e-07
2.391349088581645305e-06 -4.490306474687014553e-07
2.363753944491225680e-06 -4.560418431561343917e-07
2.336475630578924889e-06 -4.628075643801713665e-07
2.309510870485323110e-06 -4.693335745508167134e-07
2.282856404708222062e-06 -4.756255117768539380e-07
2.256508991253840124e-06 -4.816888915247835187e-07
2.230465406250060801e-06 -4.875291092231689577e-07
2.204722444523289262e-06 -4.931514428133700929e-07
2.179276920140428918e-06 -4.985610552476682526e-07
2.154125666917142269e-06 -5.037629969358065211e-07
2.129265538893971935e-06 -5.087622081408874401e-07
2.104693410781331530e-06 -5.135635213256327787e-07
2.080406178374824981e-06 -5.181716634499144518e-07
2.056400758941978049e-06 -5.225912582205233672e-07
2.032674091581487450e-06 -5.268268282941040217e-07
2.009223137556188659e-06 -5.308827974341361836e-07
1.986044880600790181e-06 -5.347634926228835385e-07
1.963136327205282305e-06 -5.384731461291954015e-07
1.940494506875206607e-06 -5.420158975329984711e-07
1.918117147711776556e-06 -5.453956955373361562e-07
1.895999967385079942e-06 -5.486167053531761680e-07
1.874140749094981711e-06 -5.516826951700356797e-07
1.852536616578820915e-06 -5.545974532235713042e-07
1.831184717574376510e-06 -5.573646845630549412e-07
1.810082223959627803e-06 -5.599880128335982258e-07
1.789226331875272463e-06 -5.624709820207790901e-07
1.768614261830796018e-06 -5.648170581584250387e-07
1.748243258794728507e-06 -5.670296310003086913e-07
1.728110592269918600e-06 -5.691120156564752527e-07
1.708213556354275398e-06 -5.710674541949374529e-07
1.688549469787862821e-06 -5.728991172094181243e-07
1.669115675986743026e-06 -5.746101053538724638e-07
1.649909543064309777e-06 -5.762034508444270562e-07
1.630928463840635033e-06 -5.776821189294469523e-07
1.612169855840324678e-06 -5.790490093283542200e-07
1.593631161279525888e-06 -5.803069576398551593e-07
1.575309847042511753e-06 -5.814587367202127267e-07
1.557203404648341207e-06 -5.825070580321790080e-07
1.539309350208111398e-06 -5.834545729651932641e-07
1.521625224373224515e-06 -5.843038741274471532e-07
1.504148592275102544e-06 -5.850574966104014772e-07
1.486877043456815619e-06 -5.857179192263301167e-07
1.469808191796973359e-06 -5.862875657194524202e-07
1.452939675426307154e-06 -5.867688059512017594e-07
1.436269156637295776e-06 -5.871639570601853757e-07
1.419794321787258455e-06 -5.874752845973524192e-07
1.403512881195148577e-06 -5.877050036368930116e-07
1.387422569032509198e-06 -5.878552798633926458e-07
1.371521143208804903e-06 -5.879282306357183797e-07
1.355806385251541870e-06 -5.879259260281480061e-07
1.340276100181368411e-06 -5.878503898492153753e-07
1.324928116382530602e-06 -5.877036006387310659e-07
1.309760285468901953e-06 -5.874874926434625905e-07
1.294770482145890990e-06 -5.872039567719103571e-07
1.279956604068436395e-06 -5.868548415286227029e-07
1.265316571695395474e-06 -5.864419539284893988e-07
1.250848328140474198e-06 -5.859670603914401048e-07
1.236549839020019402e-06 -5.854318876179530831e-07
1.222419092297829435e-06 -5.848381234458001189e-07
1.208454098127172985e-06 -5.841874176884059564e-07
1.194652888690302803e-06 -5.834813829552348597e-07
1.181013518035572752e-06 -5.827215954545759360e-07
