npts 513 dfreq 1.000000000000000021e-02
-0.000000000000000000e+00 0.000000000000000000e+00
1.783661253727337848e-14 4.417567709451302785e-13
1.140200435862411173e-12 1.409688175363552322e-11
1.296214161832273240e-11 1.065513346181319133e-10
7.262995232287993251e-11 4.460833516345903232e-10
2.760837524931788710e-10 1.349913014370897540e-09
8.208266706392803336e-10 3.324435297436682157e-09
2.059265729157882850e-09 7.097586449948852733e-09
4.561428142741736071e-09 1.364165077915767919e-08
9.185622354317439318e-09 2.418495562277542911e-08
1.715539055608952666e-08 4.021107597518826055e-08
3.014100163871898664e-08 6.344455975827049699e-08
5.034338176572351691e-08 9.582201659216896667e-08
8.057850178610392136e-08 1.394482071338815269e-07
1.243601259218257580e-07 1.965368407233038902e-07
1.859781977687621789e-07 2.693353722620122206e-07
2.705715367826830404e-07 3.600352759028688290e-07
3.841912873137715608e-07 4.706666608318268258e-07
5.338542131079764933e-07 6.029796398204457784e-07
7.275824640319450524e-07 7.583122102395868047e-07
9.744305060301578208e-07 9.374482671299801508e-07
1.284491626151879418e-06 1.140462803254718040e-06
1.668889629909193507e-06 1.366562075669191113e-06
2.139749048767155696e-06 1.613916553021524727e-06
2.710144671316716257e-06 1.879490640271812339e-06
3.394027728405615943e-06 2.158870860998451473e-06
4.206136318466204479e-06 2.446098362187925648e-06
5.161869782015300322e-06 2.733500448849635558e-06
6.277152843269070974e-06 3.011534617767483835e-06
7.568271027458957245e-06 3.268640021344838279e-06
9.051682324146414647e-06 3.491101980747647504e-06
1.074382255072294369e-05 3.662934235380353264e-06
1.266086268296272169e-05 3.765775446325403893e-06
1.481847599029100327e-05 3.778811142381657912e-06
1.723157580573934342e-05 3.678716954681394295e-06
1.991404235944426652e-05 3.439628103466283217e-06
2.287843865752787361e-05 3.033136699287586377e-06
2.613571828072731219e-05 2.428318608906822311e-06
2.969491412659270354e-05 1.591794989580511999e-06
3.356289475717113419e-05 4.878087371425748584e-07
3.774398641574032984e-05 -9.216338093395096795e-07
4.223973432350469940e-05 -2.676618441258888637e-06
4.704860735198334313e-05 -4.819131090816509339e-06
5.216572850443425367e-05 -7.392835831416107299e-06
5.758262200695184343e-05 -1.044282104593956218e-05
6.328698067850949908e-05 -1.401531508494403724e-05
6.926245713916204347e-05 -1.815737316576766422e-05
7.548848225418749080e-05 -2.291653768380080220e-05
8.194011399955864502e-05 -2.834047451244501570e-05
8.858789411592951288e-05 -3.447656355776502259e-05
9.539786795586864424e-05 -4.137159208335551645e-05
1.023313893226048416e-04 -4.907119869365882792e-05
1.093452172306543538e-04 -5.761953680123040430e-05
1.163915290079055325e-04 -6.705881994970084962e-05
1.234180007499889955e-04 -7.742888736536244175e-05
1.303679307339749920e-04 -8.876677230970781427e-05
1.371804057659980699e-04 -1.011062777810913188e-04
1.437905099211567628e-04 -1.144775641257821341e-04
1.501295746150927432e-04 -1.289067530681391812e-04
1.561254464267865022e-04 -1.444154916357025318e-04
1.617029043708969683e-04 -1.610208415332306596e-04
1.667838856024430694e-04 -1.787346050438163724e-04
1.712879728275602093e-04 -1.975632678413737195e-04
1.751327943516065629e-04 -2.175076898450885267e-04
1.782344725215866523e-04 -2.385628918435705895e-04
1.805080930216682088e-04 -2.607178835991643133e-04
1.818681906708697054e-04 -2.839555354545336458e-04
1.822292471733229669e-04 -3.082524949589495475e-04
1.815061961364918203e-04 -3.335791495072596802e-04
1.796149306033223533e-04 -3.598996354489603284e-04
1.764728083412137353e-04 -3.871718935869617600e-04
1.719991501933413973e-04 -4.153477704544055620e-04
1.661157269243771016e-04 -4.443731642418301741e-04
1.587472301799947375e-04 -4.741882137543471836e-04
1.498217234235028656e-04 -5.047275283168707822e-04
1.392711554094745708e-04 -5.359202171037106112e-04
1.270314273370444914e-04 -5.676911450274015969e-04
1.130432417613788963e-04 -5.999598477640635460e-04
9.725213126164433198e-05 -6.326418394325227087e-04
7.960883281413619003e-05 -6.656487684738545589e-04
6.006955104707646247e-05 -6.988888291139188453e-04
3.859618282836146691e-05 -7.322671900785554218e-04
1.515650227630069231e-05 -7.656864365180380931e-04
-1.027569426523269137e-05 -7.990470211008179197e-04
-3.772048330818864774e-05 -8.322477202923922891e-04
-6.719174896142040361e-05 -8.651860919397768570e-04
-9.869715654219921388e-05 -8.977589304313110096e-04
-1.322381639064352621e-04 -9.298627158906393533e-04
-1.678100690172080534e-04 -9.613940540873546761e-04
-2.054020919792815957e-04 -9.922501039995601253e-04
-2.449974895141465020e-04 -1.022328990239729923e-03
-2.865736996370564418e-04 -1.051530197849106412e-03
-3.301025141249050616e-04 -1.079754947271841089e-03
-3.755502762313097384e-04 -1.106906547632790843e-03
-4.228781010119179724e-04 -1.132890726757300719e-03
-4.720421155671489948e-04 -1.157615936682697627e-03
-5.229937164891503704e-04 -1.180993633715368132e-03
-5.756794355327504373e-04 -1.202938371484574189e-03
-6.300428360271314579e-04 -1.223368683790365978e-03
-6.860224062342808052e-04 -1.242206285294803663e-03
-7.435534458437732374e-04 -1.259376923719486953e-03
-8.025679768342233343e-04 -1.274810356066381593e-03
-8.629950497877406351e-04 -1.288440471368912724e-03
-9.247610502204179576e-04 -1.300205388620877690e-03
-9.877900029742808698e-04 -1.310047530770521015e-03
-1.052003872877816824e-03 -1.317913675799791762e-03
-1.117322860048597464e-03 -1.323754986019269825e-03
-1.183665688379934196e-03 -1.327527016798406203e-03
-1.250949885921718695e-03 -1.329189706019469168e-03
-1.319092056031501278e-03 -1.328707345593195489e-03
-1.388008138333645791e-03 -1.326048536405934671e-03
-1.457613658680512441e-03 -1.321186128083524708e-03
-1.527823967458851731e-03 -1.314097144957735016e-03
-1.598554465725849890e-03 -1.304762699608546985e-03
-1.669720818791769167e-03 -1.293167895331161655e-03
-1.741239156989317274e-03 -1.279301718842255952e-03
-1.813026263483381514e-03 -1.263156924496894925e-03
-1.884999749078299872e-03 -1.244729911237260102e-03
-1.957077666868594842e-03 -1.224020759257221907e-03
-2.029180850211118308e-03 -1.201032449847966267e-03
-2.101229766178627952e-03 -1.175771670314265400e-03
-2.173146827616907664e-03 -1.148248061526786204e-03
-2.244855958520682992e-03 -1.118474223253987723e-03
-2.316282694495237597e-03 -1.086465569746620325e-03
-2.387354272005451968e-03 -1.052240184851312285e-03
-2.457999706860403751e-03 -1.015818677355854495e-03
-2.528149862406545850e-03 -9.772240372031796175e-04
-2.597737507921292401e-03 -9.364814931471876578e-04
-2.666697367711701790e-03 -8.936183723622708949e-04
-2.734966161430731329e-03 -8.486639624594771768e-04
-2.802482636126624703e-03 -8.016493763063828456e-04
-2.869187590539908680e-03 -7.526074199948340222e-04
-2.935023892157844708e-03 -7.015724642509747104e-04
-2.999936487528356583e-03 -6.485803195354844985e-04
-3.063872406324951586e-03 -5.936681150386704251e-04
-3.126780759641327283e-03 -5.368741817350632063e-04
-3.188612732979711605e-03 -4.782379396252735932e-04
-3.249321574380679631e-03 -4.177997892592321370e-04
-3.308862578124835852e-03 -3.556010076041468985e-04
-3.367193064418295880e-03 -2.916836482927558419e-04
-3.424272355454823467e-03 -2.260904462624548311e-04
-3.480061748228136138e-03 -1.588647267734893606e-04
-3.534524484448021021e-03 -9.005031877447908315e-05
-3.587625717894263235e-03 -1.969147256612667723e-05
-3.639332479522687080e-03 5.216721830149693246e-05
-3.689613640618241621e-03 1.254808909758612571e-04
-3.738439874271041932e-03 2.002044831823584050e-04
-3.785783615432607250e-03 2.762927991369245250e-04
-3.831619019791641934e-03 3.537005715978605472e-04
-3.875921921691121482e-03 4.323825201702232823e-04
-3.918669154365375142e-03 5.122921839809099548e-04
-3.959841078315543689e-03 5.933868432247040373e-04
-3.999417644027578565e-03 6.756202885091971500e-04
-4.037380967278814473e-03 7.589476991489134015e-04
-4.073714624333843286e-03 8.433244808865592024e-04
-4.108403607876447150e-03 9.287063043091773121e-04
-4.141434283105153297e-03 1.015049140397147323e-03
-4.172794344100003334e-03 1.102309293333535514e-03
-4.202472770557091723e-03 1.190443430699691420e-03
-4.230459784977261793e-03 1.279408611180995461e-03
-4.256746810385503982e-03 1.369162309904387465e-03
-4.281326428648859692e-03 1.459662441526492476e-03
-4.304192339452154840e-03 1.550867381188351544e-03
-4.325339319983210161e-03 1.642735983449399809e-03
-4.344763185371966659e-03 1.735227599310169627e-03
-4.362460749921492388e-03 1.828302091429541421e-03
-4.378429789162460728e-03 1.921919847638861676e-03
-4.392669002757575505e-03 2.016041792851569654e-03
-4.405177978276724957e-03 2.110629399463187072e-03
-4.415957155859471031e-03 2.205644696332954933e-03
-4.425007793776907818e-03 2.301050276434481873e-03
-4.432331934901168058e-03 2.396809303259306301e-03
-4.437932374087238951e-03 2.492885516053333552e-03
-4.441812626468823709e-03 2.589243233962821526e-03
-4.443976896666724900e-03 2.685847359162786205e-03
-4.444430048906104075e-03 2.782663379037363018e-03
-4.443177578036310200e-03 2.879657367478321520e-03
-4.440225581445204385e-03 2.976795985364483546e-03
-4.435580731857940301e-03 3.074046480281837287e-03
-4.429250251008669606e-03 3.171376685540786521e-03
-4.421241884172180149e-03 3.268755018544191714e-03
-4.411563875541390546e-03 3.366150478556937612e-03
-4.400224944435426021e-03 3.463532643924890041e-03
-4.387234262322335133e-03 3.560871668788487005e-03
-4.372601430639489611e-03 3.658138279333776610e-03
-4.356336459394472699e-03 3.755303769620998641e-03
-4.338449746528383680e-03 3.852339997028735377e-03
-4.318952058023348313e-03 3.949219377349143592e-03
-4.297854508735727413e-03 4.045914879567897096e-03
-4.275168543936176679e-03 4.142400020360207519e-03
-4.250905921537697849e-03 4.238648858332436618e-03
-4.225078694992788313e-03 4.334635988036983703e-03
-4.197699196840703507e-03 4.430336533786288604e-03
-4.168780473446673761e-03 4.525724697929302091e-03
-4.138334490626269235e-03 4.620779541037857950e-03
-4.106374752966609511e-03 4.715476287663350301e-03
-4.072914557169220878e-03 4.809792116088002292e-03
-4.037967405856249595e-03 4.903704701204489487e-03
-4.001546994628190496e-03 4.997192207580291624e-03
-3.963667199643756099e-03 5.090233282459926539e-03
-3.924342065704405393e-03 5.182807048719851283e-03
-3.883585794826803494e-03 5.274893097789678381e-03
-3.841412735286479484e-03 5.366471482552208523e-03
-3.797837371116572457e-03 5.457522710234045428e-03
-3.752874312045747542e-03 5.548027735297424157e-03
-3.706538283859837218e-03 5.637967952343253542e-03
-3.658844119172124064e-03 5.727325189034392430e-03
-3.609806748587566193e-03 5.816081699047528919e-03
-3.559441192246681675e-03 5.904220155061378622e-03
-3.507762551735107894e-03 5.991723641788049802e-03
-3.454786002345434665e-03 6.078575649054083173e-03
-3.400526785678068681e-03 6.164760064936854536e-03
-3.345000202568442372e-03 6.250261168961612941e-03
-3.288221606328228103e-03 6.335063625363920523e-03
-3.230206396288491828e-03 6.419152476421682504e-03
-3.170970011633310586e-03 6.502513135860644479e-03
-3.110527925512503958e-03 6.585131382336739669e-03
-3.048895639422662639e-03 6.666993352998262963e-03
-2.986088677845961242e-03 6.748085537130549261e-03
-2.922122583136546516e-03 6.828394769885508427e-03
-2.857012910644763076e-03 6.907908226097939780e-03
-2.790775224069584181e-03 6.986613414190394680e-03
-2.723425091030244778e-03 7.064498170168031360e-03
-2.654978078848086592e-03 7.141550651704597387e-03
-2.585449750530203605e-03 7.217759332320570174e-03
-2.514855660946556035e-03 7.293112995654189336e-03
-2.443211353192665039e-03 7.367600729825803281e-03
-2.370532355130215447e-03 7.441211921896162367e-03
-2.296834176098233420e-03 7.513936252418507676e-03
-2.222132303787646441e-03 7.585763690084775489e-03
-2.146442201272513121e-03 7.656684486465720543e-03
-2.069779304191149156e-03 7.726689170844605083e-03
-1.992159018071039747e-03 7.795768545144286278e-03
-1.913596715791232757e-03 7.863913678947127839e-03
-1.834107735176403447e-03 7.931115904607139930e-03
-1.753708603888280834e-03 7.997365814145913215e-03
-1.672412142067192936e-03 8.062657262402463457e-03
-1.590234782627494110e-03 8.126981328817712777e-03
-1.507191701558566839e-03 8.190330349770985618e-03
-1.423298029550889004e-03 8.252696901332411822e-03
-1.338568850268904813e-03 8.314073794912214127e-03
-1.253019198720330086e-03 8.374454072996161125e-03
-1.166664059717590013e-03 8.433831004966096251e-03
-1.079518366427302794e-03 8.492198083004384029e-03
-9.915969990038227787e-04 8.549549018081180687e-03
-9.029147833031072679e-04 8.605877736023195140e-03
-8.134864896731944456e-04 8.661178373662925534e-03
-7.233268318178893552e-04 8.715445275066908970e-03
-6.324504657301889023e-04 8.768672987841895014e-03
-5.408719886923311904e-04 8.820856259517628056e-03
-4.486059383393575274e-04 8.871990034004878511e-03
-3.556667917831423395e-04 8.922069448127616098e-03
-2.620689647942152345e-04 8.971089828227755275e-03
-1.678268110385027574e-04 9.019046686841485777e-03
-7.295462136637769629e-05 9.065935719445656488e-03
2.253337684828571691e-05 9.111752801273005284e-03
1.186230203217626705e-04 9.156493984194978911e-03
2.153002104288318050e-04 9.200155493670727352e-03
3.125509137282652316e-04 9.242733725761171151e-03
4.103611624474296231e-04 9.284225244206655014e-03
5.087170549280622088e-04 9.324626777567119121e-03
6.076047560351849558e-04 9.363935216423421165e-03
7.070104975309915527e-04 9.402147610638542791e-03
8.069205784154171585e-04 9.439261166677523351e-03
9.073213652352580486e-04 9.475273244984882409e-03
1.008199292363263144e-03 9.510181357418273293e-03
1.109540862248947594e-03 9.543983164737208924e-03
1.211332645642446484e-03 9.576676474145701112e-03
1.313561281792999073e-03 9.608259236887647589e-03
1.416213478623284385e-03 9.638729545893761144e-03
1.519276012881019561e-03 9.668085633478968807e-03
1.622735730269007090e-03 9.696325869089181260e-03
1.726579545554833084e-03 9.723448757096263273e-03
1.830794442661429385e-03 9.749452934640231994e-03
1.935367474739426493e-03 9.774337169517482646e-03
2.040285764222559556e-03 9.798100358114143066e-03
2.145536502866925588e-03 9.820741523383426028e-03
2.251106951775149259e-03 9.842259812866009649e-03
2.356984441406334563e-03 9.862654496752484845e-03
2.463156371572713336e-03 9.881924965986792556e-03
2.569610211423707050e-03 9.900070730409863198e-03
2.676333499418338639e-03 9.917091416942335966e-03
2.783313843286640971e-03 9.932986767805558267e-03
2.890538919980832188e-03 9.947756638780008362e-03
2.997996475616893260e-03 9.961400997499996260e-03
3.105674325407285861e-03 9.973919921784153708e-03
3.213560353585343584e-03 9.985313598000533641e-03
3.321642513321997406e-03 9.995582319465678989e-03
3.429908826635369272e-03 1.000472648487676398e-02
3.538347384293779804e-03 1.001274659677606205e-02
3.646946345712673201e-03 1.001964326004686420e-02
3.755693938845943748e-03 1.002541718044018190e-02
3.864578460072207785e-03 1.003006916313142587e-02
3.973588274076316450e-03 1.003360011130638961e-02
4.082711813726658256e-03 1.003601102477566856e-02
4.191937579948564613e-03 1.003730299861701515e-02
4.301254141594313546e-03 1.003747722184483715e-02
4.410650135309875618e-03 1.003653497610605162e-02
4.520114265399044311e-03 1.003447763440190946e-02
4.629631978271661966e-03 1.003130677298116023e-02
4.739198762736337653e-03 1.002702375126077877e-02
4.848800201373896189e-03 1.002163028824488121e-02
4.958425267713122316e-03 1.001512811006096543e-02
5.068063002229910956e-03 1.000751902816482582e-02
5.177702512200863492e-03 9.998804938204141138e-03
5.287332971556077399e-03 9.988987818903749885e-03
5.396943620731287951e-03 9.978069730971868972e-03
5.506523766519619625e-03 9.966052816026891442e-03
5.616062781923063414e-03 9.952939295544159515e-03
5.725550106003982759e-03 9.938731469822190828e-03
5.834975243736759999e-03 9.923431716967965818e-03
5.944327765859683949e-03 9.907042491900565004e-03
6.053597308727359620e-03 9.889566325372970562e-03
6.162773574163673933e-03 9.871005823011343508e-03
6.271846329315537705e-03 9.851363664371334122e-03
6.380805406507436897e-03 9.830642602011196649e-03
6.489640703097008211e-03 9.808845460580997017e-03
6.598342181331687609e-03 9.785975135927634308e-03
6.706899868206545393e-03 9.762034594215304728e-03
6.815303855323382419e-03 9.737026871060842567e-03
6.923544298751267007e-03 9.710955070683759474e-03
7.031611418888450947e-03 9.683822365070376623e-03
7.139495500325848502e-03 9.655631993151884973e-03
7.247186891712163390e-03 9.626387259995764639e-03
7.354676005620558801e-03 9.596091536010386419e-03
7.461953318417155825e-03 9.564748256162339257e-03
7.569009370131265721e-03 9.532360919206154040e-03
7.675834764327438449e-03 9.498933086926146172e-03
7.782420167979353480e-03 9.464468383389997019e-03
7.888756311345683850e-03 9.428970494213781070e-03
7.994833987847829379e-03 9.392443165838171640e-03
8.100644053949578038e-03 9.354890204815344626e-03
8.206177429038924442e-03 9.316315477106686116e-03
8.311425095311696792e-03 9.276722907390459044e-03
8.416378097657346152e-03 9.236116478379661349e-03
8.521027543546753208e-03 9.194500230149530925e-03
8.625364602922108020e-03 9.151878259474449315e-03
8.729380508088782978e-03 9.108254719174103606e-03
8.833066553609393232e-03 9.063633817468531861e-03
8.936414096199843393e-03 9.018019817341854302e-03
9.039414554627549572e-03 8.971417035914504637e-03
9.142059409611597368e-03 8.923829843823649285e-03
9.244340203725118568e-03 8.875262664611522148e-03
9.346248541299643706e-03 8.825719974121650629e-03
9.447776088331579641e-03 8.775206299902547913e-03
9.548914572390633515e-03 8.723726220618760463e-03
9.649655782530410300e-03 8.671284365469062588e-03
9.749991569200932434e-03 8.617885413611565612e-03
9.849913844163169993e-03 8.563534093595576852e-03
9.949414580405609165e-03 8.508235182799977689e-03
1.004848581206278443e-02 8.451993506878009710e-03
1.014711963433570854e-02 8.394813939208206968e-03
1.024530820341425057e-02 8.336701400351316515e-03
1.034304373640152624e-02 8.277660857513136072e-03
1.044031851123996581e-02 8.217697324012876794e-03
1.053712486663939060e-02 8.156815858757169094e-03
1.063345520200693374e-02 8.095021565719322937e-03
1.072930197737862953e-02 8.032319593423814866e-03
1.082465771335284523e-02 7.968715134435774491e-03
1.091951499102559488e-02 7.904213424855446174e-03
1.101386645192731391e-02 7.838819743817277211e-03
1.110770479796149152e-02 7.772539412993742687e-03
1.120102279134490772e-02 7.705377796103532288e-03
1.129381325454955308e-02 7.637340298424164127e-03
1.138606907024600906e-02 7.568432366308767978e-03
1.147778318124848852e-02 7.498659486706949449e-03
1.156894859046141144e-02 7.428027186689675244e-03
1.165955836082732157e-02 7.356541032977901955e-03
1.174960561527652915e-02 7.284206631475096706e-03
1.183908353667786732e-02 7.211029626803163936e-03
1.192798536779103580e-02 7.137015701842113098e-03
1.201630441122024731e-02 7.062170577272954691e-03
1.210403402936915604e-02 6.986500011123981599e-03
1.219116764439710093e-02 6.910009798320192013e-03
1.227769873817656683e-02 6.832705770235918998e-03
1.236362085225184079e-02 6.754593794250318868e-03
1.244892758779892090e-02 6.675679773305910961e-03
1.253361260558642082e-02 6.595969645469823561e-03
1.261766962593770074e-02 6.515469383497889989e-03
1.270109242869394903e-02 6.434184994401274775e-03
1.278387485317837927e-02 6.352122519015753095e-03
1.286601079816139873e-02 6.269288031573452651e-03
1.294749422182660259e-02 6.185687639276966909e-03
1.302831914173788359e-02 6.101327481875873544e-03
1.310847963480725464e-02 6.016213731245425612e-03
1.318796743446080943e-02 5.930355208681871264e-03
1.326678156243056572e-02 5.843752936031728490e-03
1.334491385024783733e-02 5.756415774161088503e-03
1.342235861191038576e-02 5.668350019277003556e-03
1.349911022061529506e-02 5.579561997637243892e-03
1.357516310873140182e-02 5.490058065141188368e-03
1.365051176777222312e-02 5.399844606922383876e-03
1.372515074836957311e-02 5.308928036942941846e-03
1.379907466024763926e-02 5.217314797589548032e-03
1.387227817219759650e-02 5.125011359271149786e-03
1.394475601205267916e-02 5.032024220018107424e-03
1.401650296666381509e-02 4.938359905083044774e-03
1.408751388187549566e-02 4.844024966542963447e-03
1.415778366250206553e-02 4.749025982902914909e-03
1.422730727230444268e-02 4.653369558701003945e-03
1.429607973396699976e-02 4.557062324114675815e-03
1.436409612907482182e-02 4.460110934568372980e-03
1.443135159809118273e-02 4.362522070342317662e-03
1.449784134033511342e-02 4.264302436182587641e-03
1.456356061395922517e-02 4.165458760912276251e-03
1.462850473592777062e-02 4.065997797043862348e-03
1.469266908199453985e-02 3.965926320392511827e-03
1.475604908668100637e-02 3.865251129690563947e-03
1.481864024325455290e-02 3.763979046202957889e-03
1.488043810370648888e-02 3.662116913343637682e-03
1.494143827873023120e-02 3.559671596292891729e-03
1.500163643769935294e-02 3.456649981615629065e-03
1.506102830864550213e-02 3.353058976880498709e-03
1.511960967823623714e-02 3.248905510279884602e-03
1.517737639175271644e-02 3.144196530250675976e-03
1.523432435306713156e-02 3.038939005095936743e-03
1.529044952462003254e-02 2.933139922607171622e-03
1.534574792739728556e-02 2.826806289687503870e-03
1.540021564090686065e-02 2.719945131975445851e-03
1.545384880315520647e-02 2.612563493469427685e-03
1.550664361062333192e-02 2.504668436152977708e-03
1.555859631824266752e-02 2.396267039620534819e-03
1.560970323937023278e-02 2.287366400703920444e-03
1.565996074576365277e-02 2.177973633099385131e-03
1.570936526755553272e-02 2.068095866995253631e-03
1.575791329322753787e-02 1.957740248700171482e-03
1.580560136958380699e-02 1.846913940271836026e-03
1.585242610172392722e-02 1.735624119146357124e-03
1.589838415301528599e-02 1.623877977767996693e-03
1.594347224506493382e-02 1.511682723219600179e-03
1.598768715769070814e-02 1.399045576853367393e-03
1.603102572889182620e-02 1.285973773922130308e-03
1.607348485481877379e-02 1.172474563211154753e-03
1.611506148974251040e-02 1.058555206670329374e-03
1.615575264602290076e-02 9.442229790468172372e-04
1.619555539407655995e-02 8.294851675181470632e-04
1.623446686234381042e-02 7.143490713257021540e-04
1.627248423725481674e-02 5.988220014086239164e-04
1.630960476319510966e-02 4.829112800381218538e-04
1.634582574247000347e-02 3.666242404521692080e-04
1.638114453526846870e-02 2.499682264905904320e-04
1.641555855962577998e-02 1.329505922304740316e-04
1.644906529138564361e-02 1.557870162204669839e-05
1.648166226416099278e-02 -1.021400718751557240e-04
1.651334706929419999e-02 -2.201983456557743022e-04
1.654411735581612017e-02 -3.385887283317074630e-04
1.657397083040422492e-02 -4.573038200948919478e-04
1.660290525733960909e-02 -5.763362130796787853e-04
1.663091845846319250e-02 -6.956784917249721851e-04
1.665800831313065528e-02 -8.153232331359388987e-04
1.668417275816638790e-02 -9.352630074454172009e-04
1.670940978781636221e-02 -1.055490378175006792e-03
1.673371745369994085e-02 -1.175997902595822759e-03
1.675709386476042020e-02 -1.296778132088919179e-03
1.677953718721451187e-02 -1.417823612505354509e-03
1.680104564450073112e-02 -1.539126884526039038e-03
1.682161751722643928e-02 -1.660680484021097390e-03
1.684125114311384522e-02 -1.782476942409039547e-03
1.685994491694464345e-02 -1.904508787015554792e-03
1.687769729050351414e-02 -2.026768541431940920e-03
1.689450677252039845e-02 -2.149248725873291466e-03
1.691037192861129940e-02 -2.271941857536254657e-03
1.692529138121810772e-02 -2.394840450956552125e-03
1.693926380954685618e-02 -2.517937018366086903e-03
1.695228794950474904e-02 -2.641224070049765643e-03
1.696436259363593921e-02 -2.764694114701946558e-03
1.697548659105577520e-02 -2.888339659782552128e-03
1.698565884738392068e-02 -3.012153211872828362e-03
1.699487832467576690e-02 -3.136127277030810890e-03
1.700314404135283911e-02 -3.260254361146306627e-03
1.701045486469394963e-02 -3.384523195695721305e-03
1.701681036953246393e-02 -3.508933832419682333e-03
1.702220950652160586e-02 -3.633475008534080720e-03
1.702665151881897418e-02 -3.758139232799205445e-03
1.703013570557780285e-02 -3.882919015576932840e-03
1.703266142186856888e-02 -4.007806869183525543e-03
1.703422807859892793e-02 -4.132795308242015117e-03
1.703483514243239738e-02 -4.257876850034254639e-03
1.703448213570521452e-02 -4.383044014852521125e-03
1.703316863634201511e-02 -4.508289326350669972e-03
1.703089427776962456e-02 -4.633605311894917721e-03
1.702765874882967295e-02 -4.758984502914207632e-03
1.702346179368923948e-02 -4.884419435250076519e-03
1.701830321175027902e-02 -5.009902649506107856e-03
1.701218285755724466e-02 -5.135426691396911304e-03
1.700510064070320446e-02 -5.260984112096719727e-03
1.699705652573434839e-02 -5.386567468587409417e-03
1.698805053205284382e-02 -5.512169324006062354e-03
1.697808273381810895e-02 -5.637782247992093043e-03
1.696715325984643127e-02 -5.763398817033856675e-03
1.695526229350897279e-02 -5.889011614814720387e-03
1.694241007262803009e-02 -6.014613232558636662e-03
1.692859688937180945e-02 -6.140196269375183293e-03
1.691382309014731467e-02 -6.265753332604111561e-03
1.689808907549173594e-02 -6.391277038159243890e-03
1.688139529996203828e-02 -6.516760010871971640e-03
1.686374227202294337e-02 -6.642194884834005247e-03
1.684513055393316305e-02 -6.767574303739706289e-03
1.682556076162990133e-02 -6.892890921227730859e-03
1.680503356461171202e-02 -7.018137401222121312e-03
1.678354968581955570e-02 -7.143306418272764823e-03
1.676110990151619129e-02 -7.268390657895263882e-03
1.673771504116373585e-02 -7.393382816910106826e-03
1.671336598729970119e-02 -7.518275603781315354e-03
1.668806367541101135e-02 -7.643061738954311408e-03
1.666180909380632694e-02 -7.767733955193141353e-03
1.663460328348687067e-02 -7.892284997917149367e-03
1.660644733801516088e-02 -8.016707625536793891e-03
1.657734240338205878e-02 -8.140994609788837835e-03
1.654728967787221644e-02 -8.265138736070831021e-03
1.651629041192752279e-02 -8.389132803774908276e-03
1.648434590800889124e-02 -8.512969626620712355e-03
1.645145752045619469e-02 -8.636642032987678491e-03
