npts 513 dfreq 1.000000000000000021e-02
0.000000000000000000e+00 0.000000000000000000e+00
-5.841229382585929978e-19 -4.267362167210194747e-18
-1.449354527880001000e-16 -5.234365507555800583e-16
-3.532511140547305461e-15 -8.342702084585209912e-15
-3.300382351964015093e-14 -5.685888021149188885e-14
-1.814786956882484384e-13 -2.410255757405594484e-13
-7.120496228196831373e-13 -7.514881332939755048e-13
-2.211707613441907806e-12 -1.884725286849526546e-12
-5.790538190864613128e-12 -4.008102853491843886e-12
-1.331171954160257338e-11 -7.465747251959206561e-12
-2.763633688312767997e-11 -1.241796566485306446e-11
-5.286843867223965800e-11 -1.861149667187701808e-11
-9.458704637449503053e-11 -2.508013870492441445e-11
-1.600533355018005094e-10 -2.977675773196860360e-11
-2.583817541399407181e-10 -2.913849149027760406e-11
-4.006626757148423660e-10 -1.758803677071072845e-11
-6.000274088931773190e-10 1.302479482648423368e-11
-8.716415096194028331e-10 7.403553682318878625e-11
-1.232618614648925277e-09 1.806245093079279908e-10
-1.701841724759725043e-09 3.525139400392740499e-10
-2.299689118345509068e-09 6.146946409339259592e-10
-3.047642765117859430e-09 9.981652236572604645e-10
-3.967789975631631805e-09 1.540676870755585249e-09
-5.082200219389153003e-09 2.287464687296345573e-09
-6.412178321420041679e-09 3.291951619831299171e-09
-7.977388270179505887e-09 4.616405269003174164e-09
-9.794866617152392222e-09 6.332546705695365784e-09
-1.187788224966860190e-08 8.522054637611627179e-09
-1.423470643437123261e-08 1.127699674102366971e-08
-1.686725680132974633e-08 1.470013473586437343e-08
-1.976963569287249471e-08 1.890509069107809311e-08
-2.292660585656807712e-08 2.401640658310737248e-08
-2.631193350283134124e-08 3.016935835295737048e-08
-2.988672519378510085e-08 3.750966849963391460e-08
-3.359769550785247985e-08 4.619298922684517929e-08
-3.737541786763113359e-08 5.638418961839356999e-08
-4.113257543235818931e-08 6.825643068231276343e-08
-4.476223580202726728e-08 8.199002169123843374e-08
-4.813616248274213604e-08 9.777098986948357762e-08
-5.110326390652654849e-08 1.157897375073977415e-07
-5.348801626184106562e-08 1.362388718830278921e-07
-5.508914588945370165e-08 1.593114075891232306e-07
-5.567840183764904919e-08 1.851984737117539872e-07
-5.499952493878207045e-08 2.140868802605919276e-07
-5.276742603607077440e-08 2.461565030450512429e-07
-4.866759812766370765e-08 2.815775053831943830e-07
-4.235578553155052311e-08 3.205074182516078086e-07
-3.345793108982579470e-08 3.630881035564434765e-07
-2.157041993593397694e-08 4.094426280718269079e-07
-6.260700624203877428e-09 4.596718801411614584e-07
1.293207930891010672e-08 5.138521348036555140e-07
3.649551343853927624e-08 5.720307062652991772e-07
6.494260153192418038e-08 6.342235342654892745e-07
9.880980665141313032e-08 7.004119203261274176e-07
1.386548277276999290e-07 7.705395649897197994e-07
1.850540440506742603e-07 8.445097603177227593e-07
2.385996438580630710e-07 9.221827745864341758e-07
2.998964535859712284e-07 1.003373465039366902e-06
3.695584886240754025e-07 1.087849152922248399e-06
4.482049342553507422e-07 1.175327455615625197e-06
5.364574455061136973e-07 1.265476119188874454e-06
6.349342400855440379e-07 1.357909867753089643e-06
7.442469781872604096e-07 1.452190936447133012e-06
8.649960854913007775e-07 1.547828351143215124e-06
9.977662784873099842e-07 1.644277939606843195e-06
1.143122053014434888e-06 1.740942757190967726e-06
1.301603178936829500e-06 1.837173931773733203e-06
1.473720244302253889e-06 1.932271927733452638e-06
1.659950292144304012e-06 2.025488223814550584e-06
1.860732592288221058e-06 2.116027394857854004e-06
2.076464589120339794e-06 2.203049582630245442e-06
2.307498064308079542e-06 2.285673336471560854e-06
2.554135550948277344e-06 2.362978800255003757e-06
2.816627032624415824e-06 2.434011218299293738e-06
3.095166957424297353e-06 2.497784729435419846e-06
3.389889294836000193e-06 2.553286028256218050e-06
3.700874324175599711e-06 2.599480255232358402e-06
4.028133315136064262e-06 2.635312904370182413e-06
4.371615845190146597e-06 2.659716167211418168e-06
4.731206522342825000e-06 2.671613166635151125e-06
5.106724290815052770e-06 2.669922704447293784e-06
5.497922144397138367e-06 2.653564028717648082e-06
5.904487243058456667e-06 2.621461581556450765e-06
6.326041424314458014e-06 2.572549689345687778e-06
6.762142097032580855e-06 2.505777159205302204e-06
7.212283501853018652e-06 2.420111747633106168e-06
7.675898319248218772e-06 2.314544469755945866e-06
8.152359603476296970e-06 2.188093720412677359e-06
8.640983018320274974e-06 2.039809181298040500e-06
9.141029348559643529e-06 1.868775491572059091e-06
9.651707259597512741e-06 1.674115662624194300e-06
1.017217627656225424e-05 1.454994221018931762e-06
1.070154995350554419e-05 1.210620066987264173e-06
1.123889920301267484e-05 9.402490391172689853e-07
1.178325575660192398e-05 6.431861790927028729e-07
1.233361572669171806e-05 3.187876933914427839e-07
1.288894324162459872e-05 -3.353738824717234924e-08
1.344816987009513495e-05 -4.143228559762294009e-07
1.401021532827850765e-05 -8.240560328578860211e-07
1.457396569722771052e-05 -1.263159667758364426e-06
1.513829404424605245e-05 -1.732002779806875665e-06
1.570205980707569380e-05 -2.230897651061067847e-06
1.626411233852635170e-05 -2.760099856039478041e-06
1.682329436310931503e-05 -3.319808533156502782e-06
1.737844532977450313e-05 -3.910166883273881852e-06
1.792840464677934598e-05 -4.531262879805995736e-06
1.847201478663061135e-05 -5.183130174261418886e-06
1.900812425091115318e-05 -5.865749180756222236e-06
1.953559038661560095e-05 -6.579048322879902677e-06
2.005328204735362495e-05 -7.322905426314713189e-06
2.056008209442550228e-05 -8.097149240787075559e-06
2.105488973431965925e-05 -8.901561075246254472e-06
2.153662269062056484e-05 -9.735876530604122133e-06
2.200421920963875757e-05 -1.059978731491145157e-05
2.245663990028353132e-05 -1.149294312647533843e-05
2.289286940978812023e-05 -1.241495359112110415e-05
2.331191793787022355e-05 -1.336539024055650841e-05
2.371282259276841982e-05 -1.434378851959154003e-05
2.409464577032936823e-05 -1.534964207432587170e-05
2.445648765405380000e-05 -1.638243552720180377e-05
2.479746972771918449e-05 -1.744160069809516225e-05
2.511674729046306935e-05 -1.852654895155955822e-05
2.541350712496295267e-05 -1.963666566376209759e-05
2.568696801148836445e-05 -2.077131219231799210e-05
2.593638112315053618e-05 -2.192982781253006153e-05
2.616103030906863895e-05 -2.311153161431494320e-05
2.636023227222689537e-05 -2.431572435481846339e-05
2.653333664879695518e-05 -2.554169026240999635e-05
2.667972599565004790e-05 -2.678869878839089565e-05
2.679881569269035698e-05 -2.805600630335989675e-05
2.689005376650994649e-05 -2.934285773574446868e-05
2.695292064170366555e-05 -3.064848815053124311e-05
2.698692882599231072e-05 -3.197212426671274920e-05
2.699162253509174061e-05 -3.331298591241171046e-05
2.696657726303633144e-05 -3.467028741704732066e-05
2.691139930342289398e-05 -3.604323894027500972e-05
2.682572522678891919e-05 -3.743104773776029280e-05
2.670922131907958378e-05 -3.883291936414104710e-05
2.656158298589614936e-05 -4.024805881379620471e-05
2.638253412695255943e-05 -4.167567160026656645e-05
2.617182648490538316e-05 -4.311496477537522494e-05
2.592923897246129773e-05 -4.456514788926940475e-05
2.565457698140991420e-05 -4.602543389275224695e-05
2.534767167698064283e-05 -4.749503998339798605e-05
2.500837928067831112e-05 -4.897318839704748800e-05
2.463658034451786705e-05 -5.045910714636347001e-05
2.423217901935111556e-05 -5.195203070819108299e-05
2.379510231976177557e-05 -5.345120066151633404e-05
2.332529938779712375e-05 -5.495586627785172348e-05
2.282274075760653612e-05 -5.646528506589754571e-05
2.228742599672392107e-05 -5.797870027425564910e-05
2.171934997952482910e-05 -5.949543329798101028e-05
2.111855091684200237e-05 -6.101474625317377347e-05
2.048507763770180391e-05 -6.253593419420828850e-05
1.981899675991111956e-05 -6.405830251489749326e-05
1.912039199379309728e-05 -6.558116725749480868e-05
1.838936345661850691e-05 -6.710385538867269246e-05
1.762602699857512202e-05 -6.862570504417327263e-05
1.683051354100479160e-05 -7.014606574378156906e-05
1.600296842753592437e-05 -7.166429857822492603e-05
1.514355078864127757e-05 -7.317977636955361859e-05
1.425243292006429922e-05 -7.469188380650604168e-05
1.332979967547470229e-05 -7.620001755631001183e-05
1.237584787364114006e-05 -7.770358635431895140e-05
1.139078572033855328e-05 -7.920201107282763705e-05
1.037483224514783366e-05 -8.069472477035984071e-05
9.328216753247708010e-06 -8.218117272266623895e-05
8.251178292247156071e-06 -8.366081243661786749e-05
7.143965134062567428e-06 -8.513311364812979273e-05
6.006834271798441357e-06 -8.659755830519582785e-05
4.840050931557570900e-06 -8.805364053706883924e-05
3.643888099068841848e-06 -8.950086661056729051e-05
2.418626060994455750e-06 -9.093875487444495103e-05
1.164551960750026974e-06 -9.236683569271240805e-05
-1.180406313515809858e-07 -9.378465136775408165e-05
-1.428852133841019961e-06 -9.519175605404042273e-05
-2.767577355946373922e-06 -9.658771566319407299e-05
-4.133905885800167877e-06 -9.797210776112768823e-05
-5.527522465256230519e-06 -9.934452145793050892e-05
-6.948107351580332451e-06 -1.007045572911468813e-04
-8.395336666290266044e-06 -1.020518271030478106e-04
-9.868882731426743463e-06 -1.033859539124709051e-04
-1.136841439354244189e-05 -1.047065717817610952e-04
-1.289359733570022421e-05 -1.060133256793208763e-04
-1.444409437777662307e-05 -1.073058713382447920e-04
-1.601956576536468253e-05 -1.085838751114841867e-04
-1.761966944757609746e-05 -1.098470138239636689e-04
-1.924406134403620862e-05 -1.110949746220390023e-04
-2.089239560137115258e-05 -1.123274548206696082e-04
-2.256432483947904213e-05 -1.135441617486464277e-04
-2.425950038787839287e-05 -1.147448125922001364e-04
-2.597757251242167198e-05 -1.159291342372909819e-04
-2.771819063266042557e-05 -1.170968631108593188e-04
-2.948097660717353063e-05 -1.182477276820985732e-04
-3.126563229608393966e-05 -1.193815179204541106e-04
-3.307177920618055189e-05 -1.204979803198382950e-04
-3.489906536824586983e-05 -1.215968878715486683e-04
-3.674713892304838414e-05 -1.226780223071251210e-04
-3.861564828836799759e-05 -1.237411739382843689e-04
-4.050424231854149085e-05 -1.247861414973050237e-04
-4.241257045677853494e-05 -1.258127319780215651e-04
-4.434028288048579903e-05 -1.268207604775662637e-04
-4.628703063983532004e-05 -1.278100500389933324e-04
-4.825246578980668660e-05 -1.287804314949065341e-04
-5.023624151592417410e-05 -1.297317433121984221e-04
-5.223801225390922861e-05 -1.306638314380061095e-04
-5.425743380345763228e-05 -1.315765491469735829e-04
-5.629416343634757871e-05 -1.324697568899064310e-04
-5.834785999907994070e-05 -1.333433221438938229e-04
-6.041818401024435516e-05 -1.341971192639693764e-04
-6.250479775279963411e-05 -1.350310293363704659e-04
-6.460736536145264000e-05 -1.358449400334531059e-04
-6.672555290531351571e-05 -1.366387454703126383e-04
-6.885902846599869533e-05 -1.374123460631524233e-04
-7.100746221135128503e-05 -1.381656483894424679e-04
-7.317052646493785314e-05 -1.388985650498983479e-04
-7.534789577148222675e-05 -1.396110145323129501e-04
-7.753924695838523720e-05 -1.403029210772633424e-04
-7.974425919348034596e-05 -1.409742145457164883e-04
-8.196261403916627346e-05 -1.416248302885480907e-04
-8.419399550305463624e-05 -1.422547090179912608e-04
-8.643809008526764329e-05 -1.428637966810236053e-04
-8.869458682251313698e-05 -1.434520443347012694e-04
-9.096317732906294929e-05 -1.440194080234441108e-04
-9.324355583475516375e-05 -1.445658486582754993e-04
-9.553541922013694318e-05 -1.450913318980139250e-04
-9.783846704886077527e-05 -1.455958280324180136e-04
-1.001524015974430710e-04 -1.460793118672760852e-04
-1.024769278824900668e-04 -1.465417626114372750e-04
-1.048117536854936233e-04 -1.469831637657749467e-04
-1.071565895752947691e-04 -1.474035030140725315e-04
-1.095111489283085170e-04 -1.478027721158204093e-04
-1.118751479466038022e-04 -1.481809668009126369e-04
-1.142483056739253885e-04 -1.485380866662286978e-04
-1.166303440097433936e-04 -1.488741350740854731e-04
-1.190209513718387940e-04 -1.491891144314657248e-04
-1.214199279805187193e-04 -1.494830448959384803e-04
-1.238269681471418316e-04 -1.497559355945291015e-04
-1.262418052979029598e-04 -1.500078039726125939e-04
-1.286641757581652511e-04 -1.502386707607354145e-04
-1.310938187563065818e-04 -1.504485598839292782e-04
-1.335304764261104808e-04 -1.506374983727653259e-04
-1.359738938077692874e-04 -1.508055162761335287e-04
-1.384238188475573456e-04 -1.509526465757202521e-04
-1.408800023962367121e-04 -1.510789251021682023e-04
-1.433421982062507802e-04 -1.511843904528921401e-04
-1.458101629277616293e-04 -1.512690839115315229e-04
-1.482836561035841987e-04 -1.513330493690167916e-04
-1.507624401630690291e-04 -1.513763332462263720e-04
-1.532462804149825782e-04 -1.513989844182121920e-04
-1.557349450394315132e-04 -1.514010541399714597e-04
-1.582282050788807472e-04 -1.513825959737419367e-04
-1.607258344283032719e-04 -1.513436657177961737e-04
-1.632276098245096841e-04 -1.512843213367150597e-04
-1.657333108346971406e-04 -1.512046228931142018e-04
-1.682427198442541978e-04 -1.511046324808042976e-04
-1.707556220438637389e-04 -1.509844141593591547e-04
-1.732718054159372741e-04 -1.508440338900709468e-04
-1.757910607204182340e-04 -1.506835594732703720e-04
-1.783131814799862971e-04 -1.505030604869868035e-04
-1.808379639646960331e-04 -1.503026082269297032e-04
-1.833652071760823914e-04 -1.500822756477669857e-04
-1.858947128307607873e-04 -1.498421373056770748e-04
-1.884262853435535287e-04 -1.495822693021581207e-04
-1.909597318101679782e-04 -1.493027492290650751e-04
-1.934948619894558076e-04 -1.490036561148612090e-04
-1.960314882852773853e-04 -1.486850703720557477e-04
-1.985694257279965865e-04 -1.483470737458131479e-04
-2.011084919556312340e-04 -1.479897492637074563e-04
-2.036485071946794159e-04 -1.476131811866049153e-04
-2.061892942406471881e-04 -1.472174549606538100e-04
-2.087306784382959553e-04 -1.468026571703603066e-04
-2.112724876616314600e-04 -1.463688754927317155e-04
-2.138145522936537592e-04 -1.459161986524661980e-04
-2.163567052058873246e-04 -1.454447163781729811e-04
-2.188987817377081261e-04 -1.449545193595975189e-04
-2.214406196754867533e-04 -1.444456992058408941e-04
-2.239820592315628083e-04 -1.439183484045475760e-04
-2.265229430230677804e-04 -1.433725602820489550e-04
-2.290631160506106890e-04 -1.428084289644395094e-04
-2.316024256768417532e-04 -1.422260493395722939e-04
-2.341407216049088064e-04 -1.416255170199533936e-04
-2.366778558568191962e-04 -1.410069283065188924e-04
-2.392136827517200707e-04 -1.403703801532779562e-04
-2.417480588841102785e-04 -1.397159701328036529e-04
-2.442808431019949421e-04 -1.390437964025566578e-04
-2.468118964849956598e-04 -1.383539576720253892e-04
-2.493410823224252271e-04 -1.376465531706644698e-04
-2.518682660913392651e-04 -1.369216826166199123e-04
-2.543933154345729406e-04 -1.361794461862202664e-04
-2.569161001387751386e-04 -1.354199444842235634e-04
-2.594364921124459955e-04 -1.346432785148019245e-04
-2.619543653639890154e-04 -1.338495496532496039e-04
-2.644695959797846527e-04 -1.330388596184003968e-04
-2.669820621022957717e-04 -1.322113104457409171e-04
-2.694916439082087204e-04 -1.313670044612039937e-04
-2.719982235866221648e-04 -1.305060442556299364e-04
-2.745016853172846578e-04 -1.296285326598804906e-04
-2.770019152488951996e-04 -1.287345727205943156e-04
-2.794987257328968326e-04 -1.278242955571748049e-04
-2.819921583866803511e-04 -1.268977493078337184e-04
-2.844820292884585582e-04 -1.259550649132713687e-04
-2.869682322470516354e-04 -1.249963460531361458e-04
-2.894506629328178686e-04 -1.240216965107849309e-04
-2.919292188564293067e-04 -1.230312201526144358e-04
-2.944037993477439680e-04 -1.220250209079454305e-04
-2.968743055347804497e-04 -1.210032027494480289e-04
-2.993406403227995478e-04 -1.199658696740995206e-04
-3.018027083734929421e-04 -1.189131256846608580e-04
-3.042604160842891925e-04 -1.178450747716614313e-04
-3.067136715677758522e-04 -1.167618208958816817e-04
-3.091623846312424703e-04 -1.156634679713244726e-04
-3.116064667563482236e-04 -1.145501198486616949e-04
-3.140458310789147724e-04 -1.134218802991492867e-04
-3.164803923688525294e-04 -1.122788529989977413e-04
-3.189100670102163262e-04 -1.111211415141918533e-04
-3.213347729813974198e-04 -1.099488492857453119e-04
-3.237544298354536249e-04 -1.087620796153864134e-04
-3.261689586805773585e-04 -1.075609356516601202e-04
-3.285782821607076648e-04 -1.063455203764425921e-04
-3.309823244362831876e-04 -1.051159365918541476e-04
-3.333810111651425937e-04 -1.038722869075664820e-04
-3.357742694835699000e-04 -1.026146737284932322e-04
-3.381620279874911553e-04 -1.013431992428547675e-04
-3.405442167138177600e-04 -1.000579654106119478e-04
-3.429207671219428218e-04 -9.875907395225754697e-05
-3.452916120753885400e-04 -9.744662633795958063e-05
-3.476566858236080347e-04 -9.612072377704760793e-05
-3.500159239839408074e-04 -9.478146720783551561e-05
-3.523692635237226463e-04 -9.342895728777128367e-05
-3.547166427425517106e-04 -9.206329438390991118e-05
-3.570580012547123127e-04 -9.068457856369750811e-05
-3.593932799717528730e-04 -8.929290958606484548e-05
-3.617224210852241746e-04 -8.788838689281902052e-05
-3.640453680495729844e-04 -8.647110960032838498e-05
-3.663620655651964064e-04 -8.504117649149576272e-05
-3.686724595616525774e-04 -8.359868600800836932e-05
-3.709764971810298193e-04 -8.214373624286523321e-05
-3.732741267614771738e-04 -8.067642493316889106e-05
-3.755652978208894369e-04 -7.919684945318007001e-05
-3.778499610407549860e-04 -7.770510680762669656e-05
-3.801280682501598945e-04 -7.620129362526343751e-05
-3.823995724099491476e-04 -7.468550615267318066e-05
-3.846644275970509223e-04 -7.315784024830830027e-05
-3.869225889889533598e-04 -7.161839137676273570e-05
-3.891740128483421796e-04 -7.006725460327237589e-05
-3.914186565078946905e-04 -6.850452458843622804e-05
-3.936564783552321477e-04 -6.693029558315426414e-05
-3.958874378180247131e-04 -6.534466142377731029e-05
-3.981114953492574183e-04 -6.374771552746225686e-05
-4.003286124126484587e-04 -6.213955088772895729e-05
-4.025387514682216613e-04 -6.052026007021481089e-05
-4.047418759580362693e-04 -5.888993520862012456e-05
-4.069379502920692209e-04 -5.724866800084082459e-05
-4.091269398342475892e-04 -5.559654970528485948e-05
-4.113088108886372020e-04 -5.393367113736658125e-05
-4.134835306857822905e-04 -5.226012266617459921e-05
-4.156510673691928611e-04 -5.057599421131084267e-05
-4.178113899819836381e-04 -4.888137523989347381e-05
-4.199644684536660419e-04 -4.717635476372314233e-05
-4.221102735870821973e-04 -4.546102133660509417e-05
-4.242487770454891590e-04 -4.373546305182784581e-05
-4.263799513397920505e-04 -4.199976753978754146e-05
-4.285037698159196691e-04 -4.025402196576213342e-05
-4.306202066423453728e-04 -3.849831302782630548e-05
-4.327292367977533588e-04 -3.673272695490578400e-05
-4.348308360588475151e-04 -3.495734950496636113e-05
-4.369249809882994290e-04 -3.317226596333582093e-05
-4.390116489228426547e-04 -3.137756114115353704e-05
-4.410908179615009883e-04 -2.957331937394517369e-05
-4.431624669539601280e-04 -2.775962452032108409e-05
-4.452265754890756197e-04 -2.593655996079115547e-05
-4.472831238835167601e-04 -2.410420859669709352e-05
-4.493320931705478151e-04 -2.226265284925648481e-05
-4.513734650889439501e-04 -2.041197465871746799e-05
-4.534072220720392152e-04 -1.855225548361956882e-05
-4.554333472369096240e-04 -1.668357630015886593e-05
-4.574518243736857377e-04 -1.480601760165328940e-05
-4.594626379349966028e-04 -1.291965939810900598e-05
-4.614657730255421653e-04 -1.102458121587944765e-05
-4.634612153917969817e-04 -9.120862097420268352e-06
-4.654489514118370966e-04 -7.208580601132485419e-06
-4.674289680852945837e-04 -5.287814801296132266e-06
-4.694012530234386682e-04 -3.358642288087981311e-06
-4.713657944393788218e-04 -1.421140167683807530e-06
-4.733225218552296895e-04 5.245557469810007442e-07
-4.752715434610848199e-04 2.478487451196654765e-06
-4.772127896992704645e-04 4.440520348162586915e-06
-4.791462510947140955e-04 6.410579265092743055e-06
-4.810719187270196613e-04 8.388589511524487244e-06
-4.829897842213932480e-04 1.037447687876418183e-05
-4.848998397396805222e-04 1.236816763926578331e-05
-4.868020779715215925e-04 1.436958854594200893e-05
-4.886964921256207973e-04 1.637866683141273803e-05
-4.905830759211254541e-04 1.839533020718955652e-05
-4.924618235791195344e-04 2.041950686280336207e-05
-4.943327298142271686e-04 2.245112546486910420e-05
-4.961957898263239745e-04 2.449011515609822012e-05
-4.980509992923580530e-04 2.653640555425317918e-05
-4.998983543582791872e-04 2.858992675105051092e-05
-5.017378516310708235e-04 3.065060931101146934e-05
-5.035694881708906905e-04 3.271838427026373548e-05
-5.053932614833134404e-04 3.479318313529441547e-05
-5.072091695116750978e-04 3.687493788165654670e-05
-5.090172106295220251e-04 3.896358095262977269e-05
-5.108173836331597432e-04 4.105904525783852068e-05
-5.126096877342982460e-04 4.316126417182811209e-05
-5.143941225527996633e-04 4.527017153259772862e-05
-5.161706881095236114e-04 4.738570164009760634e-05
-5.179393848192645911e-04 4.950778925468566038e-05
-5.197002134837886995e-04 5.163636959554822250e-05
-5.214531752849655344e-04 5.377137833908622643e-05
-5.231982717779878108e-04 5.591275161726538427e-05
-5.249355048846901821e-04 5.806042601593569341e-05
-5.266648768869538208e-04 6.021433857311781434e-05
-5.283863904202041337e-04 6.237442677725994462e-05
-5.301000484669979220e-04 6.454062856546491117e-05
-5.318058543506961949e-04 6.671288232168886320e-05
-5.335038117292272963e-04 6.889112687491386977e-05
-5.351939245889326480e-04 7.107530149729321585e-05
-5.368761972385033493e-04 7.326534590227318461e-05
-5.385506343029936461e-04 7.546120024269017425e-05
-5.402172407179247141e-04 7.766280510884470767e-05
-5.418760217234661796e-04 7.987010152655405631e-05
-5.435269828586997143e-04 8.208303095518347807e-05
-5.451701299559661134e-04 8.430153528565799382e-05
-5.468054691352882682e-04 8.652555683845487866e-05
-5.484330067988742608e-04 8.875503836157690857e-05
-5.500527496256965706e-04 9.098992302851013013e-05
-5.516647045661520529e-04 9.323015443616296835e-05
-5.532688788367923910e-04 9.547567660279176842e-05
-5.548652799151340210e-04 9.772643396591004740e-05
-5.564539155345380947e-04 9.998237138018339367e-05
-5.580347936791667718e-04 1.022434341153125893e-04
-5.596079225790106344e-04 1.045095678539026786e-04
-5.611733107049869012e-04 1.067807186893206250e-04
-5.627309667641087641e-04 1.090568331235422078e-04
-5.642808996947231391e-04 1.113378580649871953e-04
-5.658231186618202990e-04 1.136237408263469700e-04
-5.673576330524076911e-04 1.159144291223999424e-04
-5.688844524709530358e-04 1.182098710678218827e-04
-5.704035867348934523e-04 1.205100151749854373e-04
-5.719150458702114805e-04 1.228148103517538595e-04
-5.734188401070699744e-04 1.251242058992677725e-04
-5.749149798755196373e-04 1.274381515097255913e-04
-5.764034758012622850e-04 1.297565972641593767e-04
-5.778843387014794865e-04 1.320794936302038044e-04
-5.793575795807238710e-04 1.344067914598625734e-04
-5.808232096268690914e-04 1.367384419872696641e-04
-5.822812402071177911e-04 1.390743968264470450e-04
-5.837316828640756001e-04 1.414146079690614319e-04
-5.851745493118756542e-04 1.437590277821750289e-04
-5.866098514323666484e-04 1.461076090059976521e-04
-5.880376012713551008e-04 1.484603047516353837e-04
-5.894578110349035609e-04 1.508170684988378440e-04
-5.908704930856875821e-04 1.531778540937468725e-04
-5.922756599394015916e-04 1.555426157466422549e-04
-5.936733242612276433e-04 1.579113080296894016e-04
-5.950634988623465646e-04 1.602838858746874864e-04
-5.964461966965127438e-04 1.626603045708157702e-04
-5.978214308566730468e-04 1.650405197623862395e-04
-5.991892145716403752e-04 1.674244874465919081e-04
-6.005495612028201357e-04 1.698121639712629250e-04
-6.019024842409796423e-04 1.722035060326202707e-04
-6.032479973030756325e-04 1.745984706730340874e-04
-6.045861141291243926e-04 1.769970152787857232e-04
-6.059168485791227316e-04 1.793990975778315109e-04
-6.072402146300159018e-04 1.818046756375703147e-04
-6.085562263727109468e-04 1.842137078626159550e-04
-6.098648980091387305e-04 1.866261529925732391e-04
-6.111662044562490327e-04 1.890418967135784264e-04
-6.124602391373328751e-04 1.914610451005248793e-04
-6.137469769549296897e-04 1.938834846001841184e-04
-6.150264325265731137e-04 1.963091752699640496e-04
-6.162986205667973175e-04 1.987380774912139735e-04
-6.175635558844616265e-04 2.011701519670307833e-04
-6.188212533801206805e-04 2.036053597200709908e-04
-6.200717280434296132e-04 2.060436620903673328e-04
-6.213149949505994288e-04 2.084850207331559761e-04
-6.225510692618846896e-04 2.109293976167051041e-04
-6.237799662191130523e-04 2.133767550201526655e-04
-6.250017011432591491e-04 2.158270555313519562e-04
-6.262162894320496935e-04 2.182802620447218630e-04
-6.274237465576130383e-04 2.207363377591067301e-04
-6.286240880641623440e-04 2.231952461756413209e-04
-6.298173295657196217e-04 2.256569510956266762e-04
-6.310034867438716515e-04 2.281214166184082496e-04
-6.321825753455687265e-04 2.305886071392688141e-04
-6.333546111809526709e-04 2.330584873473239178e-04
-6.345196101212238890e-04 2.355310222234271783e-04
-6.356775880965439759e-04 2.380061770380862828e-04
-6.368285610939678192e-04 2.404839173493835433e-04
-6.379725451554145140e-04 2.429642090009074553e-04
-6.391095563756701544e-04 2.454470181196920361e-04
-6.402396109004228255e-04 2.479323111141664630e-04
-6.413627249243291457e-04 2.504200546721113523e-04
-6.424789146891155033e-04 2.529102157586253920e-04
-6.435881964817087835e-04 2.554027616141007302e-04
-6.446905866323996218e-04 2.578976597522089609e-04
-6.457861015130334122e-04 2.603948779578936696e-04
-6.468747575352365529e-04 2.628943842853753384e-04
-6.479565711486680616e-04 2.653961470561636785e-04
-6.490315588393008985e-04 2.679001348570792321e-04
-6.500997371277373324e-04 2.704063165382886353e-04
-6.511611225675451248e-04 2.729146612113432968e-04
-6.522157317436278650e-04 2.754251382472324957e-04
-6.532635812706228447e-04 2.779377172744462374e-04
-6.543046877913208338e-04 2.804523681770446693e-04
-6.553390679751190315e-04 2.829690610927408320e-04
-6.563667385164989555e-04 2.854877664109915954e-04
-6.573877161335285081e-04 2.880084547711005225e-04
-6.584020175663926654e-04 2.905310970603286469e-04
-6.594096595759461757e-04 2.930556644120153333e-04
