npts 513 dfreq 1.000000000000000021e-02
0.000000000000000000e+00 0.000000000000000000e+00
1.455966978578851793e-03 -5.718818471403755085e-03
-2.799916664389496407e-02 -4.662957337168728567e-02
-1.573787926506671486e-01 -6.821582960920320737e-02
-3.376493826204068349e-01 4.765628926468267607e-02
-4.192060608769779817e-01 2.949492359167628086e-01
-3.524272356034103271e-01 5.443090780200735557e-01
-2.020596985293618975e-01 7.155027787955915430e-01
-3.417594131590503265e-02 8.070204028974710120e-01
1.198543762724488954e-01 8.432064104226282275e-01
2.510869031428817344e-01 8.461021151064186396e-01
3.598321276187121387e-01 8.303531579918919103e-01
4.492324703921395379e-01 8.047847112546858694e-01
5.228066752358807578e-01 7.745301973312550547e-01
5.836680075551495817e-01 7.425293148728658865e-01
6.343613460626175149e-01 7.104418807155203908e-01
6.769038547739008038e-01 6.791823141083005444e-01
7.128771823672083174e-01 6.492297139845959464e-01
7.435196854415068168e-01 6.208085964691678615e-01
7.698040629744375973e-01 5.939951934343470352e-01
7.924986201296089217e-01 5.687805510163392864e-01
8.122143125566216870e-01 5.451082581601628396e-01
8.294404859859473289e-01 5.228970896016149617e-01
8.445719613214011101e-01 5.020545750039193678e-01
8.579296016799635716e-01 4.824850576212548203e-01
8.697759990571366506e-01 4.640943829690609701e-01
8.803275076267587096e-01 4.467925188931980429e-01
8.897635341533356446e-01 4.304949065606740177e-01
8.982337593194050784e-01 4.151230377250689219e-01
9.058637892570302608e-01 4.006045670466579223e-01
9.127596085846827467e-01 3.868731525901359380e-01
9.190111124355381245e-01 3.738681452795349913e-01
9.246949260380726843e-01 3.615342025107752266e-01
9.298766695675945160e-01 3.498208722539203341e-01
9.346127882945431953e-01 3.386821756381027115e-01
9.389520399531899875e-01 3.280762043588280052e-01
9.429367101773057369e-01 3.179647418661095126e-01
9.466036109443768387e-01 3.083129126528060260e-01
9.499849048939966734e-01 2.990888610884971377e-01
9.531087891613531093e-01 2.902634595068153689e-01
9.560000652777043140e-01 2.818100442470194422e-01
9.586806162099908990e-01 2.737041778099633671e-01
9.611698073517461749e-01 2.659234350427720495e-01
9.634848249472955928e-01 2.584472112036150238e-01
9.656409628140285584e-01 2.512565498053067614e-01
9.676518661599178284e-01 2.443339882469127700e-01
9.695297396517910116e-01 2.376634193858941368e-01
9.712855255801912113e-01 2.312299673604363281e-01
9.729290569168262959e-01 2.250198761305874651e-01
9.744691892153564128e-01 2.190204093605817859e-01
9.759139146227444606e-01 2.132197604092616050e-01
9.772704607133011478e-01 2.076069713287989338e-01
9.785453764049918401e-01 2.021718598932594479e-01
9.797446068471099556e-01 1.969049537879580536e-01
9.808735588640422609e-01 1.917974311885530248e-01
9.819371582888607453e-01 1.868410670461785883e-01
9.829399003127630152e-01 1.820281844724886688e-01
9.838858938039188873e-01 1.773516106872222164e-01
9.847789004055943485e-01 1.728046370516815311e-01
9.856223691033657586e-01 1.683809827652218427e-01
9.864194668505553709e-01 1.640747618492443272e-01
9.871731057564078204e-01 1.598804530850314876e-01
9.878859672701506556e-01 1.557928726086774962e-01
9.885605237337473650e-01 1.518071488989588269e-01
9.891990576249801714e-01 1.479186999227672383e-01
9.898036787690228655e-01 1.441232122281548012e-01
9.903763397595835016e-01 1.404166217975217068e-01
9.909188497990421007e-01 1.367950964933671021e-01
9.914328871398828680e-01 1.332550199466389917e-01
9.919200102864473845e-01 1.297929767533344270e-01
9.923816680960031444e-01 1.264057388588476216e-01
9.928192089008607280e-01 1.230902530218749569e-01
9.932338887583498366e-01 1.198436292606140097e-01
9.936268789225510822e-01 1.166631301937335607e-01
9.939992726204599505e-01 1.135461611972581331e-01
9.943520912055445748e-01 1.104902613062494765e-01
9.946862897531402181e-01 1.074930947970668821e-01
9.950027621547488099e-01 1.045524433921636159e-01
9.953023457618188630e-01 1.016661990348958350e-01
9.955858256239389359e-01 9.883235718677112203e-02
9.958539383613667084e-01 9.604901060399125001e-02
9.961073757075009638e-01 9.331434355413412152e-02
9.963467877530078898e-01 9.062662643739055612e-02
9.965727859199619010e-01 8.798421077999382667e-02
9.967859456913518157e-01 8.538552457037586196e-02
9.969868091186575576e-01 8.282906791119802603e-02
9.971758871278704195e-01 8.031340896276047137e-02
9.973536616422489232e-01 7.783718015542491486e-02
9.975205875382420206e-01 7.539907465060803615e-02
9.976770944494026683e-01 7.299784303164978672e-02
9.978235884316213333e-01 7.063229020743382047e-02
9.979604535017311262e-01 6.830127251307417657e-02
9.980880530603564171e-01 6.600369499327703171e-02
9.982067312088473976e-01 6.373850885516983700e-02
9.983168139692117915e-01 6.150470907846211643e-02
9.984186104151141494e-01 5.930133217177846472e-02
9.985124137212753048e-01 5.712745406489663780e-02
9.985985021379225612e-01 5.498218812743155270e-02
9.986771398963449897e-01 5.286468330524980719e-02
9.987485780510620970e-01 5.077412236657374150e-02
9.988130552636224069e-01 4.870972025035167491e-02
9.988707985326052974e-01 4.667072251003920313e-02
9.989220238740040836e-01 4.465640384645015032e-02
9.989669369558078493e-01 4.266606672381453857e-02
9.990057336902626872e-01 4.069904006361267645e-02
9.990386007870171170e-01 3.875467801115531352e-02
9.990657162700606886e-01 3.683235877024653576e-02
9.990872499611507251e-01 3.493148350160232840e-02
9.991033639321771354e-01 3.305147528100876170e-02
9.991142129287271523e-01 3.119177811348855869e-02
9.991199447669290024e-01 2.935185600000742370e-02
9.991207007054743183e-01 2.753119205349479140e-02
9.991166157945856607e-01 2.572928766117563160e-02
9.991078192035420802e-01 2.394566169041870834e-02
9.990944345282554151e-01 2.217984973549369868e-02
9.990765800802724472e-01 2.043140340280949832e-02
9.990543691584754527e-01 1.869988963236634757e-02
9.990279103046532105e-01 1.698489005330612589e-02
9.989973075440252703e-01 1.528600037158470495e-02
9.989626606117265606e-01 1.360282978791964303e-02
9.989240651661737136e-01 1.193500044428617672e-02
9.988816129901864072e-01 1.028214689734667682e-02
9.988353921806457647e-01 8.643915617300079388e-03
9.987854873274388812e-01 7.019964510736692587e-03
9.987319796823733720e-01 5.409962466169622800e-03
9.986749473186978809e-01 3.813588921000171661e-03
9.986144652818217393e-01 2.230533448749429798e-03
9.985506057317827810e-01 6.604953654610160345e-04
9.984834380779772367e-01 -8.968166457527662963e-04
9.984130291066259932e-01 -2.441684892987757045e-03
9.983394431014237513e-01 -3.974383017554713494e-03
9.982627419577799754e-01 -5.495176320570259627e-03
9.981829852910441003e-01 -7.004322074933717543e-03
9.981002305390660467e-01 -8.502069823446612232e-03
9.980145330594367703e-01 -9.988661663784540595e-03
9.979259462217134891e-01 -1.146433252099274963e-02
9.978345214949279063e-01 -1.292931040813585439e-02
9.977403085306532082e-01 -1.438381667569700248e-02
9.976433552418758621e-01 -1.582806625028817735e-02
9.975437078779255673e-01 -1.726226786320084194e-02
9.974414110956737467e-01 -1.868662426929658046e-02
9.973365080272216243e-01 -2.010133245671052310e-02
9.972290403442684026e-01 -2.150658384781256247e-02
9.971190483193449472e-01 -2.290256449184865581e-02
9.970065708840901708e-01 -2.428945524965989144e-02
9.968916456847249918e-01 -2.566743197085613951e-02
9.967743091348828521e-01 -2.703666566380156719e-02
9.966545964659380141e-01 -2.839732265874798586e-02
9.965325417749634207e-01 -2.974956476443741185e-02
9.964081780704490132e-01 -3.109354941847413886e-02
9.962815373158945276e-01 -3.242942983175518823e-02
9.961526504713958952e-01 -3.375735512722939646e-02
9.960215475333182855e-01 -3.507747047324313167e-02
9.958882575721704766e-01 -3.638991721171790095e-02
9.957528087687593787e-01 -3.769483298139025135e-02
9.956152284487235216e-01 -3.899235183633531499e-02
9.954755431155198897e-01 -4.028260435998218258e-02
9.953337784819517031e-01 -4.156571777482016838e-02
9.951899595002989818e-01 -4.284181604798376064e-02
9.950441103911323859e-01 -4.411101999289656489e-02
9.948962546708727261e-01 -4.537344736714347959e-02
9.947464151781518771e-01 -4.662921296673373794e-02
9.945946140990448159e-01 -4.787842871690877605e-02
9.944408729912176392e-01 -4.912120375964209446e-02
9.942852128070519546e-01 -5.035764453796935658e-02
9.941276539157897219e-01 -5.158785487728357461e-02
9.939682161247513914e-01 -5.281193606371985261e-02
9.938069186996600912e-01 -5.402998691975252621e-02
9.936437803841299266e-01 -5.524210387711744885e-02
9.934788194183464816e-01 -5.644838104717072452e-02
9.933120535569784915e-01 -5.764891028878720708e-02
9.931435000863622076e-01 -5.884378127389913726e-02
9.929731758409862108e-01 -6.003308155076945291e-02
9.928010972193117567e-01 -6.121689660509089387e-02
9.926272801989586281e-01 -6.239530991899713830e-02
9.924517403512840286e-01 -6.356840302806894549e-02
9.922744928553851596e-01 -6.473625557641385364e-02
9.920955525115470186e-01 -6.589894536989564233e-02
9.919149337541643963e-01 -6.705654842758458634e-02
9.917326506641588324e-01 -6.820913903149841695e-02
9.915487169809142909e-01 -6.935678977469889039e-02
9.913631461137507594e-01 -7.049957160780777332e-02
9.911759511529570910e-01 -7.163755388400198931e-02
9.909871448804070670e-01 -7.277080440254596327e-02
9.907967397797659004e-01 -7.389938945091562017e-02
9.906047480463139321e-01 -7.502337384556759248e-02
9.904111815964032894e-01 -7.614282097140381844e-02
9.902160520765556084e-01 -7.725779281998000625e-02
9.900193708722276886e-01 -7.836835002650423265e-02
9.898211491162467457e-01 -7.947455190567018213e-02
9.896213976969382431e-01 -8.057645648636757585e-02
9.894201272659586266e-01 -8.167412054531091037e-02
9.892173482458341827e-01 -8.276759963962473932e-02
9.890130708372361079e-01 -8.385694813842402284e-02
9.888073050259872376e-01 -8.494221925342521073e-02
9.886000605898176419e-01 -8.602346506862168507e-02
9.883913471048820787e-01 -8.710073656905863160e-02
9.881811739520416360e-01 -8.817408366873687176e-02
9.879695503229252163e-01 -8.924355523767783793e-02
9.877564852257790795e-01 -9.030919912817834960e-02
9.875419874911069984e-01 -9.137106220028318182e-02
9.873260657771176785e-01 -9.242919034650258492e-02
9.871087285749828855e-01 -9.348362851580138688e-02
9.868899842139100542e-01 -9.453442073688300695e-02
9.866698408660464770e-01 -9.558161014079463724e-02
9.864483065512092974e-01 -9.662523898287395108e-02
9.862253891414587414e-01 -9.766534866406215154e-02
9.860010963655153615e-01 -9.870197975160306669e-02
9.857754358130274008e-01 -9.973517199914869180e-02
9.855484149386946058e-01 -1.007649643662920785e-01
9.853200410662534825e-01 -1.017913950375455151e-01
9.850903213923343227e-01 -1.028145014407825797e-01
9.848592629901818940e-01 -1.038343202651617614e-01
9.846268728132632209e-01 -1.048508874785486766e-01
9.843931576987483556e-01 -1.058642383444524382e-01
9.841581243708814597e-01 -1.068744074384929549e-01
9.839217794442421949e-01 -1.078814286644133175e-01
9.836841294268993119e-01 -1.088853352696526749e-01
9.834451807234634302e-01 -1.098861598604927714e-01
9.832049396380432293e-01 -1.108839344167925622e-01
9.829634123771013865e-01 -1.118786903063227617e-01
9.827206050522275804e-01 -1.128704582987145738e-01
9.824765236828172377e-01 -1.138592685790330433e-01
9.822311741986659017e-01 -1.148451507609875577e-01
9.819845624424857755e-01 -1.158281338997909637e-01
9.817366941723394413e-01 -1.168082465046774709e-01
9.814875750639979746e-01 -1.177855165510902358e-01
9.812372107132296684e-01 -1.187599714925493821e-01
9.809856066380110429e-01 -1.197316382722083822e-01
9.807327682806741276e-01 -1.207005433341104828e-01
9.804787010099890177e-01 -1.216667126341528099e-01
9.802234101231759311e-01 -1.226301716507670198e-01
9.799669008478641974e-01 -1.235909453953261822e-01
9.797091783439852986e-01 -1.245490584222843228e-01
9.794502477056110656e-01 -1.255045348390579629e-01
9.791901139627368078e-01 -1.264573983156566384e-01
9.789287820830098186e-01 -1.274076720940700014e-01
9.786662569734055905e-01 -1.283553789974188064e-01
9.784025434818564015e-01 -1.293005414388760932e-01
9.781376463988283865e-01 -1.302431814303658952e-01
9.778715704588529789e-01 -1.311833205910456490e-01
9.776043203420154981e-01 -1.321209801555787433e-01
9.773359006753952194e-01 -1.330561809822026764e-01
9.770663160344678078e-01 -1.339889435605996770e-01
9.767955709444633428e-01 -1.349192880195740074e-01
9.765236698816870398e-01 -1.358472341345431933e-01
9.762506172748003364e-01 -1.367728013348469829e-01
9.759764175060650082e-01 -1.376960087108795028e-01
9.757010749125519800e-01 -1.386168750210503842e-01
9.754245937873168293e-01 -1.395354186985786893e-01
9.751469783805353231e-01 -1.404516578581243291e-01
9.748682329006161940e-01 -1.413656103022623567e-01
9.745883615152731716e-01 -1.422772935278037443e-01
9.743073683525739215e-01 -1.431867247319667802e-01
9.740252575019516801e-01 -1.440939208184034426e-01
9.737420330151975723e-01 -1.449988984030851913e-01
9.734576989074155140e-01 -1.459016738200506758e-01
9.731722591579583526e-01 -1.468022631270207989e-01
9.728857177113297006e-01 -1.477006821108831913e-01
9.725980784780713373e-01 -1.485969462930504248e-01
9.723093453356141946e-01 -1.494910709346955191e-01
9.720195221291159093e-01 -1.503830710418672945e-01
9.717286126722672890e-01 -1.512729613704887344e-01
9.714366207480819027e-01 -1.521607564312432159e-01
9.711435501096605805e-01 -1.530464704943486631e-01
9.708494044809394818e-01 -1.539301175942254796e-01
9.705541875574087429e-01 -1.548117115340577332e-01
9.702579030068256838e-01 -1.556912658902553925e-01
9.699605544698922666e-01 -1.565687940168136727e-01
9.696621455609276685e-01 -1.574443090495780129e-01
9.693626798685147650e-01 -1.583178239104140184e-01
9.690621609561325123e-01 -1.591893513112846992e-01
9.687605923627704563e-01 -1.600589037582392793e-01
9.684579776035262544e-01 -1.609264935553144094e-01
9.681543201701882095e-01 -1.617921328083498089e-01
9.678496235318012619e-01 -1.626558334287214747e-01
9.675438911352174376e-01 -1.635176071369937312e-01
9.672371264056359719e-01 -1.643774654664936496e-01
9.669293327471201183e-01 -1.652354197668063074e-01
9.666205135431116258e-01 -1.660914812071979663e-01
9.663106721569201252e-01 -1.669456607799636449e-01
9.659998119322105170e-01 -1.677979693037054409e-01
9.656879361934674888e-01 -1.686484174265401315e-01
9.653750482464561467e-01 -1.694970156292396890e-01
9.650611513786649942e-01 -1.703437742283055445e-01
9.647462488597388086e-01 -1.711887033789778190e-01
9.644303439419033008e-01 -1.720318130781827159e-01
9.641134398603738997e-01 -1.728731131674177968e-01
9.637955398337549884e-01 -1.737126133355768320e-01
9.634766470644334779e-01 -1.745503231217176432e-01
9.631567647389547293e-01 -1.753862519177717405e-01
9.628358960283948109e-01 -1.762204089711985333e-01
9.625140440887194337e-01 -1.770528033875851948e-01
9.621912120611355590e-01 -1.778834441331936522e-01
9.618674030724346791e-01 -1.787123400374555915e-01
9.615426202353225538e-01 -1.795394997954166127e-01
9.612168666487470592e-01 -1.803649319701313147e-01
9.608901453982124918e-01 -1.811886449950101952e-01
9.605624595560892098e-01 -1.820106471761192279e-01
9.602338121819103955e-01 -1.828309466944328943e-01
9.599042063226697064e-01 -1.836495516080438872e-01
9.595736450131027162e-01 -1.844664698543267700e-01
9.592421312759640273e-01 -1.852817092520600006e-01
9.589096681223013841e-01 -1.860952775035061846e-01
9.585762585517147993e-01 -1.869071821964504998e-01
9.582419055526186780e-01 -1.877174308062000141e-01
9.579066121024878422e-01 -1.885260306975429789e-01
9.575703811681030020e-01 -1.893329891266701814e-01
9.572332157057896751e-01 -1.901383132430596035e-01
9.568951186616486693e-01 -1.909420100913238327e-01
9.565560929717833449e-01 -1.917440866130217803e-01
9.562161415625169969e-01 -1.925445496484354257e-01
9.558752673506103470e-01 -1.933434059383130621e-01
9.555334732434702660e-01 -1.941406621255789555e-01
9.551907621393506131e-01 -1.949363247570088109e-01
9.548471369275557397e-01 -1.957304002848767877e-01
9.545026004886287829e-01 -1.965228950685669052e-01
9.541571556945444010e-01 -1.973138153761576918e-01
9.538108054088899612e-01 -1.981031673859750819e-01
9.534635524870478385e-01 -1.988909571881165295e-01
9.531153997763656127e-01 -1.996771907859454798e-01
9.527663501163308180e-01 -2.004618740975609437e-01
9.524164063387327017e-01 -2.012450129572352364e-01
9.520655712678274263e-01 -2.020266131168292900e-01
9.517138477204943880e-01 -2.028066802471790442e-01
9.513612385063872079e-01 -2.035852199394567186e-01
9.510077464280877191e-01 -2.043622377065078266e-01
9.506533742812484089e-01 -2.051377389841628485e-01
9.502981248547369697e-01 -2.059117291325252008e-01
9.499420009307716350e-01 -2.066842134372353923e-01
9.495850052850594025e-01 -2.074551971107125026e-01
9.492271406869257078e-01 -2.082246852933726522e-01
9.488684098994419891e-01 -2.089926830548261005e-01
9.485088156795532521e-01 -2.097591953950525279e-01
9.481483607781947542e-01 -2.105242272455535857e-01
9.477870479404167936e-01 -2.112877834704878499e-01
9.474248799054937331e-01 -2.120498688677823207e-01
9.470618594070421281e-01 -2.128104881702264084e-01
9.466979891731256425e-01 -2.135696460465444646e-01
9.463332719263644055e-01 -2.143273471024507437e-01
9.459677103840380408e-01 -2.150835958816855187e-01
9.456013072581874734e-01 -2.158383968670316289e-01
9.452340652557130740e-01 -2.165917544813149020e-01
9.448659870784691384e-01 -2.173436730883849810e-01
9.444970754233613652e-01 -2.180941569940815228e-01
9.441273329824327876e-01 -2.188432104471803585e-01
9.437567624429573643e-01 -2.195908376403262752e-01
9.433853664875223588e-01 -2.203370427109474505e-01
9.430131477941139373e-01 -2.210818297421540402e-01
9.426401090361994362e-01 -2.218252027636232748e-01
9.422662528828061879e-01 -2.225671657524669056e-01
9.418915819985987925e-01 -2.233077226340845489e-01
9.415160990439553901e-01 -2.240468772830029320e-01
9.411398066750400471e-01 -2.247846335237002890e-01
9.407627075438748099e-01 -2.255209951314163797e-01
9.403848042984083166e-01 -2.262559658329491019e-01
9.400060995825845200e-01 -2.269895493074376158e-01
9.396265960364079683e-01 -2.277217491871318944e-01
9.392462962960066442e-01 -2.284525690581495072e-01
9.388652029936952470e-01 -2.291820124612189979e-01
9.384833187580353675e-01 -2.299100828924122430e-01
9.381006462138933299e-01 -2.306367838038619333e-01
9.377171879824991452e-01 -2.313621186044705347e-01
9.373329466815004674e-01 -2.320860906606039553e-01
9.369479249250156627e-01 -2.328087032967752212e-01
9.365621253236884325e-01 -2.335299597963178264e-01
9.361755504847383280e-01 -2.342498634020458159e-01
9.357882030120062700e-01 -2.349684173169034329e-01
9.354000855060096153e-01 -2.356856247046059949e-01
9.350112005639815704e-01 -2.364014886902671975e-01
9.346215507799213729e-01 -2.371160123610182857e-01
9.342311387446350368e-01 -2.378291987666162344e-01
9.338399670457799839e-01 -2.385410509200418805e-01
9.334480382679051225e-01 -2.392515717980886192e-01
9.330553549924907042e-01 -2.399607643419414682e-01
9.326619197979887366e-01 -2.406686314577462515e-01
9.322677352598588429e-01 -2.413751760171701788e-01
9.318728039506053440e-01 -2.420804008579529598e-01
9.314771284398128959e-01 -2.427843087844486492e-01
9.310807112941797969e-01 -2.434869025681596910e-01
9.306835550775521826e-01 -2.441881849482616662e-01
9.302856623509564438e-01 -2.448881586321201842e-01
9.298870356726270936e-01 -2.455868262957979498e-01
9.294876775980409622e-01 -2.462841905845558899e-01
9.290875906799430650e-01 -2.469802541133447604e-01
9.286867774683771337e-01 -2.476750194672899530e-01
9.282852405107095972e-01 -2.483684892021668644e-01
9.278829823516590025e-01 -2.490606658448711597e-01
9.274800055333189963e-01 -2.497515518938795143e-01
9.270763125951838601e-01 -2.504411498197041674e-01
9.266719060741717140e-01 -2.511294620653395926e-01
9.262667885046452776e-01 -2.518164910467026174e-01
9.258609624184380715e-01 -2.525022391530664101e-01
9.254544303448709597e-01 -2.531867087474852784e-01
9.250471948107740205e-01 -2.538699021672152778e-01
9.246392583405076415e-01 -2.545518217241272696e-01
9.242306234559778400e-01 -2.552324697051129854e-01
9.238212926766571353e-01 -2.559118483724855952e-01
9.234112685195999815e-01 -2.565899599643736706e-01
9.230005534994607519e-01 -2.572668066951094845e-01
9.225891501285072849e-01 -2.579423907556100404e-01
9.221770609166399790e-01 -2.586167143137543811e-01
9.217642883713998980e-01 -2.592897795147520168e-01
9.213508349979904200e-01 -2.599615884815094091e-01
9.209367032992833435e-01 -2.606321433149870193e-01
9.205218957758366516e-01 -2.613014460945539130e-01
9.201064149259027269e-01 -2.619694988783349276e-01
9.196902632454430071e-01 -2.626363037035538972e-01
9.192734432281357559e-01 -2.633018625868703277e-01
9.188559573653887202e-01 -2.639661775247122422e-01
9.184378081463477894e-01 -2.646292504936028078e-01
9.180189980579049891e-01 -2.652910834504826898e-01
9.175995295847094724e-01 -2.659516783330272416e-01
9.171794052091746252e-01 -2.666110370599592549e-01
9.167586274114840617e-01 -2.672691615313562141e-01
9.163371986696017268e-01 -2.679260536289534422e-01
9.159151214592770041e-01 -2.685817152164432509e-01
9.154923982540492666e-01 -2.692361481397674838e-01
9.150690315252573148e-01 -2.698893542274087287e-01
9.146450237420400420e-01 -2.705413352906735347e-01
9.142203773713460935e-01 -2.711920931239755195e-01
9.137950948779343108e-01 -2.718416295051100939e-01
9.133691787243808369e-01 -2.724899461955285762e-01
9.129426313710788943e-01 -2.731370449406050893e-01
9.125154552762462234e-01 -2.737829274699019599e-01
9.120876528959243057e-01 -2.744275954974303988e-01
9.116592266839838032e-01 -2.750710507219063516e-01
9.112301790921234490e-01 -2.757132948270033523e-01
9.108005125698753757e-01 -2.763543294816026563e-01
9.103702295646016740e-01 -2.769941563400366569e-01
9.099393325214998329e-01 -2.776327770423319685e-01
9.095078238836017404e-01 -2.782701932144475698e-01
9.090757060917724619e-01 -2.789064064685081723e-01
9.086429815847130165e-01 -2.795414184030365345e-01
9.082096527989568235e-01 -2.801752306031802808e-01
9.077757221688727007e-01 -2.808078446409368878e-01
9.073411921266606450e-01 -2.814392620753741747e-01
9.069060651023528319e-01 -2.820694844528484069e-01
9.064703435238099516e-01 -2.826985133072186240e-01
9.060340298167210982e-01 -2.833263501600574163e-01
9.055971264046025482e-01 -2.839529965208611451e-01
9.051596357087923206e-01 -2.845784538872528358e-01
9.047215601484495107e-01 -2.852027237451855712e-01
9.042829021405521805e-01 -2.858258075691419431e-01
9.038436640998928073e-01 -2.864477068223299505e-01
9.034038484390747303e-01 -2.870684229568761237e-01
9.029634575685107079e-01 -2.876879574140170925e-01
9.025224938964158117e-01 -2.883063116242866042e-01
9.020809598288067610e-01 -2.889234870077008188e-01
9.016388577694954831e-01 -2.895394849739411636e-01
9.011961901200857827e-01 -2.901543069225337446e-01
9.007529592799675688e-01 -2.907679542430258168e-01
9.003091676463126358e-01 -2.913804283151618657e-01
8.998648176140700006e-01 -2.919917305090541371e-01
8.994199115759595742e-01 -2.926018621853526680e-01
8.989744519224688313e-01 -2.932108246954130415e-01
8.985284410418440393e-01 -2.938186193814597003e-01
8.980818813200863726e-01 -2.944252475767489829e-01
8.976347751409468056e-01 -2.950307106057290518e-01
8.971871248859180081e-01 -2.956350097841971558e-01
8.967389329342287940e-01 -2.962381464194547842e-01
8.962902016628387925e-01 -2.968401218104614325e-01
8.958409334464294549e-01 -2.974409372479841496e-01
8.953911306574002804e-01 -2.980405940147474730e-01
8.949407956658587127e-01 -2.986390933855790908e-01
8.944899308396158100e-01 -2.992364366275544474e-01
8.940385385441774746e-01 -2.998326250001387971e-01
8.935866211427382355e-01 -3.004276597553279249e-01
8.931341809961723666e-01 -3.010215421377857026e-01
8.926812204630277803e-01 -3.016142733849807023e-01
8.922277418995180343e-01 -3.022058547273203111e-01
8.917737476595132273e-01 -3.027962873882826811e-01
8.913192400945340044e-01 -3.033855725845479023e-01
8.908642215537423414e-01 -3.039737115261252343e-01
8.904086943839342183e-01 -3.045607054164813920e-01
8.899526609295295154e-01 -3.051465554526631707e-01
8.894961235325669069e-01 -3.057312628254228448e-01
8.890390845326924252e-01 -3.063148287193374619e-01
8.885815462671518006e-01 -3.068972543129293573e-01
8.881235110707835778e-01 -3.074785407787835601e-01
8.876649812760074587e-01 -3.080586892836634227e-01
8.872059592128179739e-01 -3.086377009886260292e-01
8.867464472087750460e-01 -3.092155770491340494e-01
8.862864475889936644e-01 -3.097923186151667618e-01
8.858259626761367800e-01 -3.103679268313301876e-01
8.853649947904047579e-01 -3.109424028369641713e-01
8.849035462495272730e-01 -3.115157477662495178e-01
8.844416193687538730e-01 -3.120879627483121310e-01
8.839792164608435421e-01 -3.126590489073265422e-01
8.835163398360573739e-01 -3.132290073626177729e-01
8.830529918021476909e-01 -3.137978392287614771e-01
8.825891746643483859e-01 -3.143655456156825845e-01
8.821248907253670390e-01 -3.149321276287534999e-01
8.816601422853729275e-01 -3.154975863688886939e-01
8.811949316419906975e-01 -3.160619229326412372e-01
8.807292610902870411e-01 -3.166251384122942270e-01
8.802631329227635915e-01 -3.171872338959531579e-01
8.797965494293464861e-01 -3.177482104676376262e-01
8.793295128973755981e-01 -3.183080692073685380e-01
8.788620256115966534e-01 -3.188668111912577596e-01
8.783940898541486852e-01 -3.194244374915936047e-01
8.779257079045575951e-01 -3.199809491769271541e-01
8.774568820397228297e-01 -3.205363473121553564e-01
8.769876145339094986e-01 -3.210906329586047381e-01
8.765179076587379381e-01 -3.216438071741128391e-01
8.760477636831732751e-01 -3.221958710131085923e-01
8.755771848735161011e-01 -3.227468255266917607e-01
8.751061734933913705e-01 -3.232966717627104303e-01
8.746347318037394070e-01 -3.238454107658392811e-01
8.741628620628052460e-01 -3.243930435776543608e-01
8.736905665261293086e-01 -3.249395712367084132e-01
8.732178474465353002e-01 -3.254849947786038200e-01
8.727447070741215507e-01 -3.260293152360658198e-01
