npts 513 dfreq 1.000000000000000021e-02
0.000000000000000000e+00 0.000000000000000000e+00
-3.595382189753350017e-03 -7.004615817521021859e-03
-4.859145725344266031e-02 -3.426226822486126006e-02
-1.774571227072727075e-01 -2.187689409562380838e-02
-3.271128268746582024e-01 1.222137939146484137e-01
-3.670854490551810900e-01 3.689926434696842450e-01
-2.722843639224944989e-01 5.961696103949597481e-01
-1.117681018042104291e-01 7.409712605622194026e-01
5.492806223139037880e-02 8.107623265140476709e-01
2.026034426102763242e-01 8.314108629868640632e-01
3.258112568703399603e-01 8.238912783525502714e-01
4.264936290409463981e-01 8.014271067354316047e-01
5.084521995058507438e-01 7.716870375283717554e-01
5.754112093502714576e-01 7.389783202581493571e-01
6.304922799478676065e-01 7.056761404579128261e-01
6.761710416402757495e-01 6.730598274592364261e-01
7.143715684739324612e-01 6.417875800921527540e-01
7.465817030520106590e-01 6.121652008388699384e-01
7.739543487759591445e-01 5.842992711013877960e-01
7.973878482995638839e-01 5.581852702663013810e-01
8.175872599871784052e-01 5.337586720072915458e-01
8.351103440424789692e-01 5.109246981890637196e-01
8.504019267962524831e-01 4.895756161684869934e-01
8.638196207760374667e-01 4.696006892604805971e-01
8.756531651662063931e-01 4.508917613657995038e-01
8.861390612052472138e-01 4.333462378587017438e-01
8.954717265443278285e-01 4.168685161282028040e-01
9.038120605248184392e-01 4.013705011377466381e-01
9.112940713523306480e-01 3.867715915698025086e-01
9.180300422449095832e-01 3.729983711519677669e-01
9.241145881627926828e-01 3.599841476558843789e-01
9.296278639328656723e-01 3.476684254571162924e-01
9.346381185659098367e-01 3.359963625909375140e-01
9.392037422862575813e-01 3.249182416144134611e-01
9.433749172593128840e-01 3.143889702306499334e-01
9.471949566725151870e-01 3.043676194385698808e-01
9.507013971823049525e-01 2.948170020134565639e-01
9.539268949853391133e-01 2.857032911946396081e-01
9.568999646154450200e-01 2.769956777988049623e-01
9.596455910758772134e-01 2.686660631108843678e-01
9.621857394114745610e-01 2.606887845251267266e-01
9.645397808114486438e-01 2.530403708236071414e-01
9.667248504457931491e-01 2.456993240656548672e-01
9.687561492062505275e-01 2.386459252422288291e-01
9.706471991448742953e-01 2.318620610759465350e-01
9.724100605283255705e-01 2.253310695906108052e-01
9.740555169400212376e-01 2.190376023159810726e-01
9.755932336786508063e-01 2.129675012240790644e-01
9.770318937542286086e-01 2.071076887071809924e-01
9.783793150211689271e-01 2.014460691025147521e-01
9.796425513726920720e-01 1.959714404440706659e-01
9.808279804218861253e-01 1.906734152784094471e-01
9.819413796883702528e-01 1.855423495201211082e-01
9.829879929771763170e-01 1.805692784450985133e-01
9.839725883637129300e-01 1.757458590276240185e-01
9.848995089739107645e-01 1.710643179219893673e-01
9.857727175628462346e-01 1.665174044724448688e-01
9.865958357409553292e-01 1.620983482081001237e-01
9.873721785686007113e-01 1.578008203431929546e-01
9.881047851325700515e-01 1.536188988590498072e-01
9.887964456282902770e-01 1.495470367930457067e-01
9.894497253960786720e-01 1.455800334028305443e-01
9.900669862961767320e-01 1.417130079117756569e-01
9.906504057535581165e-01 1.379413755746868864e-01
9.912019937579822360e-01 1.342608258319170078e-01
9.917236080660578601e-01 1.306673023455924842e-01
9.922169678191238296e-01 1.271569847342061133e-01
9.926836657626157967e-01 1.237262718416889534e-01
9.931251792284825353e-01 1.203717663946072547e-01
9.935428800215418965e-01 1.170902609166259850e-01
9.939380433329023656e-01 1.138787247830820998e-01
9.943118557882238973e-01 1.107342923106560684e-01
9.946654227253862723e-01 1.076542517878928268e-01
9.949997747846569540e-01 1.046360353618850103e-01
9.953158738845119258e-01 1.016772097049290224e-01
9.956146186476524385e-01 9.877546739252926478e-02
9.958968493342090778e-01 9.592861893086616909e-02
9.961633523325920114e-01 9.313458537785775093e-02
9.964148642527018707e-01 9.039139150731642647e-02
9.966520756612066156e-01 8.769715947051018312e-02
9.968756344941738234e-01 8.505010291373282794e-02
9.970861491785064645e-01 8.244852151435222432e-02
9.972841914902054183e-01 7.989079590125931774e-02
9.974702991744993641e-01 7.737538292875409396e-02
9.976449783502321367e-01 7.490081127569840624e-02
9.978087057185550668e-01 7.246567734428563390e-02
9.979619305939062546e-01 7.006864143504513975e-02
9.981050767734286344e-01 6.770842417674921565e-02
9.982385442593239011e-01 6.538380319173722754e-02
9.983627108472221678e-01 6.309360997884778943e-02
9.984779335923351651e-01 6.083672699766112801e-02
9.985845501640152611e-01 5.861208493912734713e-02
9.986828800983179599e-01 5.641866016889820340e-02
9.987732259572480453e-01 5.425547233081205734e-02
9.988558744025448632e-01 5.212158209900564360e-02
9.989310971911246062e-01 5.001608906805987687e-02
9.989991520986480911e-01 4.793812977143829812e-02
9.990602837770711231e-01 4.588687581924782988e-02
9.991147245515241693e-01 4.386153214706108028e-02
9.991626951613646890e-01 4.186133536818070072e-02
9.992044054498333550e-01 3.988555222231638525e-02
9.992400550063398335e-01 3.793347811418461279e-02
9.992698337650619544e-01 3.600443573603017561e-02
9.992939225632199163e-01 3.409777376852400621e-02
9.993124936620956245e-01 3.221286565490234788e-02
9.993257112336161319e-01 3.034910844359178447e-02
9.993337318150677939e-01 2.850592169491474731e-02
9.993367047343141296e-01 2.668274644778736299e-02
9.993347725076717758e-01 2.487904424261788011e-02
9.993280712124446019e-01 2.309429619688317670e-02
9.993167308359371948e-01 2.132800213010999438e-02
9.993008756026270367e-01 1.957967973521809041e-02
9.992806242810516881e-01 1.784886379339283707e-02
9.992560904718266190e-01 1.613510542985180721e-02
9.992273828781086387e-01 1.443797140804785849e-02
9.991946055597219489e-01 1.275704346002042890e-02
9.991578581720571561e-01 1.109191765075909913e-02
9.991172361907836308e-01 9.442203774586517898e-03
9.990728311233247894e-01 7.807524781699810498e-03
9.990247307079791472e-01 6.187516233131728008e-03
9.989730191015087080e-01 4.581825782506102757e-03
9.989177770559500846e-01 2.990112683067631602e-03
9.988590820853462393e-01 1.412047318562301363e-03
9.987970086230546496e-01 -1.526892433624216466e-04
9.987316281702328657e-01 -1.704405676487295634e-03
9.986630094360635646e-01 -3.243400801249318212e-03
9.985912184702392391e-01 -4.769963970965952066e-03
9.985163187881889169e-01 -6.284375440084848802e-03
9.984383714895019857e-01 -7.786906715424946404e-03
9.983574353699631310e-01 -9.277820891316927374e-03
9.982735670275938444e-01 -1.075737296949517974e-02
9.981868209630583300e-01 -1.222581016454356469e-02
9.980972496747797518e-01 -1.368337219564799180e-02
9.980049037490772434e-01 -1.513029156536635153e-02
9.979098319456237709e-01 -1.656679382608220591e-02
9.978120812784944116e-01 -1.799309783477233415e-02
9.977116970930691719e-01 -1.940941599667994275e-02
9.976087231390295962e-01 -2.081595449845214524e-02
9.975032016396684353e-01 -2.221291353126880058e-02
9.973951733577317569e-01 -2.360048750445910282e-02
9.972846776579856742e-01 -2.497886525007482483e-02
9.971717525666893289e-01 -2.634823021886347622e-02
9.970564348281572009e-01 -2.770876066805874269e-02
9.969387599585624038e-01 -2.906062984138437638e-02
9.968187622971406148e-01 -3.040400614164417981e-02
9.966964750549301977e-01 -3.173905329625131833e-02
9.965719303611914048e-01 -3.306593051603226585e-02
9.964451593076233404e-01 -3.438479264761974685e-02
9.963161919904980346e-01 -3.569579031973608291e-02
9.961850575508280903e-01 -3.699907008364865246e-02
9.960517842126646038e-01 -3.829477454806753944e-02
9.959163993196300524e-01 -3.958304250873891789e-02
9.957789293697745236e-01 -4.086400907297602081e-02
9.956394000488455465e-01 -4.213780577935691968e-02
9.954978362620494625e-01 -4.340456071280530265e-02
9.953542621643881594e-01 -4.466439861526152327e-02
9.952087011896376678e-01 -4.591744099213872221e-02
9.950611760780394555e-01 -4.716380621475033813e-02
9.949117089027701422e-01 -4.840360961888522801e-02
9.947603210952519204e-01 -4.963696359969866495e-02
9.946070334693571935e-01 -5.086397770307805183e-02
9.944518662445672730e-01 -5.208475871363540954e-02
9.942948390681307647e-01 -5.329941073947075392e-02
9.941359710362761559e-01 -5.450803529384386920e-02
9.939752807145216806e-01 -5.571073137388452695e-02
9.938127861571248722e-01 -5.690759553646636271e-02
9.936485049257183233e-01 -5.809872197136168454e-02
9.934824541071597404e-01 -5.928420257179174702e-02
9.933146503306466979e-01 -6.046412700247788541e-02
9.931451097841247355e-01 -6.163858276529812080e-02
9.929738482300148883e-01 -6.280765526264518728e-02
9.928008810203063916e-01 -6.397142785858035696e-02
9.926262231110335454e-01 -6.512998193787143675e-02
9.924498890761694891e-01 -6.628339696299992423e-02
9.922718931209586479e-01 -6.743175052921797363e-02
9.920922490947214900e-01 -6.857511841773311634e-02
9.919109705031502466e-01 -6.971357464709378171e-02
9.917280705201159119e-01 -7.084719152284703336e-02
9.915435619990163874e-01 -7.197603968553498155e-02
9.913574574836779840e-01 -7.310018815709486140e-02
9.911697692188359277e-01 -7.421970438572433881e-02
9.909805091602095217e-01 -7.533465428927045571e-02
9.907896889841866228e-01 -7.644510229719900241e-02
9.905973200971466275e-01 -7.755111139119824637e-02
9.904034136444197500e-01 -7.865274314446782378e-02
9.902079805189141215e-01 -7.975005775974300382e-02
9.900110313694139297e-01 -8.084311410610101056e-02
9.898125766085710264e-01 -8.193196975459504650e-02
9.896126264205956646e-01 -8.301668101275867795e-02
9.894111907686650165e-01 -8.409730295802300692e-02
9.892082794020570224e-01 -8.517388947008557032e-02
9.890039018630232270e-01 -8.624649326226944968e-02
9.887980674934123693e-01 -8.731516591190942311e-02
9.885907854410501683e-01 -8.837995788979928491e-02
9.883820646658918463e-01 -8.944091858873523537e-02
9.881719139459533841e-01 -9.049809635118628848e-02
9.879603418830281703e-01 -9.155153849612363004e-02
9.877473569082039218e-01 -9.260129134503815307e-02
9.875329672871800968e-01 -9.364740024717445321e-02
9.873171811254007890e-01 -9.468990960400916479e-02
9.871000063730084317e-01 -9.572886289299990803e-02
9.868814508296197552e-01 -9.676430269062903655e-02
9.866615221489426490e-01 -9.779627069476838630e-02
9.864402278432262694e-01 -9.882480774638602306e-02
9.862175752875642631e-01 -9.984995385061953832e-02
9.859935717240461139e-01 -1.008717481972355029e-01
9.857682242657692662e-01 -1.018902291804974769e-01
9.855415399007132482e-01 -1.029054344184611725e-01
9.853135254954854538e-01 -1.039174007717165171e-01
9.850841877989385820e-01 -1.049261643615950340e-01
9.848535334456666179e-01 -1.059317605878600937e-01
9.846215689593874609e-01 -1.069342241458968584e-01
9.843883007562090892e-01 -1.079335890434191952e-01
9.841537351477905871e-01 -1.089298886167082286e-01
9.839178783443993659e-01 -1.099231555463984489e-01
9.836807364578639135e-01 -1.109134218728257681e-01
9.834423155044376141e-01 -1.119007190109519850e-01
9.832026214075619830e-01 -1.128850777648786746e-01
9.829616600005448568e-01 -1.138665283419638963e-01
9.827194370291522096e-01 -1.148451003665547504e-01
9.824759581541139264e-01 -1.158208228933467893e-01
9.822312289535529706e-01 -1.167937244203835767e-01
9.819852549253350604e-01 -1.177638329017064861e-01
9.817380414893446261e-01 -1.187311757596657830e-01
9.814895939896891575e-01 -1.196957798969044834e-01
9.812399176968320536e-01 -1.206576717080235089e-01
9.809890178096628555e-01 -1.216168770909397262e-01
9.807368994574990895e-01 -1.225734214579447395e-01
9.804835677020286022e-01 -1.235273297464746928e-01
9.802290275391878360e-01 -1.244786264295989625e-01
9.799732839009885899e-01 -1.254273355262372769e-01
9.797163416572812755e-01 -1.263734806111122821e-01
9.794582056174704343e-01 -1.273170848244464526e-01
9.791988805321740763e-01 -1.282581708814105326e-01
9.789383710948337258e-01 -1.291967610813311018e-01
9.786766819432778375e-01 -1.301328773166638142e-01
9.784138176612332538e-01 -1.310665410817402621e-01
9.781497827797960287e-01 -1.319977734812942949e-01
9.778845817788562877e-01 -1.329265952387745087e-01
9.776182190884795675e-01 -1.338530267044489019e-01
9.773506990902488534e-01 -1.347770878633084701e-01
9.770820261185660938e-01 -1.356987983427745403e-01
9.768122044619143018e-01 -1.366181774202162302e-01
9.765412383640861282e-01 -1.375352440302830548e-01
9.762691320253708005e-01 -1.384500167720584263e-01
9.759958896037097542e-01 -1.393625139160380999e-01
9.757215152158207339e-01 -1.402727534109406426e-01
9.754460129382841460e-01 -1.411807528903514797e-01
9.751693868086007688e-01 -1.420865296792084564e-01
9.748916408262205957e-01 -1.429901008001313312e-01
9.746127789535379282e-01 -1.438914829795998052e-01
9.743328051168610449e-01 -1.447906926539849481e-01
9.740517232073534482e-01 -1.456877459754377380e-01
9.737695370819483554e-01 -1.465826588176385170e-01
9.734862505642363217e-01 -1.474754467814109737e-01
9.732018674453289941e-01 -1.483661252002051179e-01
9.729163914846967742e-01 -1.492547091454519970e-01
9.726298264109862757e-01 -1.501412134317943736e-01
9.723421759228084715e-01 -1.510256526221957774e-01
9.720534436895136299e-01 -1.519080410329320674e-01
9.717636333519347192e-01 -1.527883927384682816e-01
9.714727485231203774e-01 -1.536667215762240468e-01
9.711807927890380165e-01 -1.545430411512297708e-01
9.708877697092637149e-01 -1.554173648406778074e-01
9.705936828176501274e-01 -1.562897057983700377e-01
9.702985356229785197e-01 -1.571600769590658642e-01
9.700023316095877091e-01 -1.580284910427311451e-01
9.697050742379951238e-01 -1.588949605586944813e-01
9.694067669454879965e-01 -1.597594978097078289e-01
9.691074131467115604e-01 -1.606221148959197653e-01
9.688070162342302671e-01 -1.614828237187586335e-01
9.685055795790830091e-01 -1.623416359847316137e-01
9.682031065313145834e-01 -1.631985632091387806e-01
9.678996004205009385e-01 -1.640536167197079453e-01
9.675950645562535479e-01 -1.649068076601482025e-01
9.672895022287143485e-01 -1.657581469936270924e-01
9.669829167090348010e-01 -1.666076455061724637e-01
9.666753112498457368e-01 -1.674553138100014771e-01
9.663666890857094405e-01 -1.683011623467764728e-01
9.660570534335650716e-01 -1.691452013907929763e-01
9.657464074931564335e-01 -1.699874410520978152e-01
9.654347544474546350e-01 -1.708278912795424542e-01
9.651220974630647653e-01 -1.716665618637707447e-01
9.648084396906224658e-01 -1.725034624401433625e-01
9.644937842651835069e-01 -1.733386024916016843e-01
9.641781343065978227e-01 -1.741719913514702123e-01
9.638614929198783265e-01 -1.750036382062016560e-01
9.635438631955562938e-01 -1.758335520980639499e-01
9.632252482100301938e-01 -1.766617419277716483e-01
9.629056510259048629e-01 -1.774882164570634469e-01
9.625850746923180212e-01 -1.783129843112253310e-01
9.622635222452657899e-01 -1.791360539815633757e-01
9.619409967079114443e-01 -1.799574338278243368e-01
9.616175010908919463e-01 -1.807771320805678650e-01
9.612930383926140410e-01 -1.815951568434903685e-01
9.609676115995425816e-01 -1.824115160957010262e-01
9.606412236864819709e-01 -1.832262176939523091e-01
9.603138776168496094e-01 -1.840392693748255648e-01
9.599855763429446798e-01 -1.848506787568727772e-01
9.596563228062034989e-01 -1.856604533427144432e-01
9.593261199374587544e-01 -1.864686005210978992e-01
9.589949706571799792e-01 -1.872751275689112926e-01
9.586628778757180225e-01 -1.880800416531610564e-01
9.583298444935356430e-01 -1.888833498329076377e-01
9.579958734014384358e-01 -1.896850590611652843e-01
9.576609674807942119e-01 -1.904851761867623894e-01
9.573251296037507130e-01 -1.912837079561670872e-01
9.569883626334446669e-01 -1.920806610152761551e-01
9.566506694242082887e-01 -1.928760419111697488e-01
9.563120528217685656e-01 -1.936698570938319430e-01
9.559725156634415466e-01 -1.944621129178376595e-01
9.556320607783220789e-01 -1.952528156440076490e-01
9.552906909874685493e-01 -1.960419714410308323e-01
9.549484091040832956e-01 -1.968295863870569151e-01
9.546052179336861343e-01 -1.976156664712568345e-01
9.542611202742873333e-01 -1.984002175953551994e-01
9.539161189165518140e-01 -1.991832455751321174e-01
9.535702166439622429e-01 -1.999647561418979036e-01
9.532234162329763505e-01 -2.007447549439390078e-01
9.528757204531810299e-01 -2.015232475479373508e-01
9.525271320674403297e-01 -2.023002394403621562e-01
9.521776538320450012e-01 -2.030757360288378000e-01
9.518272884968486114e-01 -2.038497426434824344e-01
9.514760388054116502e-01 -2.046222645382262395e-01
9.511239074951326478e-01 -2.053933068921018068e-01
9.507708972973792916e-01 -2.061628748105117925e-01
9.504170109376195441e-01 -2.069309733264739493e-01
9.500622511355406585e-01 -2.076976074018415663e-01
9.497066206051753001e-01 -2.084627819285037320e-01
9.493501220550150110e-01 -2.092265017295611707e-01
9.489927581881293372e-01 -2.099887715604832061e-01
9.486345317022748524e-01 -2.107495961102414106e-01
9.482754452900031827e-01 -2.115089800024239353e-01
9.479155016387708077e-01 -2.122669277963304124e-01
9.475547034310364269e-01 -2.130234439880444031e-01
9.471930533443687628e-01 -2.137785330114904681e-01
9.468305540515356000e-01 -2.145321992394680632e-01
9.464672082206069259e-01 -2.152844469846708908e-01
9.461030185150414162e-01 -2.160352805006848509e-01
9.457379875937802494e-01 -2.167847039829704781e-01
9.453721181113330374e-01 -2.175327215698269756e-01
9.450054127178629804e-01 -2.182793373433389306e-01
9.446378740592717982e-01 -2.190245553303072357e-01
9.442695047772760031e-01 -2.197683795031626086e-01
9.439003075094913875e-01 -2.205108137808643731e-01
9.435302848895035233e-01 -2.212518620297818372e-01
9.431594395469469205e-01 -2.219915280645619604e-01
9.427877741075724183e-01 -2.227298156489804504e-01
9.424152911933221244e-01 -2.234667284967794265e-01
9.420419934223935865e-01 -2.242022702724892902e-01
9.416678834093088479e-01 -2.249364445922376610e-01
9.412929637649771752e-01 -2.256692550245428530e-01
9.409172370967588961e-01 -2.264007050910955832e-01
9.405407060085251292e-01 -2.271307982675254133e-01
9.401633731007177364e-01 -2.278595379841555357e-01
9.397852409704063881e-01 -2.285869276267436523e-01
9.394063122113447406e-01 -2.293129705372109195e-01
9.390265894140237268e-01 -2.300376700143580422e-01
9.386460751657244028e-01 -2.307610293145696545e-01
9.382647720505693512e-01 -2.314830516525063497e-01
9.378826826495716418e-01 -2.322037402017855523e-01
9.374998095406841259e-01 -2.329230980956502883e-01
9.371161552988439558e-01 -2.336411284276276035e-01
9.367317224960195476e-01 -2.343578342521749069e-01
9.363465137012534356e-01 -2.350732185853163514e-01
9.359605314807044607e-01 -2.357872844052683881e-01
9.355737783976915134e-01 -2.365000346530546915e-01
9.351862570127282837e-01 -2.372114722331110370e-01
9.347979698835681139e-01 -2.379216000138802967e-01
9.344089195652361957e-01 -2.386304208283973327e-01
9.340191086100693152e-01 -2.393379374748645094e-01
9.336285395677481613e-01 -2.400441527172173517e-01
9.332372149853332965e-01 -2.407490692856816550e-01
9.328451374072975755e-01 -2.414526898773206587e-01
9.324523093755562320e-01 -2.421550171565738652e-01
9.320587334295002968e-01 -2.428560537557864774e-01
9.316644121060232431e-01 -2.435558022757309538e-01
9.312693479395520724e-01 -2.442542652861198760e-01
9.308735434620730720e-01 -2.449514453261094904e-01
9.304770012031600146e-01 -2.456473449047971158e-01
9.300797236899972509e-01 -2.463419665017083648e-01
9.296817134474095745e-01 -2.470353125672788419e-01
9.292829729978785425e-01 -2.477273855233250999e-01
9.288835048615727841e-01 -2.484181877635110447e-01
9.284833115563647654e-01 -2.491077216538049588e-01
9.280823955978562134e-01 -2.497959895329306401e-01
9.276807594993943251e-01 -2.504829937128091322e-01
9.272784057720947493e-01 -2.511687364789960686e-01
9.268753369248593499e-01 -2.518532200911108299e-01
9.264715554643936368e-01 -2.525364467832580950e-01
9.260670638952241962e-01 -2.532184187644437867e-01
9.256618647197162320e-01 -2.538991382189847434e-01
9.252559604380884428e-01 -2.545786073069111199e-01
9.248493535484278993e-01 -2.552568281643621262e-01
9.244420465467058090e-01 -2.559338029039773255e-01
9.240340419267906169e-01 -2.566095336152796058e-01
9.236253421804602182e-01 -2.572840223650535996e-01
9.232159497974159468e-01 -2.579572711977176636e-01
9.228058672652929006e-01 -2.586292821356903082e-01
9.223950970696725982e-01 -2.593000571797504650e-01
9.219836416940927482e-01 -2.599695983093927576e-01
9.215715036200586852e-01 -2.606379074831772780e-01
9.211586853270489206e-01 -2.613049866390723119e-01
9.207451892925301307e-01 -2.619708376947948447e-01
9.203310179919590439e-01 -2.626354625481425176e-01
9.199161738987967629e-01 -2.632988630773234195e-01
9.195006594845093195e-01 -2.639610411412774416e-01
9.190844772185813305e-01 -2.646219985799970753e-01
9.186676295685156646e-01 -2.652817372148387198e-01
9.182501189998454327e-01 -2.659402588488324337e-01
9.178319479761342103e-01 -2.665975652669853035e-01
9.174131189589841417e-01 -2.672536582365814817e-01
9.169936344080389379e-01 -2.679085395074758957e-01
9.165734967809885392e-01 -2.685622108123852381e-01
9.161527085335722242e-01 -2.692146738671736261e-01
9.157312721195813854e-01 -2.698659303711334889e-01
9.153091899908641915e-01 -2.705159820072636778e-01
9.148864645973245890e-01 -2.711648304425418043e-01
9.144630983869276308e-01 -2.718124773281933582e-01
9.140390938056980330e-01 -2.724589242999561067e-01
9.136144532977241717e-01 -2.731041729783417749e-01
9.131891793051555295e-01 -2.737482249688917846e-01
9.127632742682078026e-01 -2.743910818624313297e-01
9.123367406251572387e-01 -2.750327452353177327e-01
9.119095808123451885e-01 -2.756732166496863590e-01
9.114817972641749977e-01 -2.763124976536925348e-01
9.110533924131122285e-01 -2.769505897817491347e-01
9.106243686896817735e-01 -2.775874945547613937e-01
9.101947285224698536e-01 -2.782232134803587775e-01
9.097644743381166910e-01 -2.788577480531210240e-01
9.093336085613193953e-01 -2.794910997548036291e-01
9.089021336148274122e-01 -2.801232700545587262e-01
9.084700519194391921e-01 -2.807542604091518013e-01
9.080373658940016357e-01 -2.813840722631771318e-01
9.076040779554026550e-01 -2.820127070492679522e-01
9.071701905185728387e-01 -2.826401661883053973e-01
9.067357059964766819e-01 -2.832664510896227283e-01
9.063006268001130294e-01 -2.838915631512080595e-01
9.058649553385076381e-01 -2.845155037599025882e-01
9.054286940187085131e-01 -2.851382742915963830e-01
9.049918452457855755e-01 -2.857598761114230057e-01
9.045544114228194488e-01 -2.863803105739476940e-01
9.041163949509014586e-01 -2.869995790233562660e-01
9.036777982291244182e-01 -2.876176827936391955e-01
9.032386236545809632e-01 -2.882346232087742433e-01
9.027988736223535593e-01 -2.888504015829040372e-01
9.023585505255117267e-01 -2.894650192205150407e-01
9.019176567551044910e-01 -2.900784774166099145e-01
9.014761947001543874e-01 -2.906907774568794345e-01
9.010341667476505778e-01 -2.913019206178716902e-01
9.005915752825421894e-01 -2.919119081671585070e-01
9.001484226877318751e-01 -2.925207413634988152e-01
8.997047113440685973e-01 -2.931284214570020197e-01
8.992604436303397453e-01 -2.937349496892850409e-01
8.988156219232646960e-01 -2.943403272936306880e-01
8.983702485974872642e-01 -2.949445554951420911e-01
8.979243260255667103e-01 -2.955476355108948017e-01
8.974778565779717443e-01 -2.961495685500872277e-01
8.970308426230708676e-01 -2.967503558141879605e-01
8.965832865271269325e-01 -2.973499984970828791e-01
8.961351906542840418e-01 -2.979484977852165928e-01
8.956865573665656610e-01 -2.985458548577370474e-01
8.952373890238601861e-01 -2.991420708866320277e-01
8.947876879839160580e-01 -2.997371470368684343e-01
8.943374566023314376e-01 -3.003310844665270651e-01
8.938866972325466564e-01 -3.009238843269365082e-01
8.934354122258336695e-01 -3.015155477628039260e-01
8.929836039312880613e-01 -3.021060759123455619e-01
8.925312746958193877e-01 -3.026954699074136390e-01
8.920784268641427373e-01 -3.032837308736227588e-01
8.916250627787689620e-01 -3.038708599304738023e-01
8.911711847799941300e-01 -3.044568581914757210e-01
8.907167952058921978e-01 -3.050417267642667185e-01
8.902618963923040196e-01 -3.056254667507320444e-01
8.898064906728273549e-01 -3.062080792471217894e-01
8.893505803788075426e-01 -3.067895653441650716e-01
8.888941678393290635e-01 -3.073699261271848893e-01
8.884372553812031059e-01 -3.079491626762087542e-01
8.879798453289581284e-01 -3.085272760660792701e-01
8.875219400048329765e-01 -3.091042673665638230e-01
8.870635417287615621e-01 -3.096801376424597740e-01
8.866046528183674225e-01 -3.102548879537017634e-01
8.861452755889500654e-01 -3.108285193554641279e-01
8.856854123534763090e-01 -3.114010328982642628e-01
8.852250654225704007e-01 -3.119724296280636522e-01
8.847642371045014720e-01 -3.125427105863658461e-01
8.843029297051760995e-01 -3.131118768103171579e-01
8.838411455281248719e-01 -3.136799293327999227e-01
8.833788868744936185e-01 -3.142468691825306415e-01
8.829161560430326405e-01 -3.148126973841514076e-01
8.824529553300848317e-01 -3.153774149583237207e-01
8.819892870295766851e-01 -3.159410229218186372e-01
8.815251534330067473e-01 -3.165035222876073639e-01
8.810605568294344048e-01 -3.170649140649479669e-01
8.805954995054706691e-01 -3.176251992594746332e-01
8.801299837452650765e-01 -3.181843788732816036e-01
8.796640118304971390e-01 -3.187424539050084382e-01
8.791975860403639098e-01 -3.192994253499230606e-01
8.787307086515696586e-01 -3.198552942000039145e-01
8.782633819383154350e-01 -3.204100614440207884e-01
8.777956081722871895e-01 -3.209637280676141402e-01
8.773273896226454482e-01 -3.215162950533737019e-01
8.768587285560140998e-01 -3.220677633809159168e-01
8.763896272364689599e-01 -3.226181340269596021e-01
8.759200879255292227e-01 -3.231674079654016096e-01
8.754501128821422506e-01 -3.237155861673900459e-01
8.749797043626762472e-01 -3.242626696013971022e-01
8.745088646209072669e-01 -3.248086592332909417e-01
8.740375959080090018e-01 -3.253535560264065873e-01
8.735659004725416787e-01 -3.258973609416145334e-01
8.730937805604409574e-01 -3.264400749373906341e-01
8.726212384150057177e-01 -3.269816989698818843e-01
8.721482762768890673e-01 -3.275222339929744209e-01
