npts 513 dfreq 1.000000000000000021e-02
-0.000000000000000000e+00 0.000000000000000000e+00
-7.388340891338884830e-04 -2.406022278591990471e-03
-1.152827683836221695e-02 -1.627543009817600250e-02
-5.279524251818656921e-02 -3.679262101650238037e-02
-1.325166970491409302e-01 -3.445880115032196045e-02
-2.241605967283248901e-01 1.589030213654041290e-02
-2.950060665607452393e-01 1.047217622399330139e-01
-3.362640440464019775e-01 2.083029448986053467e-01
-3.543815016746520996e-01 3.118856549263000488e-01
-3.573997914791107178e-01 4.103553891181945801e-01
-3.508576154708862305e-01 5.030290484428405762e-01
-3.380153775215148926e-01 5.905977487564086914e-01
-3.207151591777801514e-01 6.739695072174072266e-01
-2.999981641769409180e-01 7.539318203926086426e-01
-2.764647006988525391e-01 8.310942053794860840e-01
-2.504693865776062012e-01 9.059073925018310547e-01
-2.222273349761962891e-01 9.786985516548156738e-01
-1.918733268976211548e-01 1.049702644348144531e+00
-1.594941616058349609e-01 1.119086265563964844e+00
-1.251479089260101318e-01 1.186964750289916992e+00
-8.887508511543273926e-02 1.253417491912841797e+00
-5.070561543107032776e-02 1.318494319915771484e+00
-1.066287048161029816e-02 1.382223010063171387e+00
3.123341128230094910e-02 1.444615483283996582e+00
7.496535032987594604e-02 1.505668878555297852e+00
1.205158159136772156e-01 1.565370917320251465e+00
1.678675562143325806e-01 1.623700618743896484e+00
2.170024067163467407e-01 1.680629849433898926e+00
2.679009437561035156e-01 1.736123919486999512e+00
3.205419182777404785e-01 1.790144205093383789e+00
3.749025762081146240e-01 1.842648625373840332e+00
4.309576153755187988e-01 1.893589615821838379e+00
4.886789619922637939e-01 1.942918419837951660e+00
5.480368137359619141e-01 1.990584373474121094e+00
6.089981794357299805e-01 2.036533355712890625e+00
6.715263128280639648e-01 2.080710411071777344e+00
7.355821728706359863e-01 2.123059034347534180e+00
8.011229634284973145e-01 2.163522720336914062e+00
8.681029081344604492e-01 2.202043294906616211e+00
9.364731907844543457e-01 2.238564014434814453e+00
1.006180644035339355e+00 2.273026943206787109e+00
1.077167749404907227e+00 2.305373668670654297e+00
1.149374961853027344e+00 2.335548877716064453e+00
1.222738265991210938e+00 2.363496541976928711e+00
1.297189235687255859e+00 2.389162778854370117e+00
1.372656464576721191e+00 2.412495374679565430e+00
1.449064493179321289e+00 2.433442831039428711e+00
1.526334524154663086e+00 2.451958894729614258e+00
1.604383230209350586e+00 2.467995882034301758e+00
1.683124423027038574e+00 2.481512784957885742e+00
1.762469410896301270e+00 2.492470741271972656e+00
1.842323780059814453e+00 2.500832319259643555e+00
1.922592759132385254e+00 2.506567955017089844e+00
2.003177165985107422e+00 2.509648799896240234e+00
2.083974838256835938e+00 2.510052204132080078e+00
2.164882183074951172e+00 2.507760047912597656e+00
2.245794057846069336e+00 2.502758979797363281e+00
2.326601505279541016e+00 2.495041131973266602e+00
2.407195329666137695e+00 2.484602689743041992e+00
2.487466335296630859e+00 2.471447706222534180e+00
2.567302227020263672e+00 2.455585241317749023e+00
2.646592617034912109e+00 2.437029123306274414e+00
2.725224971771240234e+00 2.415800094604492188e+00
2.803089618682861328e+00 2.391924142837524414e+00
2.880075693130493164e+00 2.365434646606445312e+00
2.956075906753540039e+00 2.336369276046752930e+00
3.030980825424194336e+00 2.304772138595581055e+00
3.104688405990600586e+00 2.270695686340332031e+00
3.177094459533691406e+00 2.234194517135620117e+00
3.248101234436035156e+00 2.195329666137695312e+00
3.317611932754516602e+00 2.154169321060180664e+00
3.385535478591918945e+00 2.110785245895385742e+00
3.451783657073974609e+00 2.065254688262939453e+00
3.516272544860839844e+00 2.017658472061157227e+00
3.578924894332885742e+00 1.968083739280700684e+00
3.639664173126220703e+00 1.916619181632995605e+00
3.698426008224487305e+00 1.863358616828918457e+00
3.755146026611328125e+00 1.808398485183715820e+00
3.809767007827758789e+00 1.751837849617004395e+00
3.862236738204956055e+00 1.693777918815612793e+00
3.912510633468627930e+00 1.634322166442871094e+00
3.960551023483276367e+00 1.573577046394348145e+00
4.006322860717773438e+00 1.511647582054138184e+00
4.049799919128417969e+00 1.448639869689941406e+00
4.090960502624511719e+00 1.384661436080932617e+00
4.129790306091308594e+00 1.319819927215576172e+00
4.166278839111328125e+00 1.254219889640808105e+00
4.200423717498779297e+00 1.187967777252197266e+00
4.232226371765136719e+00 1.121166944503784180e+00
4.261694431304931641e+00 1.053919553756713867e+00
4.288840293884277344e+00 9.863261580467224121e-01
4.313682556152343750e+00 9.184846282005310059e-01
4.336243152618408203e+00 8.504909873008728027e-01
4.356547832489013672e+00 7.824366092681884766e-01
4.374628543853759766e+00 7.144120931625366211e-01
4.390519142150878906e+00 6.465034484863281250e-01
4.404261112213134766e+00 5.787941217422485352e-01
4.415892601013183594e+00 5.113634467124938965e-01
4.425460338592529297e+00 4.442865848541259766e-01
4.433012008666992188e+00 3.776361644268035889e-01
4.438596725463867188e+00 3.114804625511169434e-01
4.442268848419189453e+00 2.458838224411010742e-01
4.444080829620361328e+00 1.809067130088806152e-01
4.444088459014892578e+00 1.166056990623474121e-01
4.442348957061767578e+00 5.303372442722320557e-02
4.438921451568603516e+00 -9.760256856679916382e-03
4.433864116668701172e+00 -7.173147052526473999e-02
4.427235126495361328e+00 -1.328379660844802856e-01
4.419096469879150391e+00 -1.930425167083740234e-01
4.409508228302001953e+00 -2.523106336593627930e-01
4.398529052734375000e+00 -3.106116354465484619e-01
4.386219978332519531e+00 -3.679181039333343506e-01
4.372640132904052734e+00 -4.242059886455535889e-01
4.357848167419433594e+00 -4.794541299343109131e-01
4.341902732849121094e+00 -5.336445569992065430e-01
4.324860095977783203e+00 -5.867617726325988770e-01
4.306778430938720703e+00 -6.387936472892761230e-01
4.287713527679443359e+00 -6.897306442260742188e-01
4.267717361450195312e+00 -7.395638823509216309e-01
4.246845245361328125e+00 -7.882898449897766113e-01
4.225147247314453125e+00 -8.359047770500183105e-01
4.202676773071289062e+00 -8.824078440666198730e-01
4.179479598999023438e+00 -9.278001785278320312e-01
4.155606746673583984e+00 -9.720847606658935547e-01
4.131102085113525391e+00 -1.015265226364135742e+00
4.106011390686035156e+00 -1.057348728179931641e+00
4.080379009246826172e+00 -1.098342180252075195e+00
4.054244995117187500e+00 -1.138253688812255859e+00
4.027649879455566406e+00 -1.177094221115112305e+00
4.000635147094726562e+00 -1.214874148368835449e+00
3.973235130310058594e+00 -1.251605391502380371e+00
3.945487022399902344e+00 -1.287301421165466309e+00
3.917424201965332031e+00 -1.321975588798522949e+00
3.889081001281738281e+00 -1.355641722679138184e+00
3.860489845275878906e+00 -1.388316392898559570e+00
3.831678390502929688e+00 -1.420014023780822754e+00
3.802677154541015625e+00 -1.450750708580017090e+00
3.773512601852416992e+00 -1.480543851852416992e+00
3.744211912155151367e+00 -1.509408950805664062e+00
3.714799642562866211e+00 -1.537364363670349121e+00
3.685299396514892578e+00 -1.564427375793457031e+00
3.655734062194824219e+00 -1.590614914894104004e+00
3.626124143600463867e+00 -1.615944862365722656e+00
3.596490859985351562e+00 -1.640435814857482910e+00
3.566852807998657227e+00 -1.664104223251342773e+00
3.537227869033813477e+00 -1.686969637870788574e+00
3.507633686065673828e+00 -1.709048151969909668e+00
3.478085994720458984e+00 -1.730358719825744629e+00
3.448600053787231445e+00 -1.750918865203857422e+00
3.419189929962158203e+00 -1.770745635032653809e+00
3.389869928359985352e+00 -1.789856672286987305e+00
3.360651016235351562e+00 -1.808269500732421875e+00
3.331545829772949219e+00 -1.826001048088073730e+00
3.302566289901733398e+00 -1.843068718910217285e+00
3.273720741271972656e+00 -1.859487891197204590e+00
3.245019912719726562e+00 -1.875276088714599609e+00
3.216473340988159180e+00 -1.890449643135070801e+00
3.188088417053222656e+00 -1.905024290084838867e+00
3.159872293472290039e+00 -1.919014930725097656e+00
3.131832838058471680e+00 -1.932437062263488770e+00
3.103977441787719727e+00 -1.945307493209838867e+00
3.076310634613037109e+00 -1.957639932632446289e+00
3.048838615417480469e+00 -1.969448447227478027e+00
3.021566629409790039e+00 -1.980748414993286133e+00
2.994498491287231445e+00 -1.991553187370300293e+00
2.967639446258544922e+00 -2.001877069473266602e+00
2.940993070602416992e+00 -2.011732816696166992e+00
2.914561986923217773e+00 -2.021133899688720703e+00
2.888349771499633789e+00 -2.030092716217041016e+00
2.862359285354614258e+00 -2.038622856140136719e+00
2.836592912673950195e+00 -2.046735763549804688e+00
2.811051607131958008e+00 -2.054443597793579102e+00
2.785739421844482422e+00 -2.061758279800415039e+00
2.760655403137207031e+00 -2.068690776824951172e+00
2.735802412033081055e+00 -2.075253009796142578e+00
2.711180686950683594e+00 -2.081454753875732422e+00
2.686791181564331055e+00 -2.087307691574096680e+00
2.662634372711181641e+00 -2.092820882797241211e+00
2.638711214065551758e+00 -2.098005056381225586e+00
2.615021467208862305e+00 -2.102870941162109375e+00
2.591564893722534180e+00 -2.107427120208740234e+00
2.568341493606567383e+00 -2.111682891845703125e+00
2.545350790023803711e+00 -2.115647077560424805e+00
2.522592782974243164e+00 -2.119329214096069336e+00
2.500066518783569336e+00 -2.122737646102905273e+00
2.477770328521728516e+00 -2.125879764556884766e+00
2.455705881118774414e+00 -2.128765344619750977e+00
2.433869600296020508e+00 -2.131401062011718750e+00
2.412261962890625000e+00 -2.133794784545898438e+00
2.390881061553955078e+00 -2.135954618453979492e+00
2.369725942611694336e+00 -2.137887239456176758e+00
2.348795175552368164e+00 -2.139599561691284180e+00
2.328087568283081055e+00 -2.141098976135253906e+00
2.307601451873779297e+00 -2.142391443252563477e+00
2.287335157394409180e+00 -2.143484354019165039e+00
2.267286777496337891e+00 -2.144383430480957031e+00
2.247455596923828125e+00 -2.145094871520996094e+00
2.227839469909667969e+00 -2.145625114440917969e+00
2.208436489105224609e+00 -2.145979166030883789e+00
2.189245223999023438e+00 -2.146162986755371094e+00
2.170263051986694336e+00 -2.146181821823120117e+00
2.151489019393920898e+00 -2.146042108535766602e+00
2.132920503616333008e+00 -2.145746946334838867e+00
2.114556550979614258e+00 -2.145302772521972656e+00
2.096394062042236328e+00 -2.144714355468750000e+00
2.078432083129882812e+00 -2.143985271453857422e+00
2.060667991638183594e+00 -2.143121957778930664e+00
2.043100357055664062e+00 -2.142127990722656250e+00
2.025726556777954102e+00 -2.141006708145141602e+00
2.008544921875000000e+00 -2.139763593673706055e+00
1.991553902626037598e+00 -2.138402462005615234e+00
1.974750995635986328e+00 -2.136926412582397461e+00
1.958133697509765625e+00 -2.135340452194213867e+00
1.941700458526611328e+00 -2.133647441864013672e+00
1.925449967384338379e+00 -2.131851434707641602e+00
1.909378886222839355e+00 -2.129955768585205078e+00
1.893486142158508301e+00 -2.127964258193969727e+00
1.877769470214843750e+00 -2.125879526138305664e+00
1.862226963043212891e+00 -2.123705148696899414e+00
1.846856594085693359e+00 -2.121444225311279297e+00
1.831655621528625488e+00 -2.119099855422973633e+00
1.816623449325561523e+00 -2.116674423217773438e+00
1.801757097244262695e+00 -2.114171266555786133e+00
1.787055253982543945e+00 -2.111593484878540039e+00
1.772515416145324707e+00 -2.108942985534667969e+00
1.758136034011840820e+00 -2.106222629547119141e+00
1.743914842605590820e+00 -2.103435754776000977e+00
1.729850292205810547e+00 -2.100583076477050781e+00
1.715940117835998535e+00 -2.097668409347534180e+00
1.702183127403259277e+00 -2.094693899154663086e+00
1.688576340675354004e+00 -2.091660737991333008e+00
1.675119280815124512e+00 -2.088572502136230469e+00
1.661808848381042480e+00 -2.085430383682250977e+00
1.648644566535949707e+00 -2.082236766815185547e+00
1.635623455047607422e+00 -2.078993797302246094e+00
1.622744441032409668e+00 -2.075702428817749023e+00
1.610005259513854980e+00 -2.072366237640380859e+00
1.597404479980468750e+00 -2.068985462188720703e+00
1.584939956665039062e+00 -2.065562725067138672e+00
1.572610855102539062e+00 -2.062098979949951172e+00
1.560414910316467285e+00 -2.058596611022949219e+00
1.548350453376770020e+00 -2.055057048797607422e+00
1.536415934562683105e+00 -2.051481962203979492e+00
1.524609923362731934e+00 -2.047872304916381836e+00
1.512930393218994141e+00 -2.044230222702026367e+00
1.501376032829284668e+00 -2.040556669235229492e+00
1.489945173263549805e+00 -2.036853313446044922e+00
1.478636384010314941e+00 -2.033120870590209961e+00
1.467447519302368164e+00 -2.029361486434936523e+00
1.456378340721130371e+00 -2.025575876235961914e+00
1.445425987243652344e+00 -2.021765708923339844e+00
1.434589862823486328e+00 -2.017932176589965820e+00
1.423868298530578613e+00 -2.014075756072998047e+00
1.413259625434875488e+00 -2.010197639465332031e+00
1.402762413024902344e+00 -2.006299972534179688e+00
1.392375349998474121e+00 -2.002382516860961914e+00
1.382097244262695312e+00 -1.998446583747863770e+00
1.371926665306091309e+00 -1.994494199752807617e+00
1.361861944198608398e+00 -1.990525484085083008e+00
1.351902008056640625e+00 -1.986540555953979492e+00
1.342045307159423828e+00 -1.982541918754577637e+00
1.332291126251220703e+00 -1.978529453277587891e+00
1.322637677192687988e+00 -1.974504232406616211e+00
1.313083767890930176e+00 -1.970467090606689453e+00
1.303627848625183105e+00 -1.966418743133544922e+00
1.294269204139709473e+00 -1.962360501289367676e+00
1.285006284713745117e+00 -1.958292245864868164e+00
1.275838255882263184e+00 -1.954215526580810547e+00
1.266763567924499512e+00 -1.950130581855773926e+00
1.257781028747558594e+00 -1.946037769317626953e+00
1.248889803886413574e+00 -1.941938638687133789e+00
1.240088462829589844e+00 -1.937832951545715332e+00
1.231376051902770996e+00 -1.933721780776977539e+00
1.222751140594482422e+00 -1.929605603218078613e+00
1.214212656021118164e+00 -1.925485014915466309e+00
1.205760478973388672e+00 -1.921360611915588379e+00
1.197392582893371582e+00 -1.917233109474182129e+00
1.189108014106750488e+00 -1.913102984428405762e+00
1.180905938148498535e+00 -1.908970594406127930e+00
1.172785282135009766e+00 -1.904836297035217285e+00
1.164744853973388672e+00 -1.900700926780700684e+00
1.156783938407897949e+00 -1.896564841270446777e+00
1.148901462554931641e+00 -1.892428278923034668e+00
1.141096472740173340e+00 -1.888292193412780762e+00
1.133368015289306641e+00 -1.884156227111816406e+00
1.125715255737304688e+00 -1.880021452903747559e+00
1.118136644363403320e+00 -1.875888109207153320e+00
1.110631942749023438e+00 -1.871756196022033691e+00
1.103200674057006836e+00 -1.867626905441284180e+00
1.095840454101562500e+00 -1.863499760627746582e+00
1.088551759719848633e+00 -1.859375476837158203e+00
1.081333279609680176e+00 -1.855254530906677246e+00
1.074184060096740723e+00 -1.851137042045593262e+00
1.067103385925292969e+00 -1.847023129463195801e+00
1.060090184211730957e+00 -1.842913389205932617e+00
1.053144097328186035e+00 -1.838808298110961914e+00
1.046263813972473145e+00 -1.834707736968994141e+00
1.039448857307434082e+00 -1.830612063407897949e+00
1.032698273658752441e+00 -1.826521754264831543e+00
1.026012182235717773e+00 -1.822437524795532227e+00
1.019387841224670410e+00 -1.818358302116394043e+00
1.012826442718505859e+00 -1.814285397529602051e+00
1.006326198577880859e+00 -1.810218572616577148e+00
9.998865723609924316e-01 -1.806158423423767090e+00
9.935070872306823730e-01 -1.802104592323303223e+00
9.871868491172790527e-01 -1.798058032989501953e+00
9.809252023696899414e-01 -1.794018387794494629e+00
9.747213721275329590e-01 -1.789985895156860352e+00
9.685747623443603516e-01 -1.785961031913757324e+00
9.624845981597900391e-01 -1.781943798065185547e+00
9.564502239227294922e-01 -1.777934312820434570e+00
9.504713416099548340e-01 -1.773932933807373047e+00
9.445469975471496582e-01 -1.769940018653869629e+00
9.386763572692871094e-01 -1.765954852104187012e+00
9.328590631484985352e-01 -1.761978387832641602e+00
9.270941615104675293e-01 -1.758010387420654297e+00
9.213818311691284180e-01 -1.754051446914672852e+00
9.157208204269409180e-01 -1.750101208686828613e+00
9.101104736328125000e-01 -1.746159791946411133e+00
9.045506715774536133e-01 -1.742228031158447266e+00
8.990405797958374023e-01 -1.738305211067199707e+00
8.935794234275817871e-01 -1.734391808509826660e+00
8.881668448448181152e-01 -1.730487942695617676e+00
8.828023672103881836e-01 -1.726593494415283203e+00
8.774852752685546875e-01 -1.722708582878112793e+00
8.722148537635803223e-01 -1.718833923339843750e+00
8.669911623001098633e-01 -1.714968681335449219e+00
8.618131875991821289e-01 -1.711113572120666504e+00
8.566806912422180176e-01 -1.707268714904785156e+00
8.515928983688354492e-01 -1.703433871269226074e+00
8.465497493743896484e-01 -1.699609279632568359e+00
8.415501713752746582e-01 -1.695794939994812012e+00
8.365938663482666016e-01 -1.691990733146667480e+00
8.316805958747863770e-01 -1.688197135925292969e+00
8.268094062805175781e-01 -1.684414029121398926e+00
8.219802379608154297e-01 -1.680641293525695801e+00
8.171925544738769531e-01 -1.676879405975341797e+00
8.124459385871887207e-01 -1.673127889633178711e+00
8.077397942543029785e-01 -1.669387340545654297e+00
8.030735850334167480e-01 -1.665657281875610352e+00
7.984472513198852539e-01 -1.661938428878784180e+00
7.938599586486816406e-01 -1.658229947090148926e+00
7.893114686012268066e-01 -1.654532551765441895e+00
7.848014235496520996e-01 -1.650846123695373535e+00
7.803288698196411133e-01 -1.647170305252075195e+00
7.758941650390625000e-01 -1.643505811691284180e+00
7.714965939521789551e-01 -1.639852285385131836e+00
7.671357989311218262e-01 -1.636209845542907715e+00
7.628111243247985840e-01 -1.632578492164611816e+00
7.585224509239196777e-01 -1.628957867622375488e+00
7.542693018913269043e-01 -1.625349044799804688e+00
7.500511407852172852e-01 -1.621750593185424805e+00
7.458676695823669434e-01 -1.618163704872131348e+00
7.417188286781311035e-01 -1.614588022232055664e+00
7.376039028167724609e-01 -1.611023426055908203e+00
7.335225939750671387e-01 -1.607469677925109863e+00
7.294745445251464844e-01 -1.603927612304687500e+00
7.254598736763000488e-01 -1.600396871566772461e+00
7.214773893356323242e-01 -1.596877098083496094e+00
7.175271511077880859e-01 -1.593368291854858398e+00
7.136089801788330078e-01 -1.589871048927307129e+00
7.097222805023193359e-01 -1.586384892463684082e+00
7.058669924736022949e-01 -1.582910299301147461e+00
7.020424604415893555e-01 -1.579446911811828613e+00
6.982485651969909668e-01 -1.575994133949279785e+00
6.944848895072937012e-01 -1.572553038597106934e+00
6.907512545585632324e-01 -1.569123268127441406e+00
6.870473623275756836e-01 -1.565704464912414551e+00
6.833726763725280762e-01 -1.562296986579895020e+00
6.797270178794860840e-01 -1.558900952339172363e+00
6.761099696159362793e-01 -1.555515646934509277e+00
6.725217103958129883e-01 -1.552141904830932617e+00
6.689613461494445801e-01 -1.548779249191284180e+00
6.654291152954101562e-01 -1.545427799224853516e+00
6.619241833686828613e-01 -1.542087316513061523e+00
6.584464907646179199e-01 -1.538758158683776855e+00
6.549960374832153320e-01 -1.535440087318420410e+00
6.515722870826721191e-01 -1.532133221626281738e+00
6.481750011444091797e-01 -1.528837323188781738e+00
6.448039412498474121e-01 -1.525552749633789062e+00
6.414587497711181641e-01 -1.522278904914855957e+00
6.381392478942871094e-01 -1.519016385078430176e+00
6.348451375961303711e-01 -1.515764713287353516e+00
6.315763592720031738e-01 -1.512524008750915527e+00
6.283323764801025391e-01 -1.509294509887695312e+00
6.251132488250732422e-01 -1.506076216697692871e+00
6.219182610511779785e-01 -1.502868294715881348e+00
6.187475323677062988e-01 -1.499671459197998047e+00
6.156008243560791016e-01 -1.496485590934753418e+00
6.124778389930725098e-01 -1.493310689926147461e+00
6.093782186508178711e-01 -1.490146517753601074e+00
6.063020229339599609e-01 -1.486993551254272461e+00
6.032484769821166992e-01 -1.483850717544555664e+00
6.002179980278015137e-01 -1.480718731880187988e+00
5.972099304199218750e-01 -1.477597951889038086e+00
5.942242145538330078e-01 -1.474487662315368652e+00
5.912608504295349121e-01 -1.471388220787048340e+00
5.883192420005798340e-01 -1.468299150466918945e+00
5.853993892669677734e-01 -1.465221047401428223e+00
5.825007557868957520e-01 -1.462153315544128418e+00
5.796236991882324219e-01 -1.459096193313598633e+00
5.767675638198852539e-01 -1.456049561500549316e+00
5.739324688911437988e-01 -1.453013896942138672e+00
5.711179971694946289e-01 -1.449988245964050293e+00
5.683238506317138672e-01 -1.446973204612731934e+00
5.655500292778015137e-01 -1.443968415260314941e+00
5.627963542938232422e-01 -1.440974354743957520e+00
5.600624680519104004e-01 -1.437990427017211914e+00
5.573483705520629883e-01 -1.435016870498657227e+00
5.546538829803466797e-01 -1.432053804397583008e+00
5.519785881042480469e-01 -1.429100751876831055e+00
5.493224263191223145e-01 -1.426157951354980469e+00
5.466853976249694824e-01 -1.423225641250610352e+00
5.440670251846313477e-01 -1.420303463935852051e+00
5.414672493934631348e-01 -1.417391180992126465e+00
5.388859510421752930e-01 -1.414489030838012695e+00
5.363230109214782715e-01 -1.411597251892089844e+00
5.337780714035034180e-01 -1.408715367317199707e+00
5.312511920928955078e-01 -1.405843496322631836e+00
5.287418365478515625e-01 -1.402981400489807129e+00
5.262503623962402344e-01 -1.400129556655883789e+00
5.237762331962585449e-01 -1.397287368774414062e+00
5.213193297386169434e-01 -1.394455194473266602e+00
5.188794136047363281e-01 -1.391632676124572754e+00
5.164568424224853516e-01 -1.388820528984069824e+00
5.140507817268371582e-01 -1.386017560958862305e+00
5.116612911224365234e-01 -1.383224248886108398e+00
5.092884898185729980e-01 -1.380441069602966309e+00
5.069320201873779297e-01 -1.377667307853698730e+00
5.045917630195617676e-01 -1.374903321266174316e+00
5.022675395011901855e-01 -1.372148871421813965e+00
4.999593198299407959e-01 -1.369403958320617676e+00
4.976667165756225586e-01 -1.366668581962585449e+00
4.953898191452026367e-01 -1.363942742347717285e+00
4.931284487247467041e-01 -1.361226320266723633e+00
4.908822774887084961e-01 -1.358519315719604492e+00
4.886515438556671143e-01 -1.355821728706359863e+00
4.864358007907867432e-01 -1.353133559226989746e+00
4.842348694801330566e-01 -1.350454449653625488e+00
4.820486605167388916e-01 -1.347784638404846191e+00
4.798772931098937988e-01 -1.345124244689941406e+00
4.777204990386962891e-01 -1.342472910881042480e+00
4.755781292915344238e-01 -1.339830875396728516e+00
4.734500348567962646e-01 -1.337198019027709961e+00
4.713361561298370361e-01 -1.334574222564697266e+00
4.692363142967224121e-01 -1.331959486007690430e+00
4.671502411365509033e-01 -1.329353690147399902e+00
4.650780856609344482e-01 -1.326756954193115234e+00
4.630194902420043945e-01 -1.324169158935546875e+00
4.609745740890502930e-01 -1.321590423583984375e+00
4.589430689811706543e-01 -1.319020509719848633e+00
4.569248855113983154e-01 -1.316459298133850098e+00
4.549199640750885010e-01 -1.313907146453857422e+00
4.529280364513397217e-01 -1.311363697052001953e+00
4.509491622447967529e-01 -1.308828830718994141e+00
4.489831030368804932e-01 -1.306302785873413086e+00
4.470297992229461670e-01 -1.303785443305969238e+00
4.450891315937042236e-01 -1.301276683807373047e+00
4.431610703468322754e-01 -1.298776745796203613e+00
4.412454366683959961e-01 -1.296285152435302734e+00
4.393421411514282227e-01 -1.293802142143249512e+00
4.374510645866394043e-01 -1.291327714920043945e+00
4.355719685554504395e-01 -1.288861513137817383e+00
4.337050616741180420e-01 -1.286404132843017578e+00
4.318500459194183350e-01 -1.283954977989196777e+00
4.300067722797393799e-01 -1.281513929367065430e+00
4.281752109527587891e-01 -1.279081463813781738e+00
4.263554215431213379e-01 -1.276657462120056152e+00
4.245469868183135986e-01 -1.274241447448730469e+00
4.227500855922698975e-01 -1.271833777427673340e+00
4.209645092487335205e-01 -1.269434332847595215e+00
4.191900789737701416e-01 -1.267042994499206543e+00
4.174268543720245361e-01 -1.264659762382507324e+00
4.156746268272399902e-01 -1.262284636497497559e+00
4.139334261417388916e-01 -1.259917616844177246e+00
4.122030138969421387e-01 -1.257558465003967285e+00
4.104835093021392822e-01 -1.255207657814025879e+00
4.087744653224945068e-01 -1.252864480018615723e+00
4.070762097835540771e-01 -1.250529170036315918e+00
4.053884148597717285e-01 -1.248202085494995117e+00
4.037110209465026855e-01 -1.245882511138916016e+00
4.020439386367797852e-01 -1.243570923805236816e+00
4.003873169422149658e-01 -1.241267204284667969e+00
3.987406790256500244e-01 -1.238970994949340820e+00
3.971041440963745117e-01 -1.236682772636413574e+00
3.954775929450988770e-01 -1.234402179718017578e+00
3.938611149787902832e-01 -1.232129216194152832e+00
3.922543525695800781e-01 -1.229864001274108887e+00
3.906574249267578125e-01 -1.227606177330017090e+00
3.890701532363891602e-01 -1.225356101989746094e+00
3.874925374984741211e-01 -1.223113417625427246e+00
3.859243988990783691e-01 -1.220878124237060547e+00
3.843657672405242920e-01 -1.218650460243225098e+00
3.828164339065551758e-01 -1.216430306434631348e+00
3.812766373157501221e-01 -1.214217424392700195e+00
3.797458410263061523e-01 -1.212011814117431641e+00
3.782242834568023682e-01 -1.209813952445983887e+00
3.767117857933044434e-01 -1.207623004913330078e+00
3.752084076404571533e-01 -1.205439567565917969e+00
3.737137615680694580e-01 -1.203263163566589355e+00
3.722282052040100098e-01 -1.201094031333923340e+00
3.707514703273773193e-01 -1.198932170867919922e+00
3.692833185195922852e-01 -1.196777701377868652e+00
3.678239881992340088e-01 -1.194629907608032227e+00
3.663731515407562256e-01 -1.192489504814147949e+00
3.649308979511260986e-01 -1.190356135368347168e+00
3.634970486164093018e-01 -1.188229560852050781e+00
3.620716631412506104e-01 -1.186110138893127441e+00
3.606546819210052490e-01 -1.183997750282287598e+00
3.592458367347717285e-01 -1.181892275810241699e+00
3.578452467918395996e-01 -1.179793715476989746e+00
3.564528822898864746e-01 -1.177702188491821289e+00
3.550683557987213135e-01 -1.175617098808288574e+00
