npts 513 dfreq 1.000000000000000021e-02
0.000000000000000000e+00 -0.000000000000000000e+00
-1.605284225219512639e-01 -1.482268617498023744e-01
-2.460485997871792452e-01 4.691183320149854286e-01
2.102949982094006465e-01 7.157273081614631272e-01
6.763511097347190137e-01 6.076766426151644085e-01
9.654437276640462917e-01 2.606074788894833238e-01
1.002132391632668096e+00 -1.468783184189544899e-01
8.473837893458827653e-01 -4.613555121036102546e-01
6.166104485483498987e-01 -6.321868125407353878e-01
3.935611667117444035e-01 -6.852442572024838308e-01
2.131348151346695030e-01 -6.662519066242340582e-01
8.007491934081367724e-02 -6.117552821886030889e-01
-1.278404125819844646e-02 -5.442611082692864199e-01
-7.503902327362155233e-02 -4.757609505052898258e-01
-1.151899707954075619e-01 -4.118922422080492640e-01
-1.398166863660746106e-01 -3.548366333514696991e-01
-1.537205887598913356e-01 -3.050292777010323308e-01
-1.603075423675595357e-01 -2.620917043567968507e-01
-1.619602792717833306e-01 -2.253172722961874486e-01
-1.603346366657970867e-01 -1.939130517375597662e-01
-1.565774726987929077e-01 -1.671132728447800309e-01
-1.514813749022526079e-01 -1.442267369267253851e-01
-1.455927126528072935e-01 -1.246512853436072682e-01
-1.392866044160975814e-01 -1.078726247822384410e-01
-1.328188569703669941e-01 -9.345640966111562475e-02
-1.263620021156960094e-01 -8.103805333815962408e-02
-1.200303733521183025e-01 -7.031242142400616346e-02
-1.138976189319848425e-01 -6.102436079914764361e-02
-1.080089785712018552e-01 -5.296040964990632316e-02
-1.023899198543229833e-01 -4.594173683527778135e-02
-9.705223215853690799e-02 -3.981822419741897628e-02
-9.199833642585898696e-02 -3.446355382287800279e-02
-8.722433717069134895e-02 -2.977115176610681951e-02
-8.272218400924787052e-02 -2.565084829335326569e-02
-7.848120033133509921e-02 -2.202613088755763296e-02
-7.448916074224337658e-02 -1.883188436032144641e-02
-7.073304595405667528e-02 -1.601252974885086777e-02
-6.719956671018711969e-02 -1.352048911086348518e-02
-6.387552219752053173e-02 -1.131491654275917393e-02
-6.074803989957511946e-02 -9.360646792507714212e-03
-5.780473067954353811e-02 -7.627321939896938331e-03
-5.503378347125867376e-02 -6.088664047173062907e-03
-5.242401719976860081e-02 -4.721867715371357022e-03
-4.996490268363036613e-02 -3.507091362944538080e-03
-4.764656374909847364e-02 -2.427029986900353792e-03
-4.545976423142933376e-02 -1.466555351296303057e-03
-4.339588568039361161e-02 -6.124121207136676900e-04
-4.144689923309052837e-02 1.470394630771422646e-04
-3.960533412921165425e-02 8.220420780091554922e-04
-3.786424462260060131e-02 1.421627341769380118e-03
-3.621717651645236374e-02 1.953774593105128948e-03
-3.465813416564100802e-02 2.425546766816555778e-03
-3.318154851047729753e-02 2.843206955182336470e-03
-3.178224650391976019e-02 3.212318642975085965e-03
-3.045542214854580002e-02 3.537832106183091269e-03
-2.919660925547950397e-02 3.824159055578402709e-03
-2.800165596395014569e-02 4.075237268902942231e-03
-2.686670100908838260e-02 4.294586676440045013e-03
-2.578815169094396398e-02 4.485358133419695484e-03
-2.476266347507843912e-02 4.650375920441502525e-03
-2.378712114115753493e-02 4.792174852900443587e-03
-2.285862138829898929e-02 4.913032746592524251e-03
-2.197445680272117410e-02 5.014998874644020083e-03
-2.113210109315153545e-02 5.099918956882797984e-03
-2.032919550151173968e-02 5.169457143675562465e-03
-1.956353629987747297e-02 5.225115389567071972e-03
-1.883306328909015170e-02 5.268250555704777696e-03
-1.813584921929430743e-02 5.300089532307887021e-03
-1.747009005781507279e-02 5.321742631936044257e-03
-1.683409603498295035e-02 5.334215469864097073e-03
-1.622628340362261556e-02 5.338419518510365350e-03
-1.564516685286064870e-02 5.335181497793776290e-03
-1.508935252161402313e-02 5.325251741841710920e-03
-1.455753156156388943e-02 5.309311664077786402e-03
-1.404847420357869733e-02 5.287980426920247702e-03
-1.356102428542166859e-02 5.261820908726385325e-03
-1.309409420216333178e-02 5.231345048897649910e-03
-1.264666024402682533e-02 5.197018641937662178e-03
-1.221775828943640237e-02 5.159265642498000667e-03
-1.180647982383060610e-02 5.118472035857294343e-03
-1.141196825735716486e-02 5.074989321691229446e-03
-1.103341551690343453e-02 5.029137653263113239e-03
-1.067005889004974013e-02 4.981208669176208359e-03
-1.032117810047889113e-02 4.931468050478224514e-03
-9.986092596149576117e-03 4.880157832107504846e-03
-9.664159033157159601e-03 4.827498494345299450e-03
-9.354768939677791592e-03 4.773690857025197909e-03
-9.057346545731117388e-03 4.718917796694438276e-03
-8.771346765717679544e-03 4.663345804675990067e-03
-8.496253321796983643e-03 4.607126402003956615e-03
-8.231576997183536262e-03 4.550397425463730515e-03
-7.976854009358843797e-03 4.493284197432374436e-03
-7.731644494035422137e-03 4.435900590857603729e-03
-7.495531091472763981e-03 4.378349999513649060e-03
-7.268117627441028974e-03 4.320726222609322896e-03
-7.049027881762413329e-03 4.263114271881089830e-03
-6.837904437938751787e-03 4.205591108467287946e-03
-6.634407607901269405e-03 4.148226316115865772e-03
-6.438214426400321565e-03 4.091082716616355891e-03
-6.249017709992205592e-03 4.034216932757073160e-03
-6.066525175982212872e-03 3.977679903582912943e-03
-5.890458617049923636e-03 3.921517356259539462e-03
-5.720553127618602067e-03 3.865770238430196303e-03
-5.556556378337650093e-03 3.810475114575944885e-03
-5.398227935328289880e-03 3.755664529553852295e-03
-5.245338621100154378e-03 3.701367342186140212e-03
-5.097669914282529011e-03 3.647609031502749202e-03
-4.955013385530416918e-03 3.594411977996652893e-03
-4.817170167164170486e-03 3.541795722032681400e-03
-4.683950454283748732e-03 3.489777201353860131e-03
-4.555173035266010632e-03 3.438370969451975782e-03
-4.430664849707581163e-03 3.387589396409296759e-03
-4.310260572017081057e-03 3.337442853674076667e-03
-4.193802218990972004e-03 3.287939884102143197e-03
-4.081138779826998762e-03 3.239087358479044929e-03
-3.972125867139835592e-03 3.190890619630660629e-03
-3.866625387645171875e-03 3.143353615133538930e-03
-3.764505231272525457e-03 3.096479019548779334e-03
-3.665638977553664461e-03 3.050268347023868485e-03
-3.569905618213512020e-03 3.004722055034781888e-03
-3.477189294964369657e-03 2.959839639975234398e-03
-3.387379051572624467e-03 2.915619725240431882e-03
-3.300368599330253099e-03 2.872060142398461142e-03
-3.216056095122010652e-03 2.829158005993210722e-03
-3.134343931333270425e-03 2.786909782477748568e-03
-3.055138536893719364e-03 2.745311353736109260e-03
-2.978350188798567760e-03 2.704358075614078389e-03
-2.903892833492109464e-03 2.664044831845422366e-03
-2.831683917538495906e-03 2.624366083728840206e-03
-2.761644227041714587e-03 2.585315915882398057e-03
-2.693697735311329725e-03 2.546888078376140403e-03
-2.627771458302626852e-03 2.509076025519729834e-03
-2.563795317389599201e-03 2.471872951560031249e-03
-2.501702009057030912e-03 2.435271823523635273e-03
-2.441426881123732583e-03 2.399265411420852499e-03
-2.382907815133081340e-03 2.363846316010919865e-03
-2.326085114569413723e-03 2.329006994312666709e-03
-2.270901398579761726e-03 2.294739783030703712e-03
-2.217301500899852059e-03 2.261036920054098134e-03
-2.165232373701587477e-03 2.227890564172579479e-03
-2.114642996096099178e-03 2.195292813144194936e-03
-2.065484287042416989e-03 2.163235720238244810e-03
-2.017709022426557915e-03 2.131711309367931122e-03
-1.971271756089736527e-03 2.100711588918563119e-03
-1.926128744597343460e-03 2.070228564369223576e-03
-1.882237875552458155e-03 2.040254249798468394e-03
-1.839558599269020510e-03 2.010780678357892634e-03
-1.798051863630439895e-03 1.981799911791184456e-03
-1.757680051969307943e-03 1.953304049070495388e-03
-1.718406923813320560e-03 1.925285234216703428e-03
-1.680197558351166328e-03 1.897735663365195244e-03
-1.643018300480408780e-03 1.870647591134294747e-03
-1.606836709307094121e-03 1.844013336349264011e-03
-1.571621508973992335e-03 1.817825287170916513e-03
-1.537342541701257337e-03 1.792075905674332800e-03
-1.503970722929597135e-03 1.766757731919820851e-03
-1.471477998462092200e-03 1.741863387555216830e-03
-1.439837303506410126e-03 1.717385578985757217e-03
-1.409022523524487008e-03 1.693317100145154278e-03
-1.379008456801727013e-03 1.669650834899034410e-03
-1.349770778652475750e-03 1.646379759109669553e-03
-1.321286007182934661e-03 1.623496942388808362e-03
-1.293531470536866523e-03 1.600995549563506920e-03
-1.266485275553338747e-03 1.578868841878012380e-03
-1.240126277769497323e-03 1.557110177953140943e-03
-1.214434052704798338e-03 1.535713014522979139e-03
-1.189388868366456639e-03 1.514670906967356765e-03
-1.164971658918945337e-03 1.493977509657155303e-03
-1.141163999463332569e-03 1.473626576128317595e-03
-1.117948081874989546e-03 1.453611959099241702e-03
-1.095306691650831110e-03 1.433927610345205571e-03
-1.073223185719697102e-03 1.414567580442437208e-03
-1.051681471171829257e-03 1.395526018393560127e-03
-1.030665984865606439e-03 1.376797171145268664e-03
-1.010161673871765985e-03 1.358375383008294125e-03
-9.901539767173130578e-04 1.340255094988976586e-03
-9.706288053932131312e-04 1.322430844041099906e-03
-9.515725280916684063e-04 1.304897262245953427e-03
-9.329719526405185490e-04 1.287649075928054944e-03
-9.148143106038215391e-04 1.270681104713361096e-03
-8.970872420192182225e-04 1.253988260536316630e-03
-8.797787807440652155e-04 1.237565546601594214e-03
-8.628773403836938454e-04 1.221408056305942546e-03
-8.463717007764006177e-04 1.205510972125148740e-03
-8.302509950110113432e-04 1.189869564470733476e-03
-8.145046969539681365e-04 1.174479190520641989e-03
-7.991226092640196441e-04 1.159335293027861143e-03
-7.840948518735753065e-04 1.144433399110582079e-03
-7.694118509168203050e-04 1.129769119027264042e-03
-7.550643280855554203e-04 1.115338144939639941e-03
-7.410432903946561701e-04 1.101136249666514197e-03
-7.273400203398572251e-04 1.087159285430928978e-03
-7.139460664313619555e-04 1.073403182603077525e-03
-7.008532340875561761e-04 1.059863948441156639e-03
-6.880535768737883152e-04 1.046537665832138935e-03
-6.755393880718913108e-04 1.033420492034295207e-03
-6.633031925667555798e-04 1.020508657423133342e-03
-6.513377390368727026e-04 1.007798464242260590e-03
-6.396359924363785717e-04 9.952862853605576234e-04
-6.281911267566573113e-04 9.829685630369064571e-04
-6.169965180561211944e-04 9.708418076936146382e-04
-6.060457377472675076e-04 9.589025966995491212e-04
-5.953325461306064074e-04 9.471475731639008525e-04
-5.848508861655172001e-04 9.355734447414179372e-04
-5.745948774685060529e-04 9.241769824498317432e-04
-5.645588105297775702e-04 9.129550195001427280e-04
-5.547371411394118150e-04 9.019044501403457098e-04
-5.451244850148264992e-04 8.910222285131090374e-04
-5.357156126215552403e-04 8.803053675278572779e-04
-5.265054441797204854e-04 8.697509377476429640e-04
-5.174890448489078906e-04 8.593560662911485992e-04
-5.086616200844552328e-04 8.491179357500991875e-04
-5.000185111584727225e-04 8.390337831223243547e-04
-4.915551908391856736e-04 8.291008987606605539e-04
-4.832672592224775284e-04 8.193166253378567467e-04
-4.751504397097479717e-04 8.096783568275906775e-04
-4.672005751264657922e-04 8.001835375016906095e-04
-4.594136239760236696e-04 7.908296609436091425e-04
-4.517856568237221598e-04 7.816142690781768690e-04
-4.443128528059364212e-04 7.725349512176378193e-04
-4.369914962597144380e-04 7.635893431239398075e-04
-4.298179734682532538e-04 7.547751260872345757e-04
-4.227887695178910907e-04 7.460900260205236608e-04
-4.159004652624230156e-04 7.375318125703616201e-04
-4.091497343907347841e-04 7.290982982435287958e-04
-4.025333405938885450e-04 7.207873375495418887e-04
-3.960481348279780195e-04 7.125968261588917513e-04
-3.896910526691942079e-04 7.045247000768557451e-04
-3.834591117577059024e-04 6.965689348327403548e-04
-3.773494093270826676e-04 6.887275446843940316e-04
-3.713591198161260215e-04 6.809985818378198278e-04
-3.654854925600928934e-04 6.733801356817073046e-04
-3.597258495584232602e-04 6.658703320367098059e-04
-3.540775833161924455e-04 6.584673324192707490e-04
-3.485381547566185063e-04 6.511693333198052954e-04
-3.431050912020632785e-04 6.439745654950448451e-04
-3.377759844210628522e-04 6.368812932743315265e-04
-3.325484887390204474e-04 6.298878138796678520e-04
-3.274203192102913165e-04 6.229924567593092500e-04
-3.223892498494650301e-04 6.161935829346850205e-04
-3.174531119197556198e-04 6.094895843604478938e-04
-3.126097922764648537e-04 6.028788832974237531e-04
-3.078572317635890369e-04 5.963599316982651699e-04
-3.031934236616918785e-04 5.899312106055802033e-04
-2.986164121852508038e-04 5.835912295623332845e-04
-2.941242910277484411e-04 5.773385260343019947e-04
-2.897152019528410200e-04 5.711716648443707295e-04
-2.853873334300122350e-04 5.650892376184621889e-04
-2.811389193131647686e-04 5.590898622428830227e-04
-2.769682375606739269e-04 5.531721823328844632e-04
-2.728736089954729481e-04 5.473348667122227311e-04
-2.688533961037999835e-04 5.415766089035187452e-04
-2.649060018712826167e-04 5.358961266292084280e-04
-2.610298686550901570e-04 5.302921613228837872e-04
-2.572234770909259021e-04 5.247634776508265826e-04
-2.534853450336801376e-04 5.193088630435307475e-04
-2.498140265306071964e-04 5.139271272370254549e-04
-2.462081108259307738e-04 5.086171018237982530e-04
-2.426662213958232753e-04 5.033776398131338450e-04
-2.391870150127443830e-04 4.982076152006798637e-04
-2.357691808381535189e-04 4.931059225470481701e-04
-2.324114395426603470e-04 4.880714765652765228e-04
-2.291125424526967863e-04 4.831032117169684731e-04
-2.258712707228365294e-04 4.782000818169305318e-04
-2.226864345329159585e-04 4.733610596461364423e-04
-2.195568723091424637e-04 4.685851365728489911e-04
-2.164814499683996205e-04 4.638713221817201905e-04
-2.134590601849987123e-04 4.592186439107197814e-04
-2.104886216791364143e-04 4.546261466957124018e-04
-2.075690785263623376e-04 4.500928926225379774e-04
-2.046993994873680714e-04 4.456179605864256008e-04
-2.018785773574466628e-04 4.412004459585944249e-04
-1.991056283349877849e-04 4.368394602598878835e-04
-1.963795914083955884e-04 4.325341308412893981e-04
-1.936995277608419492e-04 4.282836005711768341e-04
-1.910645201922839547e-04 4.240870275291705872e-04
-1.884736725581971596e-04 4.199435847064356543e-04
-1.859261092244940004e-04 4.158524597122983685e-04
-1.834209745381133500e-04 4.118128544870429788e-04
-1.809574323127894984e-04 4.078239850207557456e-04
-1.785346653295208559e-04 4.038850810780873725e-04
-1.761518748512775907e-04 3.999953859288036119e-04
-1.738082801515029754e-04 3.961541560840023467e-04
-1.715031180559769284e-04 3.923606610378718653e-04
-1.692356424976289677e-04 3.886141830148744851e-04
-1.670051240838939482e-04 3.849140167222318701e-04
-1.648108496762275591e-04 3.812594691076047070e-04
-1.626521219814028708e-04 3.776498591218475855e-04
-1.605282591542265397e-04 3.740845174867315310e-04
-1.584385944113257466e-04 3.705627864675280453e-04
-1.563824756556644814e-04 3.670840196503458012e-04
-1.543592651114635613e-04 3.636475817241168851e-04
-1.523683389692082816e-04 3.602528482671351153e-04
-1.504090870404353275e-04 3.568992055380416505e-04
-1.484809124220054239e-04 3.535860502711660538e-04
-1.465832311695738964e-04 3.503127894761232314e-04
-1.447154719799842969e-04 3.470788402415799401e-04
-1.428770758823135021e-04 3.438836295430909031e-04
-1.410674959373143101e-04 3.407265940549251688e-04
-1.392861969450006666e-04 3.376071799657884417e-04
-1.375326551601353418e-04 3.345248427983612627e-04
-1.358063580153850319e-04 3.314790472325657069e-04
-1.341068038519157158e-04 3.284692669324842701e-04
-1.324335016572080945e-04 3.254949843768452930e-04
-1.307859708098817457e-04 3.225556906930027146e-04
-1.291637408313208054e-04 3.196508854943308996e-04
-1.275663511439027373e-04 3.167800767209596764e-04
-1.259933508356373137e-04 3.139427804837801412e-04
-1.244442984310284819e-04 3.111385209116464745e-04
-1.229187616679784352e-04 3.083668300017047034e-04
-1.214163172805598752e-04 3.056272474727839031e-04
-1.199365507874847246e-04 3.029193206217776807e-04
-1.184790562861074635e-04 3.002426041829563672e-04
-1.170434362518015398e-04 2.975966601901413396e-04
-1.156293013425571090e-04 2.949810578416835779e-04
-1.142362702086490301e-04 2.923953733681833572e-04
-1.128639693072310175e-04 2.898391899028910073e-04
-1.115120327217164757e-04 2.873120973547334494e-04
-1.101801019858087333e-04 2.848136922839064958e-04
-1.088678259120505557e-04 2.823435777799791920e-04
-1.075748604247642984e-04 2.799013633424560460e-04
-1.063008683972593296e-04 2.774866647637423364e-04
-1.050455194931878417e-04 2.750991040144638205e-04
-1.038084900119305606e-04 2.727383091310856553e-04
-1.025894627379023610e-04 2.704039141057851584e-04
-1.013881267936667785e-04 2.680955587785276671e-04
-1.002041774967542785e-04 2.658128887312984426e-04
-9.903731622008094372e-05 2.635555551844441600e-04
-9.788725025586928375e-05 2.613232148950803461e-04
-9.675369268297263979e-05 2.591155300575170590e-04
-9.563636223751142051e-05 2.569321682056636166e-04
-9.453498318672912018e-05 2.547728021173671620e-04
-9.344928520597993275e-05 2.526371097206440834e-04
-9.237900325876334008e-05 2.505247740017654194e-04
-9.132387747972160773e-05 2.484354829151554306e-04
-9.028365306052018799e-05 2.463689292950641961e-04
-8.925808013853340106e-05 2.443248107689791082e-04
-8.824691368825794192e-05 2.423028296727338477e-04
-8.724991341538275013e-05 2.403026929672841044e-04
-8.626684365344199144e-05 2.383241121571098430e-04
-8.529747326298238550e-05 2.363668032102130012e-04
-8.434157553317901440e-05 2.344304864796765194e-04
-8.339892808583079244e-05 2.325148866267477048e-04
-8.246931278167620978e-05 2.306197325454208569e-04
-8.155251562896486718e-05 2.287447572884813442e-04
-8.064832669422605153e-05 2.268896979949829138e-04
-7.975654001517641525e-05 2.250542958191288265e-04
-7.887695351570960835e-05 2.232382958605251587e-04
-7.800936892291396492e-05 2.214414470957797065e-04
-7.715359168606415589e-05 2.196635023114168407e-04
-7.630943089753560653e-05 2.179042180380811266e-04
-7.547669921559204938e-05 2.161633544860044171e-04
-7.465521278899510610e-05 2.144406754817060107e-04
-7.384479118339171686e-05 2.127359484059051359e-04
-7.304525730943089935e-05 2.110489441326173583e-04
-7.225643735256587295e-05 2.093794369694108393e-04
-7.147816070449860009e-05 2.077272045987995979e-04
-7.071025989622299732e-05 2.060920280207481344e-04
-6.995257053262775760e-05 2.044736914962673837e-04
-6.920493122861674394e-05 2.028719824920759260e-04
-6.846718354670957652e-05 2.012866916263068818e-04
-6.773917193608454748e-05 1.997176126152400567e-04
-6.702074367302592994e-05 1.981645422210337470e-04
-6.631174880274173203e-05 1.966272802004400257e-04
-6.561204008251609037e-05 1.951056292544827179e-04
-6.492147292616248918e-05 1.935993949790749740e-04
-6.423990534974632276e-05 1.921083858165628048e-04
-6.356719791854271648e-05 1.906324130081692636e-04
-6.290321369520090230e-05 1.891712905473275118e-04
-6.224781818908335434e-05 1.877248351338789152e-04
-6.160087930675083132e-05 1.862928661291223464e-04
-6.096226730356529920e-05 1.848752055116963729e-04
-6.033185473638169095e-05 1.834716778342759238e-04
-5.970951641730284855e-05 1.820821101810692880e-04
-5.909512936847100288e-05 1.807063321260991796e-04
-5.848857277786896435e-05 1.793441756922487364e-04
-5.788972795610814755e-05 1.779954753110616337e-04
-5.729847829417791057e-05 1.766600677832784808e-04
-5.671470922213245130e-05 1.753377922400941029e-04
-5.613830816869352941e-05 1.740284901051241903e-04
-5.556916452174522232e-05 1.727320050570636399e-04
-5.500716958970042729e-05 1.714481829930260216e-04
-5.445221656371654437e-05 1.701768719925477672e-04
-5.390420048074073681e-05 1.689179222822453756e-04
-5.336301818736441952e-05 1.676711862011128927e-04
-5.282856830446725003e-05 1.664365181664459795e-04
-5.230075119263196694e-05 1.652137746403806954e-04
-5.177946891831115633e-05 1.640028140970345286e-04
-5.126462522072836194e-05 1.628034969902384256e-04
-5.075612547949552773e-05 1.616156857218471873e-04
-5.025387668293018447e-05 1.604392446106179615e-04
-4.975778739705520262e-05 1.592740398616443063e-04
-4.926776773526524145e-05 1.581199395363366378e-04
-4.878372932864388886e-05 1.569768135229358342e-04
-4.830558529691651639e-05 1.558445335075533554e-04
-4.783325022002329105e-05 1.547229729457232962e-04
-4.736664011029773444e-05 1.536120070344592975e-04
-4.690567238523752730e-05 1.525115126848058543e-04
-4.645026584085249583e-05 1.514213684948736657e-04
-4.600034062557686431e-05 1.503414547233504072e-04
-4.555581821473279056e-05 1.492716532634776017e-04
-4.511662138553171997e-05 1.482118476174836149e-04
-4.468267419260181473e-05 1.471619228714663493e-04
-4.425390194402854945e-05 1.461217656707132528e-04
-4.383023117789713662e-05 1.450912641954543562e-04
-4.341158963932498428e-05 1.440703081370366871e-04
-4.299790625797278150e-05 1.430587886745139051e-04
-4.258911112602346464e-05 1.420565984516422966e-04
-4.218513547661812047e-05 1.410636315542757014e-04
-4.178591166273847230e-05 1.400797834881520809e-04
-4.139137313652590643e-05 1.391049511570632423e-04
-4.100145442902644111e-05 1.381390328414013242e-04
-4.061609113035305225e-05 1.371819281770748585e-04
-4.023521987025482569e-05 1.362335381347870654e-04
-3.985877829908422178e-05 1.352937649996690064e-04
-3.948670506915359559e-05 1.343625123512625838e-04
-3.911893981647183164e-05 1.334396850438447917e-04
-3.875542314285266345e-05 1.325251891870878800e-04
-3.839609659838649904e-05 1.316189321270492521e-04
-3.804090266426753939e-05 1.307208224274842374e-04
-3.768978473596801103e-05 1.298307698514762371e-04
-3.734268710675201148e-05 1.289486853433776292e-04
-3.699955495152155413e-05 1.280744810110567443e-04
-3.666033431098681674e-05 1.272080701084438365e-04
-3.632497207615430511e-05 1.263493670183717956e-04
-3.599341597312504432e-05 1.254982872357049309e-04
-3.566561454819647541e-05 1.246547473507515454e-04
-3.534151715326115233e-05 1.238186650329537949e-04
-3.502107393149598479e-05 1.229899590148518225e-04
-3.470423580333499314e-05 1.221685490763136587e-04
-3.439095445272039161e-05 1.213543560290301682e-04
-3.408118231362481005e-05 1.205473017012663966e-04
-3.377487255683976196e-05 1.197473089228674070e-04
-3.347197907702362301e-05 1.189543015105118292e-04
-3.317245648000432932e-05 1.181682042532101003e-04
-3.287626007033075791e-05 1.173889428980424759e-04
-3.258334583906732066e-05 1.166164441361314328e-04
-3.229367045182727266e-05 1.158506355888463485e-04
-3.200719123703844621e-05 1.150914457942334775e-04
-3.172386617443754159e-05 1.143388041936698699e-04
-3.144365388378745165e-05 1.135926411187354856e-04
-3.116651361381262629e-05 1.128528877782990859e-04
-3.089240523134868880e-05 1.121194762458164529e-04
-3.062128921070084929e-05 1.113923394468342546e-04
-3.035312662320712379e-05 1.106714111466979163e-04
-3.008787912700196823e-05 1.099566259384585786e-04
-2.982550895697598357e-05 1.092479192309765267e-04
-2.956597891492759243e-05 1.085452272372166584e-04
-2.930925235990262159e-05 1.078484869627330917e-04
-2.905529319871796501e-05 1.071576361943398756e-04
-2.880406587666512960e-05 1.064726134889631146e-04
-2.855553536839031278e-05 1.057933581626731799e-04
-2.830966716894695625e-05 1.051198102798921543e-04
-2.806642728501742187e-05 1.044519106427743563e-04
-2.782578222630010647e-05 1.037896007807565831e-04
-2.758769899705859415e-05 1.031328229402748048e-04
-2.735214508782954595e-05 1.024815200746450082e-04
-2.711908846728593194e-05 1.018356358341045820e-04
-2.688849757425253612e-05 1.011951145560121873e-04
-2.666034130987035957e-05 1.005599012552022876e-04
-2.643458902990704527e-05 9.992994161449266118e-05
-2.621121053721042445e-05 9.930518197534193912e-05
-2.599017607430178261e-05 9.868556932865372793e-05
-2.577145631610658894e-05 9.807105130572615047e-05
-2.555502236281939905e-05 9.746157616934306514e-05
-2.534084573290043413e-05 9.685709280500518783e-05
-2.512889835620105136e-05 9.625755071229821628e-05
-2.491915256721569333e-05 9.566289999639652044e-05
-2.471158109845726704e-05 9.507309135969812966e-05
-2.450615707395412303e-05 9.448807609359132853e-05
-2.430285400286556484e-05 9.390780607034837537e-05
-2.410164577321391362e-05 9.333223373514519148e-05
-2.390250664573055631e-05 9.276131209820494760e-05
-2.370541124781370718e-05 9.219499472706266089e-05
-2.351033456759586709e-05 9.163323573894994860e-05
-2.331725194811835772e-05 9.107598979329613017e-05
-2.312613908161134535e-05 9.052321208434586756e-05
-2.293697200387661317e-05 8.997485833388916957e-05
-2.274972708877166572e-05 8.943088478410354326e-05
-2.256438104279268219e-05 8.889124819050550077e-05
-2.238091089975457351e-05 8.835590581500951061e-05
-2.219929401556625613e-05 8.782481541909345816e-05
-2.201950806309905200e-05 8.729793525706740361e-05
-2.184153102714663921e-05 8.677522406944540687e-05
-2.166534119947457473e-05 8.625664107641751912e-05
-2.149091717395766802e-05 8.574214597142068084e-05
-2.131823784180358252e-05 8.523169891480737411e-05
-2.114728238686071021e-05 8.472526052760895288e-05
-2.097803028100906896e-05 8.422279188539401719e-05
-2.081046127963231507e-05 8.372425451221852434e-05
-2.064455541716925162e-05 8.322961037466705442e-05
-2.048029300274353828e-05 8.273882187598326503e-05
-2.031765461587000331e-05 8.225185185028870843e-05
-2.015662110223582663e-05 8.176866355688744978e-05
-1.999717356955554000e-05 8.128922067465620181e-05
-1.983929338349810638e-05 8.081348729651755003e-05
-1.968296216368486205e-05 8.034142792399592966e-05
-1.952816177975694932e-05 7.987300746185400978e-05
-1.937487434751074901e-05 7.940819121280868489e-05
-1.922308222510029973e-05 7.894694487232556282e-05
-1.907276800930512843e-05 7.848923452348988887e-05
-1.892391453186235034e-05 7.803502663195337761e-05
-1.877650485586199162e-05 7.758428804095557005e-05
-1.863052227220404354e-05 7.713698596641815767e-05
-1.848595029611625932e-05 7.669308799211140579e-05
-1.834277266373149045e-05 7.625256206489142965e-05
-1.820097332872346832e-05 7.581537649000707623e-05
-1.806053645899986568e-05 7.538149992647535469e-05
-1.792144643345162128e-05 7.495090138252437210e-05
-1.778368783875748104e-05 7.452355021110250021e-05
-1.764724546624262048e-05 7.409941610545287905e-05
-1.751210430879041681e-05 7.367846909475201040e-05
-1.737824955780645244e-05 7.326067953981164156e-05
