npts 513 dfreq 1.000000000000000021e-02
0.000000000000000000e+00 0.000000000000000000e+00
-5.241006598454263886e-03 -1.089730600263301083e-02
-7.932434709277226548e-02 -5.806662100996583253e-02
-3.228289332251313426e-01 -1.547334336267231110e-02
-5.198979516152819613e-01 3.603201131831029191e-01
-3.315805279397991412e-01 7.714410798224300425e-01
-1.707457498775313484e-02 9.254459203850134985e-01
2.312814174410267321e-01 9.304207861439796057e-01
4.053000976443676961e-01 8.848702363122752379e-01
5.278715218706899748e-01 8.266780029480161884e-01
6.167245122243218969e-01 7.685530193251836062e-01
6.830672537154768298e-01 7.145042329934250258e-01
7.339017895023309812e-01 6.655161874140208544e-01
7.737180299111628967e-01 6.215096319870360153e-01
8.054901306107298264e-01 5.820525703489233260e-01
8.312500230827499781e-01 5.466276690957199147e-01
8.524245973010359245e-01 5.147325173352570449e-01
8.700402224938184048e-01 4.859140675885479932e-01
8.848508165351909316e-01 4.597766835437254174e-01
8.974204517529589253e-01 4.359798505419390513e-01
9.081780759653882429e-01 4.142322661238729831e-01
9.174546338344640173e-01 3.942851259644763462e-01
9.255087882617496486e-01 3.759257397170788773e-01
9.325450834804294153e-01 3.589718775284549412e-01
9.387269908608111280e-01 3.432669309366893629e-01
9.441864241364945620e-01 3.286758416901897073e-01
9.490307768764999485e-01 3.150817059528365216e-01
9.533481939345216372e-01 3.023829524169361349e-01
9.572115662532167946e-01 2.904909993356752929e-01
9.606815907679969735e-01 2.793283074254444553e-01
9.638091374724965243e-01 2.688267584982618752e-01
9.666370973572409042e-01 2.589263016896063418e-01
9.692018373963343647e-01 2.495738195886967048e-01
9.715343552598028065e-01 2.407221753503809847e-01
9.736612025365549705e-01 2.323294090965337677e-01
9.756052280172852198e-01 2.243580578074430842e-01
9.773861800215662976e-01 2.167745776789329892e-01
9.790211975025272517e-01 2.095488517800921657e-01
9.805252127885683011e-01 2.026537689629262229e-01
9.819112836693053570e-01 1.960648624934475115e-01
9.831908686394508212e-01 1.897599989115716645e-01
9.843740561493738994e-01 1.837191092798419745e-01
9.854697564366772244e-01 1.779239563246639011e-01
9.864858627563947158e-01 1.723579320692681938e-01
9.874293874616099087e-01 1.670058814535249625e-01
9.883065773178441038e-01 1.618539481706805228e-01
9.891230115937368339e-01 1.568894395559003729e-01
9.898836858051605070e-01 1.521007078608220264e-01
9.905930834604942392e-01 1.474770456618648140e-01
9.912552377314177710e-01 1.430085934936277670e-01
9.918737846333430808e-01 1.386862580850654891e-01
9.924520090249199233e-01 1.345016398155340631e-01
9.929928845132194315e-01 1.304469682085347415e-01
9.934991081697698290e-01 1.265150444498207571e-01
9.939731308141710464e-01 1.226991900589269324e-01
9.944171835001476278e-01 1.189932009636315985e-01
9.948333007384493332e-01 1.153913063290214758e-01
9.952233409078943271e-01 1.118881315797107534e-01
9.955890042368589210e-01 1.084786651278518838e-01
9.959318486800481374e-01 1.051582283829057690e-01
9.962533039673332480e-01 1.019224486734117419e-01
9.965546840611820834e-01 9.876723475762491655e-02
9.968371982253366737e-01 9.568875464003284703e-02
9.971019608788155297e-01 9.268341544541482124e-02
9.973500003851800688e-01 8.974784513207809122e-02
9.975822669064833281e-01 8.687887585188534822e-02
9.977996394339052610e-01 8.407352878725549150e-02
9.980029320922225722e-01 8.132900031497071469e-02
9.981928998025439981e-01 7.864264936375105208e-02
9.983702433768689710e-01 7.601198584754050025e-02
9.985356141086819681e-01 7.343466006955461090e-02
9.986896179157369602e-01 7.090845300364596870e-02
9.988328190842538090e-01 6.843126736964892654e-02
9.989657436577487060e-01 6.600111942826469846e-02
9.990888825085083580e-01 6.361613142889452344e-02
9.992026941252245553e-01 6.127452465075958199e-02
9.993076071463530274e-01 5.897461298377891514e-02
9.994040226653662096e-01 5.671479700111162897e-02
9.994923163310568404e-01 5.449355848009083264e-02
9.995728402634606047e-01 5.230945533256751989e-02
9.996459248036475564e-01 5.016111690949452001e-02
9.997118801136518629e-01 4.804723964798713470e-02
9.997709976410210642e-01 4.596658303213198987e-02
9.998235514609148389e-01 4.391796584153032784e-02
9.998697995073158040e-01 4.190026266399528992e-02
9.999099847036988509e-01 3.991240065099813106e-02
9.999443360024257155e-01 3.795335649641578407e-02
9.999730693411945648e-01 3.602215362088755091e-02
9.999963885240151784e-01 3.411785954567132795e-02
1.000014486033445005e+00 3.223958344131187814e-02
1.000027543780141359e+00 3.038647383771854796e-02
1.000035733795198611e+00 2.855771648341023233e-02
1.000039218870208302e+00 2.675253234273147068e-02
1.000038153149500619e+00 2.497017572079390790e-02
1.000032682678610785e+00 2.320993250675530348e-02
1.000022945912619754e+00 2.147111852682689198e-02
1.000009074187703240e+00 1.975307799910921980e-02
9.999911921588822139e-01 1.805518208299566885e-02
9.999694182067322412e-01 1.637682751647146287e-02
9.999438648155283271e-01 1.471743533516461575e-02
9.999146389251021283e-01 1.307644966749179488e-02
9.998818422584757615e-01 1.145333660068530157e-02
9.998455716271601457e-01 9.847583112888637705e-03
9.998059192158406105e-01 8.258696066880375636e-03
9.997629728480258438e-01 6.686201261321062135e-03
9.997168162340975828e-01 5.129642535728199011e-03
9.996675292030832161e-01 3.588580925667331917e-03
9.996151879193644341e-01 2.062593864906606123e-03
9.995598650854180534e-01 5.512744315204689150e-04
9.995016301316248519e-01 -9.457693648526027241e-04
9.994405493940634599e-01 -2.428915257193113835e-03
9.993766862811650498e-01 -3.898527359133049843e-03
9.993101014300092011e-01 -5.354956769077408654e-03
9.992408528529956868e-01 -6.798542142496019625e-03
9.991689960755595346e-01 -8.229610234324044593e-03
9.990945842655531983e-01 -9.648476413274046509e-03
9.990176683548603886e-01 -1.105544514974120436e-02
9.989382971537800193e-01 -1.245081047886791373e-02
9.988565174586550022e-01 -1.383485644022964568e-02
9.987723741532089639e-01 -1.520785749550655069e-02
9.986859103039997798e-01 -1.657007892541435129e-02
9.985971672503808350e-01 -1.792177720708544239e-02
9.985061846893289461e-01 -1.926320037301375299e-02
9.984130007554646857e-01 -2.059458835260389448e-02
9.983176520965841849e-01 -2.191617329730043140e-02
9.982201739449770850e-01 -2.322817989020930368e-02
9.981206001848060838e-01 -2.453082564106724706e-02
9.980189634157845546e-01 -2.582432116736125410e-02
9.979152950133964861e-01 -2.710887046234987732e-02
9.978096251858559196e-01 -2.838467115069292016e-02
9.977019830280208224e-01 -2.965191473235152808e-02
9.975923965724334819e-01 -3.091078681538228859e-02
9.974808928376701633e-01 -3.216146733820939019e-02
9.973674978741549069e-01 -3.340413078192640273e-02
9.972522368075924515e-01 -3.463894637314397090e-02
9.971351338801580644e-01 -3.586607827787160335e-02
9.970162124895747269e-01 -3.708568578689164924e-02
9.968954952262063518e-01 -3.829792349305763399e-02
9.967730039082713933e-01 -3.950294146092476338e-02
9.966487596152958650e-01 -4.070088538909554660e-02
9.965227827198953614e-01 -4.189189676564342851e-02
9.963950929179896665e-01 -4.307611301695587341e-02
9.962657092575309958e-01 -4.425366765031939903e-02
9.961346501658312480e-01 -4.542469039055156699e-02
9.960019334755686460e-01 -4.658930731096732475e-02
9.958675764495396043e-01 -4.774764095895202981e-02
9.957315958042300963e-01 -4.889981047639812423e-02
9.955940077322668058e-01 -5.004593171524919504e-02
9.954548279238153441e-01 -5.118611734838139637e-02
9.953140715869672750e-01 -5.232047697603983000e-02
9.951717534671871146e-01 -5.344911722803702414e-02
9.950278878658574966e-01 -5.457214186190859767e-02
9.948824886579716864e-01 -5.568965185721094086e-02
9.947355693090210726e-01 -5.680174550613775047e-02
9.945871428911150502e-01 -5.790851850062057882e-02
9.944372220983788146e-01 -5.901006401607266499e-02
9.942858192616573776e-01 -6.010647279192497111e-02
9.941329463625687701e-01 -6.119783320909741309e-02
9.939786150469345216e-01 -6.228423136454047659e-02
9.938228366376230527e-01 -6.336575114297515743e-02
9.936656221468276318e-01 -6.444247428595364924e-02
9.935069822878169754e-01 -6.551448045835675527e-02
9.933469274861753684e-01 -6.658184731243781129e-02
9.931854678905622791e-01 -6.764465054951918077e-02
9.930226133830148960e-01 -6.870296397943952138e-02
9.928583735888099060e-01 -6.975685957784824587e-02
9.926927578859185974e-01 -7.080640754143678606e-02
9.925257754140557331e-01 -7.185167634119317415e-02
9.923574350833592739e-01 -7.289273277376154270e-02
9.921877455827088355e-01 -7.392964201098549404e-02
9.920167153877011978e-01 -7.496246764770886362e-02
9.918443527683014072e-01 -7.599127174790568096e-02
9.916706657961802396e-01 -7.701611488920678816e-02
9.914956623517584555e-01 -7.803705620588793912e-02
9.913193501309631728e-01 -7.905415343038033060e-02
9.911417366517191185e-01 -8.006746293336355902e-02
9.909628292601773136e-01 -8.107703976249637512e-02
9.907826351367013951e-01 -8.208293767983916578e-02
9.906011613016135753e-01 -8.308520919801938576e-02
9.904184146207224426e-01 -8.408390561518908068e-02
9.902344018106289392e-01 -8.507907704882093636e-02
9.900491294438306111e-01 -8.607077246838806817e-02
9.898626039536302379e-01 -8.705903972697012771e-02
9.896748316388518374e-01 -8.804392559182645794e-02
9.894858186683843648e-01 -8.902547577397589007e-02
9.892955710855447782e-01 -9.000373495682036096e-02
9.891040948122841181e-01 -9.097874682384805844e-02
9.889113956532306071e-01 -9.195055408545098341e-02
9.887174792995828687e-01 -9.291919850488915278e-02
9.885223513328625922e-01 -9.388472092343350117e-02
9.883260172285226464e-01 -9.484716128471726293e-02
9.881284823594274069e-01 -9.580655865832495011e-02
9.879297519992005228e-01 -9.676295126264621016e-02
9.877298313254576634e-01 -9.771637648702231893e-02
9.875287254229161427e-01 -9.866687091320912317e-02
9.873264392863959626e-01 -9.961447033618207880e-02
9.871229778237106123e-01 -1.005592097843063387e-01
9.869183458584588342e-01 -1.015011235388947330e-01
9.867125481327100323e-01 -1.024402451531743335e-01
9.865055893096029704e-01 -1.033766074706839455e-01
9.862974739758481046e-01 -1.043102426431204571e-01
9.860882066441415406e-01 -1.052411821476547521e-01
9.858777917554983894e-01 -1.061694568037347269e-01
9.856662336815023018e-01 -1.070950967893930794e-01
9.854535367264779522e-01 -1.080181316570772709e-01
9.852397051295886943e-01 -1.089385903490173307e-01
9.850247430668646054e-01 -1.098565012121477530e-01
9.848086546531551466e-01 -1.107718920125976420e-01
9.845914439440247579e-01 -1.116847899497651481e-01
9.843731149375744005e-01 -1.125952216699880742e-01
9.841536715762111420e-01 -1.135032132798258486e-01
9.839331177483495727e-01 -1.144087903589643546e-01
9.837114572900642617e-01 -1.153119779727573430e-01
9.834886939866813726e-01 -1.162128006844152656e-01
9.832648315743227618e-01 -1.171112825668535057e-01
9.830398737413916788e-01 -1.180074472142105813e-01
9.828138241300208300e-01 -1.189013177530482551e-01
9.825866863374601579e-01 -1.197929168532421290e-01
9.823584639174309796e-01 -1.206822667385738374e-01
9.821291603814277238e-01 -1.215693891970337365e-01
9.818987791999832515e-01 -1.224543055908436789e-01
9.816673238038896576e-01 -1.233370368662081301e-01
9.814347975853829897e-01 -1.242176035628031611e-01
9.812012038992864449e-01 -1.250960258230102429e-01
9.809665460641219248e-01 -1.259723234009041681e-01
9.807308273631812900e-01 -1.268465156710011088e-01
9.804940510455681935e-01 -1.277186216367763305e-01
9.802562203272036090e-01 -1.285886599389563512e-01
9.800173383918034942e-01 -1.294566488635942592e-01
9.797774083918201482e-01 -1.303226063499337839e-01
9.795364334493626979e-01 -1.311865499980690020e-01
9.792944166570798359e-01 -1.320484970764054244e-01
9.790513610790230192e-01 -1.329084645289294042e-01
9.788072697514764720e-01 -1.337664689822899156e-01
9.785621456837678700e-01 -1.346225267527001723e-01
9.783159918590500492e-01 -1.354766538526631647e-01
9.780688112350588437e-01 -1.363288659975267492e-01
9.778206067448519390e-01 -1.371791786118736201e-01
9.775713812975193040e-01 -1.380276068357501051e-01
9.773211377788777465e-01 -1.388741655307396961e-01
9.770698790521410437e-01 -1.397188692858846448e-01
9.768176079585707550e-01 -1.405617324234611221e-01
9.765643273181082717e-01 -1.414027690046111563e-01
9.763100399299882159e-01 -1.422419928348363782e-01
9.760547485733317430e-01 -1.430794174693567899e-01
9.757984560077231917e-01 -1.439150562183384163e-01
9.755411649737710800e-01 -1.447489221519948077e-01
9.752828781936505598e-01 -1.455810281055641420e-01
9.750235983716301069e-01 -1.464113866841662281e-01
9.747633281945848882e-01 -1.472400102675437972e-01
9.745020703324915878e-01 -1.480669110146890510e-01
9.742398274389123536e-01 -1.488921008683610492e-01
9.739766021514613126e-01 -1.497155915594952924e-01
9.737123970922606508e-01 -1.505373946115089734e-01
9.734472148683813719e-01 -1.513575213445054746e-01
9.731810580722712878e-01 -1.521759828793794178e-01
9.729139292821720186e-01 -1.529927901418262626e-01
9.726458310625242243e-01 -1.538079538662587564e-01
9.723767659643570704e-01 -1.546214845996319864e-01
9.721067365256740311e-01 -1.554333927051807784e-01
9.718357452718182632e-01 -1.562436883660702214e-01
9.715637947158380916e-01 -1.570523815889638963e-01
9.712908873588310676e-01 -1.578594822075086723e-01
9.710170256902884711e-01 -1.586649998857425636e-01
9.707422121884217159e-01 -1.594689441214232339e-01
9.704664493204854248e-01 -1.602713242492826984e-01
9.701897395430867377e-01 -1.610721494442083346e-01
9.699120853024911781e-01 -1.618714287243528949e-01
9.696334890349136426e-01 -1.626691709541743525e-01
9.693539531668075027e-01 -1.634653848474094673e-01
9.690734801151387190e-01 -1.642600789699799890e-01
9.687920722876595114e-01 -1.650532617428356885e-01
9.685097320831693724e-01 -1.658449414447345505e-01
9.682264618917700849e-01 -1.666351262149620149e-01
9.679422640951137469e-01 -1.674238240559908497e-01
9.676571410666446882e-01 -1.682110428360832910e-01
9.673710951718329509e-01 -1.689967902918363130e-01
9.670841287684024401e-01 -1.697810740306725796e-01
9.667962442065516360e-01 -1.705639015332772179e-01
9.665074438291714198e-01 -1.713452801559826599e-01
9.662177299720496881e-01 -1.721252171331023595e-01
9.659271049640810736e-01 -1.729037195792149095e-01
9.656355711274587916e-01 -1.736807944913995316e-01
9.653431307778703729e-01 -1.744564487514242979e-01
9.650497862246840697e-01 -1.752306891278885836e-01
9.647555397711301550e-01 -1.760035222783201125e-01
9.644603937144776706e-01 -1.767749547512282027e-01
9.641643503462068443e-01 -1.775449929881141864e-01
9.638674119521750683e-01 -1.783136433254403630e-01
9.635695808127818784e-01 -1.790809119965579010e-01
9.632708592031218320e-01 -1.798468051335942175e-01
9.629712493931438244e-01 -1.806113287693034974e-01
9.626707536477966398e-01 -1.813744888388767740e-01
9.623693742271750562e-01 -1.821362911817170638e-01
9.620671133866613989e-01 -1.828967415431774213e-01
9.617639733770613208e-01 -1.836558455762633546e-01
9.614599564447386948e-01 -1.844136088433019072e-01
9.611550648317443990e-01 -1.851700368175760447e-01
9.608493007759422166e-01 -1.859251348849267904e-01
9.605426665111310713e-01 -1.866789083453226639e-01
9.602351642671660414e-01 -1.874313624143989776e-01
9.599267962700697154e-01 -1.881825022249646873e-01
9.596175647421498756e-01 -1.889323328284812087e-01
9.593074719021054131e-01 -1.896808591965108426e-01
9.589965199651326877e-01 -1.904280862221365278e-01
9.586847111430301105e-01 -1.911740187213546993e-01
9.583720476442980640e-01 -1.919186614344401409e-01
9.580585316742347146e-01 -1.926620190272839150e-01
9.577441654350340450e-01 -1.934040960927062847e-01
9.574289511258735619e-01 -1.941448971517428512e-01
9.571128909430075549e-01 -1.948844266549071280e-01
9.567959870798516953e-01 -1.956226889834277172e-01
9.564782417270675241e-01 -1.963596884504620887e-01
9.561596570726459410e-01 -1.970954293022876280e-01
9.558402353019834763e-01 -1.978299157194685354e-01
9.555199785979642257e-01 -1.985631518180027699e-01
9.551988891410291282e-01 -1.992951416504440409e-01
9.548769691092543477e-01 -2.000258892070059524e-01
9.545542206784177752e-01 -2.007553984166429439e-01
9.542306460220704167e-01 -2.014836731481118026e-01
9.539062473116001195e-01 -2.022107172110127749e-01
9.535810267162996290e-01 -2.029365343568123869e-01
9.532549864034255416e-01 -2.036611282798452272e-01
9.529281285382619204e-01 -2.043845026182992131e-01
9.526004552841789152e-01 -2.051066609551811804e-01
9.522719688026873852e-01 -2.058276068192646524e-01
9.519426712534982959e-01 -2.065473436860213174e-01
9.516125647945717914e-01 -2.072658749785335763e-01
9.512816515821750363e-01 -2.079832040683926853e-01
9.509499337709260702e-01 -2.086993342765775805e-01
9.506174135138487635e-01 -2.094142688743207970e-01
9.502840929624164490e-01 -2.101280110839560122e-01
9.499499742665985513e-01 -2.108405640797517966e-01
9.496150595749057732e-01 -2.115519309887299582e-01
9.492793510344326169e-01 -2.122621148914688727e-01
9.489428507908990174e-01 -2.129711188228924634e-01
9.486055609886895335e-01 -2.136789457730449704e-01
9.482674837708945370e-01 -2.143855986878526465e-01
9.479286212793460731e-01 -2.150910804698705492e-01
9.475889756546537201e-01 -2.157953939790168696e-01
9.472485490362430038e-01 -2.164985420332949106e-01
9.469073435623840407e-01 -2.172005274094998828e-01
9.465653613702303959e-01 -2.179013528439167624e-01
9.462226045958447296e-01 -2.186010210330024128e-01
9.458790753742341018e-01 -2.192995346340584073e-01
9.455347758393762847e-01 -2.199968962658902238e-01
9.451897081242508492e-01 -2.206931085094563372e-01
9.448438743608632562e-01 -2.213881739085048206e-01
9.444972766802737230e-01 -2.220820949701997893e-01
9.441499172126218697e-01 -2.227748741657364917e-01
9.438017980871507007e-01 -2.234665139309461035e-01
9.434529214322298074e-01 -2.241570166668897524e-01
9.431032893753794610e-01 -2.248463847404428284e-01
9.427529040432895968e-01 -2.255346204848684422e-01
9.424017675618429069e-01 -2.262217262003821394e-01
9.420498820561346021e-01 -2.269077041547066520e-01
9.416972496504890655e-01 -2.275925565836159903e-01
9.413438724684810577e-01 -2.282762856914724858e-01
9.409897526329509265e-01 -2.289588936517528150e-01
9.406348922660232592e-01 -2.296403826075664734e-01
9.402792934891203158e-01 -2.303207546721643684e-01
9.399229584229796819e-01 -2.310000119294398635e-01
9.395658891876672580e-01 -2.316781564344208566e-01
9.392080879025910267e-01 -2.323551902137538372e-01
9.388495566865155961e-01 -2.330311152661799501e-01
9.384902976575711930e-01 -2.337059335630021495e-01
9.381303129332698720e-01 -2.343796470485467465e-01
9.377696046305128430e-01 -2.350522576406147424e-01
9.374081748656027946e-01 -2.357237672309278886e-01
9.370460257542535532e-01 -2.363941776855657539e-01
9.366831594115985204e-01 -2.370634908453966017e-01
9.363195779522003326e-01 -2.377317085265006347e-01
9.359552834900578544e-01 -2.383988325205868009e-01
9.355902781386156164e-01 -2.390648645954024376e-01
9.352245640107677005e-01 -2.397298064951360885e-01
9.348581432188676210e-01 -2.403936599408139918e-01
9.344910178747308782e-01 -2.410564266306902403e-01
9.341231900896439511e-01 -2.417181082406306969e-01
9.337546619743651855e-01 -2.423787064244896372e-01
9.333854356391346752e-01 -2.430382228144824242e-01
9.330155131936712642e-01 -2.436966590215494943e-01
9.326448967471827611e-01 -2.443540166357169585e-01
9.322735884083643843e-01 -2.450102972264497081e-01
9.319015902854029809e-01 -2.456655023429997753e-01
9.315289044859805800e-01 -2.463196335147490867e-01
9.311555331172736150e-01 -2.469726922515458611e-01
9.307814782859554770e-01 -2.476246800440364548e-01
9.304067420981986247e-01 -2.482755983639926001e-01
9.300313266596728079e-01 -2.489254486646316211e-01
9.296552340755477317e-01 -2.495742323809328755e-01
9.292784664504898373e-01 -2.502219509299487554e-01
9.289010258886658544e-01 -2.508686057111119694e-01
9.285229144937373613e-01 -2.515141981065350252e-01
9.281441343688635603e-01 -2.521587294813087965e-01
9.277646876166971701e-01 -2.528022011837933181e-01
9.273845763393832042e-01 -2.534446145459058886e-01
9.270038026385568619e-01 -2.540859708834034003e-01
9.266223686153416406e-01 -2.547262714961618379e-01
9.262402763703441178e-01 -2.553655176684491712e-01
9.258575280036541733e-01 -2.560037106691964714e-01
9.254741256148391049e-01 -2.566408517522630328e-01
9.250900713029409639e-01 -2.572769421566981629e-01
9.247053671664711150e-01 -2.579119831069984214e-01
9.243200153034081268e-01 -2.585459758133616393e-01
9.239340178111922208e-01 -2.591789214719367185e-01
9.235473767867198314e-01 -2.598108212650688809e-01
9.231600943263382764e-01 -2.604416763615416963e-01
9.227721725258437591e-01 -2.610714879168162805e-01
9.223836134804708209e-01 -2.617002570732650524e-01
9.219944192848907871e-01 -2.623279849604034375e-01
9.216045920332028851e-01 -2.629546726951167424e-01
9.212141338189301365e-01 -2.635803213818847524e-01
9.208230467350111415e-01 -2.642049321130023887e-01
9.204313328737953048e-01 -2.648285059687968679e-01
9.200389943270337323e-01 -2.654510440178414199e-01
9.196460331858744564e-01 -2.660725473171667299e-01
9.192524515408529995e-01 -2.666930169124673844e-01
9.188582514818881553e-01 -2.673124538383081505e-01
9.184634350982693318e-01 -2.679308591183226507e-01
9.180680044786537763e-01 -2.685482337654140905e-01
9.176719617110555838e-01 -2.691645787819491598e-01
9.172753088828380363e-01 -2.697798951599505446e-01
9.168780480807073863e-01 -2.703941838812872756e-01
9.164801813907001993e-01 -2.710074459178597461e-01
9.160817108981789136e-01 -2.716196822317850645e-01
9.156826386878202939e-01 -2.722308937755770208e-01
9.152829668436084365e-01 -2.728410814923251659e-01
9.148826974488232233e-01 -2.734502463158696717e-01
9.144818325860344377e-01 -2.740583891709754694e-01
9.140803743370879975e-01 -2.746655109735013367e-01
9.136783247831016253e-01 -2.752716126305688737e-01
9.132756860044504155e-01 -2.758766950407278151e-01
9.128724600807602840e-01 -2.764807590941181781e-01
9.124686490908964220e-01 -2.770838056726316334e-01
9.120642551129541920e-01 -2.776858356500695457e-01
9.116592802242478033e-01 -2.782868498922979605e-01
9.112537265013019860e-01 -2.788868492574021474e-01
9.108475960198403332e-01 -2.794858345958374235e-01
9.104408908547741985e-01 -2.800838067505774243e-01
9.100336130801934820e-01 -2.806807665572621513e-01
9.096257647693558601e-01 -2.812767148443412468e-01
9.092173479946753512e-01 -2.818716524332174345e-01
9.088083648277115456e-01 -2.824655801383865183e-01
9.083988173391592813e-01 -2.830584987675754949e-01
9.079887075988366529e-01 -2.836504091218787216e-01
9.075780376756754642e-01 -2.842413119958930867e-01
9.071668096377081270e-01 -2.848312081778487936e-01
9.067550255520580027e-01 -2.854200984497407001e-01
9.063426874849266346e-01 -2.860079835874565490e-01
9.059297975015836446e-01 -2.865948643609028679e-01
9.055163576663545211e-01 -2.871807415341308123e-01
9.051023700426085172e-01 -2.877656158654573471e-01
9.046878366927491033e-01 -2.883494881075880367e-01
9.042727596781995336e-01 -2.889323590077347292e-01
9.038571410593931876e-01 -2.895142293077342943e-01
9.034409828957606914e-01 -2.900950997441630319e-01
9.030242872457185932e-01 -2.906749710484523019e-01
9.026070561666564851e-01 -2.912538439469994911e-01
9.021892917149264557e-01 -2.918317191612795347e-01
9.017709959458307667e-01 -2.924085974079540518e-01
9.013521709136079751e-01 -2.929844793989783702e-01
9.009328186714231634e-01 -2.935593658417079976e-01
9.005129412713550607e-01 -2.941332574390026489e-01
9.000925407643826093e-01 -2.947061548893293303e-01
8.996716192003745283e-01 -2.952780588868635370e-01
8.992501786280756582e-01 -2.958489701215893386e-01
8.988282210950959694e-01 -2.964188892793976904e-01
8.984057486478957966e-01 -2.969878170421827446e-01
8.979827633317776225e-01 -2.975557540879393281e-01
8.975592671908679820e-01 -2.981227010908540920e-01
8.971352622681111333e-01 -2.986886587214013233e-01
8.967107506052519605e-01 -2.992536276464325407e-01
8.962857342428252050e-01 -2.998176085292668658e-01
8.958602152201431412e-01 -3.003806020297801749e-01
8.954341955752830318e-01 -3.009426088044921954e-01
8.950076773450734713e-01 -3.015036295066526595e-01
8.945806625650832844e-01 -3.020636647863265134e-01
8.941531532696085360e-01 -3.026227152904773510e-01
8.937251514916586537e-01 -3.031807816630500141e-01
8.932966592629458802e-01 -3.037378645450514170e-01
8.928676786138703969e-01 -3.042939645746305932e-01
8.924382115735103316e-01 -3.048490823871587430e-01
8.920082601696054381e-01 -3.054032186153046169e-01
8.915778264285489918e-01 -3.059563738891133422e-01
8.911469123753705812e-01 -3.065085488360806409e-01
8.907155200337272261e-01 -3.070597440812271595e-01
8.902836514258876122e-01 -3.076099602471720207e-01
8.898513085727222105e-01 -3.081591979542052107e-01
8.894184934936876230e-01 -3.087074578203573560e-01
8.889852082068165906e-01 -3.092547404614711670e-01
8.885514547287033382e-01 -3.098010464912698825e-01
8.881172350744929167e-01 -3.103463765214252712e-01
8.876825512578655486e-01 -3.108907311616237457e-01
8.872474052910271913e-01 -3.114341110196343076e-01
8.868117991846946602e-01 -3.119765167013709428e-01
8.863757349480831937e-01 -3.125179488109586790e-01
8.859392145888955739e-01 -3.130584079507961470e-01
8.855022401133070264e-01 -3.135978947216167545e-01
8.850648135259538973e-01 -3.141364097225509688e-01
8.846269368299209956e-01 -3.146739535511857144e-01
8.841886120267291593e-01 -3.152105268036250463e-01
8.837498411163213774e-01 -3.157461300745467714e-01
8.833106260970516876e-01 -3.162807639572617346e-01
8.828709689656717430e-01 -3.168144290437696076e-01
8.824308717173192651e-01 -3.173471259248150100e-01
8.819903363455032785e-01 -3.178788551899425774e-01
8.815493648420943407e-01 -3.184096174275509172e-01
8.811079591973101088e-01 -3.189394132249466773e-01
8.806661213997035720e-01 -3.194682431683963375e-01
8.802238534361507272e-01 -3.199961078431782235e-01
8.797811572918374790e-01 -3.205230078336337995e-01
8.793380349502475379e-01 -3.210489437232172949e-01
8.788944883931500973e-01 -3.215739160945460529e-01
