npts 513 dfreq 1.000000000000000021e-02
0.000000000000000000e+00 0.000000000000000000e+00
-7.963907272828321671e-04 -2.383759347374460411e-03
-1.229368834606191577e-02 -1.566871625337216273e-02
-5.527413706648698355e-02 -3.276981968165094961e-02
-1.350569677616090258e-01 -2.129960304697111478e-02
-2.202225889139639015e-01 4.309449880651964465e-02
-2.760928458708811206e-01 1.465828649865519029e-01
-2.953676954849450698e-01 2.622478323332892436e-01
-2.864639120301160080e-01 3.743844093318829946e-01
-2.586498803385245959e-01 4.779033162948204128e-01
-2.180892517354269811e-01 5.723014345606843856e-01
-1.683688821003078429e-01 6.583647127342069361e-01
-1.115356799478539329e-01 7.369946206326460914e-01
-4.879740239476328817e-02 8.089000582555037067e-01
1.908478819359028106e-02 8.745668905822623351e-01
9.158705610292748600e-02 9.342980471860365954e-01
1.683117651103838153e-01 9.882611279112780700e-01
2.489276703517773470e-01 1.036527759179084018e+00
3.331371030669383893e-01 1.079103003349079604e+00
4.206576074061355031e-01 1.115946603589283326e+00
5.112114900641288040e-01 1.146988215968518299e+00
6.045198066842958351e-01 1.172138384211174555e+00
7.002988958969031952e-01 1.191296537954839252e+00
7.982584107298615894e-01 1.204356910710712603e+00
8.981002504365421801e-01 1.211212995319591368e+00
9.995180462279880107e-01 1.211760961769427380e+00
1.102196995764836318e+00 1.205902330727660177e+00
1.205813922704450869e+00 1.193546106824781461e+00
1.310037485417927750e+00 1.174610514894369517e+00
1.414528487568800452e+00 1.149024440682522741e+00
1.518940260600792236e+00 1.116728648732559837e+00
1.622919098876683064e+00 1.077676830069819847e+00
1.726104734885867353e+00 1.031836518187797092e+00
1.828130846151213573e+00 9.791899018195867610e-01
1.928625588149528447e+00 9.197345558219373052e-01
2.027212149282586751e+00 8.534841063585471010e-01
2.123509325049475649e+00 7.804688428673203227e-01
2.217132109298106446e+00 7.007362866358096687e-01
2.307692300917560502e+00 6.143517239141275121e-01
2.394799124668635759e+00 5.213987101726876849e-01
2.478059865103325876e+00 4.219795512277016991e-01
2.557080512743105327e+00 3.162157664143674940e-01
2.631466421908304820e+00 2.042485387175439204e-01
2.700822979848671146e+00 8.623915672242675468e-02
2.764756287147579705e+00 -3.763054661377326221e-02
2.822873849788688716e+00 -1.671577530729373984e-01
2.874785283813738435e+00 -3.021182104460098383e-01
2.920103034196225522e+00 -4.422657697001118327e-01
2.958443110442467550e+00 -5.873319011558181257e-01
2.989425842547714485e+00 -7.370251821006593707e-01
3.012676662321973620e+00 -8.910307475463542515e-01
3.027826916803888491e+00 -1.049009695124959674e+00
3.034514722549932486e+00 -1.210598434460000261e+00
3.032385872072353550e+00 -1.375407970802424273e+00
3.021094806655824971e+00 -1.543023112362937654e+00
3.000305673263605755e+00 -1.713001590695966581e+00
2.969693487299891022e+00 -1.884873083813373151e+00
2.928945427671376667e+00 -2.058138132572687518e+00
2.877762295921489244e+00 -2.232266942472248772e+00
2.815860177210955051e+00 -2.406698065508924955e+00
2.742972347576088321e+00 -2.580836960470958896e+00
2.658851479158532705e+00 -2.754054435254587041e+00
2.563272202857041382e+00 -2.925684981865952494e+00
2.456034095914633841e+00 -3.095025024110567013e+00
2.336965170028606487e+00 -3.261331110043726333e+00
2.205925943223548291e+00 -3.423818096563497893e+00
2.062814185346846685e+00 -3.581657392606769630e+00
1.907570431795884591e+00 -3.733975350790355918e+00
1.740184361853738926e+00 -3.879851925505989119e+00
1.560702135354945064e+00 -4.018319748793365953e+00
1.369234772504998032e+00 -4.148363813921462473e+00
1.165967644304832129e+00 -4.268922000286710094e+00
9.511711125291162361e-01 -4.378886721225505596e+00
7.252123155391422271e-01 -4.477108027099927057e+00
4.885680360754706131e-01 -4.562398546957852297e+00
2.418385062318174628e-01 -4.633540699234317550e+00
-1.423809993957977742e-02 -4.689296639706356906e+00
-2.787708663881147686e-01 -4.728421435634870384e+00
-5.507015647064761321e-01 -4.749679949007068025e+00
-8.287910313867150602e-01 -4.751867867289893965e+00
-1.111607408971191813e+00 -4.733837223827787710e+00
-1.397517371549805487e+00 -4.694526588168931980e+00
-1.684681646767879792e+00 -4.632995866654687767e+00
-1.971056300112783433e+00 -4.548465326929354013e+00
-2.254401329840790780e+00 -4.440358045369030116e+00
-2.532298093932511485e+00 -4.308344483985348639e+00
-2.802176913338980668e+00 -4.152387358883727231e+00
-3.061355831922767834e+00 -3.972784410330003180e+00
-3.307090938712414996e+00 -3.770206189042760059e+00
-3.536637870504887093e+00 -3.545725615449653922e+00
-3.747323142726551204e+00 -3.300835938268079417e+00
-3.936622873235700037e+00 -3.037453901439941095e+00
-4.102245377181413133e+00 -2.757905487353389251e+00
-4.242213163588510305e+00 -2.464892560494126084e+00
-4.354939213352467142e+00 -2.161440051195044898e+00
-4.439292209151084911e+00 -1.850824888396320089e+00
-4.494645722316454872e+00 -1.536489544916879391e+00
-4.520907269641734061e+00 -1.221944588123684339e+00
-4.518524574196476351e+00 -9.106658147924803215e-01
-4.488468148650326839e+00 -6.059922070359690105e-01
-4.432191248742539891e+00 -3.110309648240347502e-01
-4.351570069043875222e+00 -2.857523637036429864e-02
-4.248828539426718010e+00 2.389610302705615918e-01
-4.126453053964321604e+00 4.895882787347943799e-01
-3.987102837562542579e+00 7.217654977723371168e-01
-3.833521439295771494e+00 9.344039479787686897e-01
-3.668454129428841970e+00 1.126852510477995617e+00
-3.494574920694634823e+00 1.298867757319758232e+00
-3.314425707583046776e+00 1.450572452005512769e+00
-3.130368784848911012e+00 1.582406367848170126e+00
-2.944552899855188421e+00 1.695073127817266823e+00
-2.758892099219326433e+00 1.789486318939027987e+00
-2.575055988473515800e+00 1.866717523080803298e+00
-2.394469634258260538e+00 1.927948231683888514e+00
-2.218321173512513234e+00 1.974426953185628442e+00
-2.047575208333140662e+00 2.007432233181708714e+00
-1.882990208056663617e+00 2.028241820150350705e+00
-1.725138363317750612e+00 2.038107835385394306e+00
-1.574426599179667541e+00 2.038237541637082817e+00
-1.431117724125974267e+00 2.029779138441914377e+00
-1.295350946584941765e+00 2.013811926030351085e+00
-1.167161217134910389e+00 1.991340155491142960e+00
-1.046497045919465352e+00 1.963289902998850200e+00
-9.332365994699856060e-01 1.930508355166611345e+00
-8.272020008644916933e-01 1.893764958662182973e+00
-7.281718457180104132e-01 1.853753960761218789e+00
-6.358920086144036476e-01 1.811097941819707957e+00
-5.500848551721971846e-01 1.766352011284680001e+00
-4.704569986444316343e-01 1.720008403158098442e+00
-3.967057509188207098e-01 1.672501263437202290e+00
-3.285244195078892426e-01 1.624211470565660953e+00
-2.656065974459236312e-01 1.575471370554845763e+00
-2.076495841799177455e-01 1.526569341763324816e+00
-1.543570642608007859e-01 1.477754131146526095e+00
-1.054411581668356912e-01 1.429238924976170333e+00
-6.062394681759471909e-02 1.381205133444927124e+00
-1.963855887396641006e-02 1.333805881026851603e+00
1.777010184143389820e-02 1.287169203687874575e+00
5.184492229871753149e-02 1.241400960670162368e+00
8.281638287074215288e-02 1.196587473152872505e+00
1.109025485898364194e-01 1.152797905073812412e+00
1.363092087013591802e-01 1.110086403155627455e+00
1.592301308302639384e-01 1.068494014019266691e+00
1.798474018283546527e-01 1.028050396428896729e+00
1.983318322949107759e-01 9.887753463875618154e-01
2.148434059526002360e-01 9.506801521409615763e-01
2.295317586024878398e-01 9.137687952626043497e-01
2.425366743599758623e-01 8.780390129745483385e-01
2.539885893644204251e-01 8.434832357690966731e-01
2.640090952281428649e-01 8.100894132859757235e-01
2.727114362072415310e-01 7.778417403008537345e-01
2.802009954910943956e-01 7.467212936183551530e-01
2.865757671668696660e-01 7.167065896516869872e-01
2.919268113605065218e-01 6.877740715213653822e-01
2.963386908213791471e-01 6.598985336225653420e-01
2.998898878341065832e-01 6.330534907962376279e-01
3.026532008330426460e-01 6.072114984930384596e-01
3.046961204842733029e-01 5.823444296392862318e-01
3.060811853045726227e-01 5.584237132975091722e-01
3.068663171218075081e-01 5.354205396570013153e-01
3.071051368594750475e-01 5.133060353879829174e-01
3.068472612599460470e-01 4.920514129422450811e-01
3.061385812553849006e-01 4.716280969793173461e-01
3.050215227595192147e-01 4.520078307359833847e-01
3.035352906934903339e-01 4.331627648345949266e-01
3.017160970798752895e-01 4.150655307381658776e-01
2.995973740447812617e-01 3.976893008043882460e-01
2.972099725619729016e-01 3.810078366631308722e-01
2.945823477580954974e-01 3.649955274398486993e-01
2.917407315764006248e-01 3.496274191678603316e-01
2.887092935697908591e-01 3.348792365732830012e-01
2.855102905639343436e-01 3.207273982753204300e-01
2.821642058988190760e-01 3.071490263195900683e-01
2.786898789233669405e-01 2.941219508515154901e-01
2.751046253833308586e-01 2.816247106388443666e-01
2.714243493082423853e-01 2.696365500657177394e-01
2.676636469690921172e-01 2.581374131441006581e-01
2.638359034450755702e-01 2.471079350206639713e-01
2.599533823053383763e-01 2.365294313973944074e-01
2.560273088804265185e-01 2.263838862313646005e-01
2.520679475681832371e-01 2.166539380324609132e-01
2.480846735902398348e-01 2.073228650367159309e-01
2.440860395880543321e-01 1.983745694965914630e-01
2.400798374216765729e-01 1.897935612975656938e-01
2.360731555100695767e-01 1.815649410821847110e-01
2.320724320288542752e-01 1.736743830379152698e-01
2.280835042597511020e-01 1.661081174832879925e-01
2.241116543657158400e-01 1.588529133676122307e-01
2.201616518467553463e-01 1.518960607826596865e-01
2.162377929136199695e-01 1.452253535698946885e-01
2.123439369999285953e-01 1.388290720938269440e-01
2.084835406177471817e-01 1.326959662406728968e-01
2.046596887471444082e-01 1.268152386915433194e-01
2.008751239367284336e-01 1.211765285106602974e-01
1.971322732795827426e-01 1.157698950815073818e-01
1.934332734172871937e-01 1.105858024171885307e-01
1.897799937138079096e-01 1.056151038655138014e-01
1.861740577308897693e-01 1.008490272243329350e-01
1.826168631271520570e-01 9.627916027831173729e-02
1.791096000943232236e-01 9.189743676461360755e-02
1.756532684359030927e-01 8.769612277173671755e-02
1.722486933859799785e-01 8.366780357300644677e-02
1.688965402589010512e-01 7.980537089387114424e-02
1.655973280139776405e-01 7.610201061015992030e-02
1.623514418133493453e-01 7.255119087277317469e-02
1.591591446455155323e-01 6.914665065287226020e-02
1.560205880818278101e-01 6.588238870046045359e-02
1.529358222283966617e-01 6.275265290828671572e-02
1.499048049313807252e-01 5.975193007222752428e-02
1.469274102894588541e-01 5.687493603867994213e-02
1.440034365234206526e-01 5.411660622901774687e-02
1.411326132492277119e-01 5.147208653080422719e-02
1.383146081975704655e-01 4.893672454519546605e-02
1.355490334198596880e-01 4.650606117980361776e-02
1.328354510177287284e-01 4.417582257619799557e-02
1.301733784304659747e-01 4.194191236119935301e-02
1.275622933123332914e-01 3.980040421115687427e-02
1.250016380294370621e-01 3.774753471847601405e-02
1.224908238036988978e-01 3.577969654978931796e-02
1.200292345295033009e-01 3.389343188531785539e-02
1.176162302867697074e-01 3.208542612915134956e-02
1.152511505725046792e-01 3.035250188038670499e-02
1.129333172713108402e-01 2.869161315528457115e-02
1.106620373838733684e-01 2.709983985084796557e-02
1.084366055310836408e-01 2.557438244047561746e-02
1.062563062502043104e-01 2.411255689260319648e-02
1.041204160983081328e-01 2.271178980351177407e-02
1.020282055771407625e-01 2.136961373575212500e-02
9.997894089254651118e-02 2.008366275390489203e-02
9.797188556066321885e-02 1.885166814966808546e-02
9.600630187222117251e-02 1.767145434853490543e-02
9.408145222547509290e-02 1.654093499059169914e-02
9.219660033754779882e-02 1.545810917823305791e-02
9.035101234326835262e-02 1.442105788385002023e-02
8.854395778993973121e-02 1.342794051080537475e-02
8.677471053587129668e-02 1.247699160126020113e-02
8.504254955995063647e-02 1.156651768466101723e-02
8.334675968901385235e-02 1.069489426093709478e-02
8.168663224928812694e-02 9.860562912688997095e-03
8.006146564773380936e-02 9.062028540876929800e-03
7.847056588869734395e-02 8.297856718736194848e-03
7.691324703089748305e-02 7.566671158860044551e-03
7.538883158941053764e-02 6.867151288596586023e-03
7.389665088698268991e-02 6.198029929104940418e-03
7.243604535868967964e-02 5.558091073608440770e-03
7.100636481367343655e-02 4.946167760568295421e-03
6.960696865741684836e-02 4.361140037679662670e-03
6.823722607776977478e-02 3.801933012765171694e-03
6.689651619770536906e-02 3.267514987806021884e-03
6.558422819757069033e-02 2.756895672511041739e-03
6.429976140939629159e-02 2.269124473977496975e-03
6.304252538564046604e-02 1.803288859144447538e-03
6.181193994457285373e-02 1.358512786882107087e-03
6.060743519433962889e-02 9.339552066955288416e-04
5.942845153760238641e-02 5.288086211526694166e-04
5.827443965850497010e-02 1.422977092708668887e-04
5.714486049359085440e-02 -2.263219917830832349e-04
5.603918518817509187e-02 -5.777653492096474679e-04
5.495689503956192878e-02 -9.127188437299182597e-04
5.389748142839521222e-02 -1.231841727689845459e-03
5.286044573933192103e-02 -1.535767134328499444e-03
5.184529927213950978e-02 -1.825103140326382470e-03
5.085156314423430052e-02 -2.100433783657257650e-03
4.987876818559872777e-02 -2.362320038678213194e-03
4.892645482694617243e-02 -2.611300750307586020e-03
4.799417298193226628e-02 -2.847893529059122245e-03
4.708148192414993854e-02 -3.072595608623291102e-03
4.618795015958861855e-02 -3.285884667611707870e-03
4.531315529518251811e-02 -3.488219617010351967e-03
4.445668390402446324e-02 -3.680041354818442204e-03
4.361813138777395626e-02 -3.861773489285398858e-03
4.279710183674627355e-02 -4.033823032095947177e-03
4.199320788812853367e-02 -4.196581062793997875e-03
4.120607058273179080e-02 -4.350423365679348744e-03
4.043531922065381201e-02 -4.495711040356666251e-03
3.968059121619536833e-02 -4.632791087064646110e-03
3.894153195234243553e-02 -4.761996967863575854e-03
3.821779463510047853e-02 -4.883649144712067305e-03
3.750904014793991076e-02 -4.998055595418670477e-03
3.681493690658978191e-02 -5.105512308410629918e-03
3.613516071439345362e-02 -5.206303757220919447e-03
3.546939461842064933e-02 -5.300703355555009405e-03
3.481732876651125880e-02 -5.388973893761298505e-03
3.417866026540824359e-02 -5.471367957493090441e-03
3.355309304012226573e-02 -5.548128329315216850e-03
3.294033769465416067e-02 -5.619488373976180492e-03
3.234011137418903864e-02 -5.685672408034536836e-03
3.175213762886219815e-02 -5.746896054498800907e-03
3.117614627918556883e-02 -5.803366583110988221e-03
3.061187328321278781e-02 -5.855283236876960076e-03
3.005906060551063325e-02 -5.902837545420150205e-03
2.951745608799579909e-02 -5.946213625710437128e-03
2.898681332268723473e-02 -5.985588470696046395e-03
2.846689152641609238e-02 -6.021132226343352267e-03
2.795745541752948926e-02 -6.053008457567773080e-03
2.745827509461591306e-02 -6.081374403518023317e-03
2.696912591727567213e-02 -6.106381222656150597e-03
2.648978838895309565e-02 -6.128174228056514766e-03
2.602004804184288728e-02 -6.146893113328951753e-03
2.555969532387799420e-02 -6.162672169553717536e-03
2.510852548780234672e-02 -6.175640493599396201e-03
2.466633848232761828e-02 -6.185922188178802350e-03
2.423293884537050871e-02 -6.193636553983134299e-03
2.380813559936240803e-02 -6.198898274219500834e-03
2.339174214862208695e-02 -6.201817591863764689e-03
2.298357617877828246e-02 -6.202500479926840136e-03
2.258345955822696136e-02 -6.201048805020095527e-03
2.219121824160639675e-02 -6.197560484493509075e-03
2.180668217527051422e-02 -6.192129637408412719e-03
2.142968520474003435e-02 -6.184846729595601736e-03
2.106006498410892269e-02 -6.175798713039300919e-03
2.069766288738249249e-02 -6.165069159816783523e-03
2.034232392172253753e-02 -6.152738390814335365e-03
1.999389664257321397e-02 -6.138883599430478705e-03
1.965223307064150812e-02 -6.123578970468949306e-03
1.931718861070441662e-02 -6.106895794415092941e-03
1.898862197221470177e-02 -6.088902577281313233e-03
1.866639509167683161e-02 -6.069665146199705250e-03
1.835037305676360392e-02 -6.049246750932174392e-03
1.804042403214435597e-02 -6.027708161461549537e-03
1.773641918699467648e-02 -6.005107761820239684e-03
1.743823262415793510e-02 -5.981501640306573567e-03
1.714574131092850770e-02 -5.956943676232699311e-03
1.685882501142640585e-02 -5.931485623341930385e-03
1.657736622053337244e-02 -5.905177190027762792e-03
1.630125009936037386e-02 -5.878066116481459394e-03
1.603036441221628028e-02 -5.850198248889505390e-03
1.576459946504809098e-02 -5.821617610797783296e-03
1.550384804532292486e-02 -5.792366471753932974e-03
1.524800536332235508e-02 -5.762485413335381029e-03
1.499696899481977978e-02 -5.732013392665566941e-03
1.475063882511203940e-02 -5.700987803517200067e-03
1.450891699437636788e-02 -5.669444535096955506e-03
1.427170784432468635e-02 -5.637418028602466692e-03
1.403891786612686612e-02 -5.604941331638566004e-03
1.381045564957564253e-02 -5.572046150576364515e-03
1.358623183346568952e-02 -5.538762900935215346e-03
1.336615905716012458e-02 -5.505120755864555473e-03
1.315015191331784551e-02 -5.471147692799317036e-03
1.293812690175572509e-02 -5.436870538359756845e-03
1.273000238441991325e-02 -5.402315011563681851e-03
1.252569854144110380e-02 -5.367505765416277948e-03
1.232513732824888110e-02 -5.332466426940166496e-03
1.212824243372075984e-02 -5.297219635705778529e-03
1.193493923934211935e-02 -5.261787080919812926e-03
1.174515477935337594e-02 -5.226189537127083271e-03
1.155881770186135277e-02 -5.190446898579048444e-03
1.137585823089231132e-02 -5.154578212320015673e-03
1.119620812936440377e-02 -5.118601710040146871e-03
1.101980066295777348e-02 -5.082534838742335664e-03
1.084657056486103451e-02 -5.046394290268160256e-03
1.067645400137327664e-02 -5.010196029726441541e-03
1.050938853834103640e-02 -4.973955322866090156e-03
1.034531310841032767e-02 -4.937686762433353589e-03
1.018416797907415426e-02 -4.901404293551986369e-03
1.002589472149613761e-02 -4.865121238163320691e-03
9.870436180091750333e-03 -4.828850318561859166e-03
9.717736442848574907e-03 -4.792603680060451843e-03
9.567740812367784078e-03 -4.756392912817966091e-03
9.420395777609251106e-03 -4.720229072861002219e-03
9.275648986323041523e-03 -4.684122702329865905e-03
9.133449218150695506e-03 -4.648083848978095192e-03
8.993746358379683947e-03 -4.612122084953412110e-03
8.856491372335215800e-03 -4.576246524887079940e-03
8.721636280393662774e-03 -4.540465843317582038e-03
8.589134133602280285e-03 -4.504788291473411400e-03
8.458938989890380650e-03 -4.469221713438970879e-03
8.331005890857308763e-03 -4.433773561726523163e-03
8.205290839123019833e-03 -4.398450912276379368e-03
8.081750776227350150e-03 -4.363260478906475122e-03
7.960343561064413612e-03 -4.328208627231903624e-03
7.841027948838896755e-03 -4.293301388074005458e-03
7.723763570531240116e-03 -4.258544470377896747e-03
7.608510912859267096e-03 -4.223943273656719649e-03
7.495231298723729549e-03 -4.189502899980047414e-03
7.383886868125953164e-03 -4.155228165523256953e-03
7.274440559545734472e-03 -4.121123611694138024e-03
7.166856091768118373e-03 -4.087193515852244850e-03
7.061097946147877613e-03 -4.053441901635999878e-03
6.957131349300830526e-03 -4.019872548911992971e-03
6.854922256211351886e-03 -3.986489003360291390e-03
6.754437333745820331e-03 -3.953294585709199449e-03
6.655643944561742339e-03 -3.920292400632226747e-03
6.558510131402885135e-03 -3.887485345319674750e-03
6.463004601770698868e-03 -3.854876117736754509e-03
6.369096712962755980e-03 -3.822467224579659956e-03
6.276756457468966009e-03 -3.790260988940604477e-03
6.185954448716815893e-03 -3.758259557692511868e-03
6.096661907156815559e-03 -3.726464908603483329e-03
6.008850646679784850e-03 -3.694878857190925844e-03
5.922493061357726220e-03 -3.663503063324797041e-03
5.837562112500171638e-03 -3.632339037589102024e-03
5.754031316018249492e-03 -3.601388147410367838e-03
5.671874730088809213e-03 -3.570651622961603083e-03
5.591066943111132163e-03 -3.540130562849854237e-03
5.511583061948980254e-03 -3.509825939595186649e-03
5.433398700450928903e-03 -3.479738604908653998e-03
5.356489968242058447e-03 -3.449869294776509131e-03
5.280833459780287162e-03 -3.420218634357681878e-03
5.206406243670808585e-03 -3.390787142701219906e-03
5.133185852232253696e-03 -3.361575237290250276e-03
5.061150271308274828e-03 -3.332583238418647311e-03
4.990277930318630720e-03 -3.303811373406483065e-03
4.920547692543703749e-03 -3.275259780660061317e-03
4.851938845636793313e-03 -3.246928513582093574e-03
4.784431092358535330e-03 -3.218817544337453703e-03
4.718004541527932340e-03 -3.190926767479640349e-03
4.652639699184754445e-03 -3.163256003443038530e-03
4.588317459958009790e-03 -3.135805001905688470e-03
4.525019098635458224e-03 -3.108573445027315672e-03
4.462726261929292684e-03 -3.081560950567027116e-03
4.401420960433022680e-03 -3.054767074884998709e-03
4.341085560765030500e-03 -3.028191315832337669e-03
4.281702777894125060e-03 -3.001833115533097604e-03
4.223255667642685472e-03 -2.975691863062320756e-03
4.165727619363006340e-03 -2.949766897023829715e-03
4.109102348782680582e-03 -2.924057508031350366e-03
4.053363891014807874e-03 -2.898562941096416434e-03
3.998496593729089152e-03 -2.873282397926417951e-03
3.944485110479839865e-03 -2.848215039135977306e-03
3.891314394187114258e-03 -2.823359986374760627e-03
3.838969690767206257e-03 -2.798716324374706920e-03
3.787436532908936958e-03 -2.774283102919576291e-03
3.736700733992136085e-03 -2.750059338739552044e-03
3.686748382144929091e-03 -2.726044017333617998e-03
3.637565834436412484e-03 -2.702236094722261939e-03
3.589139711201489499e-03 -2.678634499133001039e-03
3.541456890494642119e-03 -2.655238132621129225e-03
3.494504502669551656e-03 -2.632045872628017112e-03
3.448269925081497850e-03 -2.609056573479154144e-03
3.402740776909652081e-03 -2.586269067824146020e-03
3.357904914096275766e-03 -2.563682168020666678e-03
3.313750424400111697e-03 -2.541294667464447359e-03
3.270265622561194067e-03 -2.519105341867174976e-03
3.227439045574374919e-03 -2.497112950484176291e-03
3.185259448069017400e-03 -2.475316237293700723e-03
3.143715797792291482e-03 -2.453713932129511759e-03
3.102797271193584536e-03 -2.432304751768470108e-03
3.062493249107656277e-03 -2.411087400974723169e-03
3.022793312534132436e-03 -2.390060573502035199e-03
2.983687238511111093e-03 -2.369222953055792526e-03
2.945164996080560597e-03 -2.348573214216083307e-03
2.907216742343420902e-03 -2.328110023323302913e-03
2.869832818602223012e-03 -2.307832039327582102e-03
2.833003746589163492e-03 -2.287737914603363721e-03
2.796720224777636543e-03 -2.267826295730373913e-03
2.760973124775233014e-03 -2.248095824242198233e-03
2.725753487796296008e-03 -2.228545137343634040e-03
2.691052521212138320e-03 -2.209172868597915514e-03
2.656861595177141457e-03 -2.189977648584957512e-03
2.623172239328889609e-03 -2.170958105531582347e-03
2.589976139560665885e-03 -2.152112865914834923e-03
2.557265134864579546e-03 -2.133440555039272258e-03
2.525031214243661504e-03 -2.114939797589230046e-03
2.493266513691361642e-03 -2.096609218156951417e-03
2.461963313236829442e-03 -2.078447441747445674e-03
2.431114034054478266e-03 -2.060453094260949157e-03
2.400711235636303689e-03 -2.042624802953767974e-03
2.370747613025539925e-03 -2.024961196878327478e-03
2.341215994110200632e-03 -2.007460907303155757e-03
2.312109336975112003e-03 -1.990122568113559653e-03
2.283420727311122767e-03 -1.972944816193679830e-03
2.255143375880121117e-03 -1.955926291790623106e-03
2.227270616034603048e-03 -1.939065638861325403e-03
2.199795901290533141e-03 -1.922361505402773053e-03
2.172712802952255287e-03 -1.905812543766214782e-03
2.146015007788265941e-03 -1.889417410955936604e-03
2.119696315756687630e-03 -1.873174768913174687e-03
2.093750637779300417e-03 -1.857083284785738002e-03
2.068171993563015874e-03 -1.841141631183842520e-03
2.042954509467710244e-03 -1.825348486422686493e-03
2.018092416419371617e-03 -1.809702534752267696e-03
1.993580047867503802e-03 -1.794202466574905397e-03
1.969411837785810682e-03 -1.778846978650938443e-03
1.945582318715150145e-03 -1.763634774293048766e-03
1.922086119847809128e-03 -1.748564563549621443e-03
1.898917965152179931e-03 -1.733635063377583644e-03
1.876072671536885457e-03 -1.718844997805094163e-03
1.853545147053506370e-03 -1.704193098084488996e-03
1.831330389137007927e-03 -1.689678102835852260e-03
1.809423482883019919e-03 -1.675298758181559830e-03
1.787819599361168505e-03 -1.661053817872160413e-03
1.766513993963608840e-03 -1.646942043403918244e-03
1.745502004788009303e-03 -1.632962204128339404e-03
1.724779051054180050e-03 -1.619113077354002910e-03
1.704340631553619666e-03 -1.605393448440982796e-03
1.684182323131232055e-03 -1.591802110888160650e-03
1.664299779198504274e-03 -1.578337866413723504e-03
1.644688728277434071e-03 -1.564999525029072813e-03
1.625344972574529947e-03 -1.551785905106461971e-03
1.606264386584218022e-03 -1.538695833440562521e-03
1.587442915721003038e-03 -1.525728145304241579e-03
1.568876574979742285e-03 -1.512881684498756929e-03
1.550561447623415327e-03 -1.500155303398611334e-03
1.532493683897779126e-03 -1.487547862991278787e-03
1.514669499772324825e-03 -1.475058232912005232e-03
1.497085175706945517e-03 -1.462685291473908621e-03
1.479737055443755556e-03 -1.450427925693542879e-03
1.462621544823514749e-03 -1.438285031312140465e-03
1.445735110626110995e-03 -1.426255512812705248e-03
1.429074279434569463e-03 -1.414338283433123986e-03
1.412635636522100195e-03 -1.402532265175483739e-03
1.396415824761642254e-03 -1.390836388811736608e-03
1.380411543557455564e-03 -1.379249593885887876e-03
1.364619547798249762e-03 -1.367770828712847183e-03
1.349036646831394941e-03 -1.356399050374096490e-03
1.333659703457763671e-03 -1.345133224710307529e-03
1.318485632946738524e-03 -1.333972326311054458e-03
1.303511402070975725e-03 -1.322915338501746193e-03
1.288734028160468028e-03 -1.311961253327906989e-03
1.274150578175521284e-03 -1.301109071536924117e-03
1.259758167798209283e-03 -1.290357802557387306e-03
1.245553960541932823e-03 -1.279706464476120138e-03
