npts 513 dfreq 1.000000000000000021e-02
0.000000000000000000e+00 0.000000000000000000e+00
1.268266170579158106e-15 -1.806523675233295107e-15
4.254981190342395759e-14 -3.524917415890285579e-13
-1.218080361116820733e-12 -6.260209443887427013e-12
-2.055160247595197301e-11 -4.367893047022983220e-11
-1.401683103962736543e-10 -1.811367879196646985e-10
-6.147285145235833700e-10 -5.267503415974349972e-10
-2.033000788722026130e-09 -1.146725442043351783e-09
-5.490259699773429367e-09 -1.846306489068977289e-09
-1.268071172156882574e-08 -1.778986311681867232e-09
-2.578859669564178288e-08 1.091857383713453346e-09
-4.706526826035158822e-08 1.057487094250818528e-08
-7.804092639898604218e-08 3.269877417288409771e-08
-1.184261440150270898e-07 7.581776032595274445e-08
-1.648779441104136409e-07 1.502024725590312124e-07
-2.098919913807509761e-07 2.670508356517422061e-07
-2.410977423122279082e-07 4.369975803883423370e-07
-2.411659754744045114e-07 6.683345227835602110e-07
-1.884105932290655136e-07 9.652298161646651528e-07
-5.802337511589632849e-08 1.326232581987975872e-06
1.762340800195106503e-07 1.743279542528918087e-06
5.401162549775008089e-07 2.201313632689739673e-06
1.056993867738355751e-06 2.678516292711089746e-06
1.746163115023522565e-06 3.147070862810726448e-06
2.621495973599458682e-06 3.574325017903496410e-06
3.690498523233255835e-06 3.924203760858203335e-06
4.953789342136973267e-06 4.158732508697047409e-06
6.404970291796479052e-06 4.239552040651618758e-06
8.030837444885748419e-06 4.129334961015955224e-06
9.811867857170933580e-06 3.793041096159968460e-06
1.172291489830749971e-05 3.198973751505447812e-06
1.373404777197948338e-05 2.319618760219820366e-06
1.581147720354693313e-05 1.132263661212215365e-06
1.791851731598978243e-05 -3.805943884874259875e-07
2.001654231711020131e-05 -2.231035571688266653e-06
2.206590508218782569e-05 -4.425677861097730541e-06
2.402679262642803731e-05 -6.965786808776142936e-06
2.586000059562857414e-05 -9.847509450190359144e-06
2.752761515258955144e-05 -1.306220730998434567e-05
2.899359596536211779e-05 -1.659686464889883743e-05
3.022425842360444280e-05 -2.043454990206958349e-05
3.118865676510628891e-05 -2.455491049751088836e-05
3.185887255144315247e-05 -2.893468372269080720e-05
3.221021496915347213e-05 -3.354820887714452839e-05
3.222134083820503306e-05 -3.836792849351585810e-05
3.187430307334689593e-05 -4.336486884074057117e-05
3.115453675587946929e-05 -4.850909217896936534e-05
3.005079201902681821e-05 -5.377011527542987601e-05
2.855502270872046334e-05 -5.911729049079344437e-05
2.666223932451798373e-05 -6.452014729822435723e-05
2.437033413507210802e-05 -6.994869340484924727e-05
2.167988565238748432e-05 -7.537367571896999325e-05
1.859394888341476022e-05 -8.076680226285958485e-05
1.511783699219040608e-05 -8.610092679105086472e-05
1.125889922882738777e-05 -9.135019836027084719e-05
7.026299234375682345e-06 -9.649017843280887198e-05
2.430797128112205865e-06 -1.014979283029457239e-04
-2.515461863649877276e-06 -1.063520697377489424e-04
-7.799150064596746491e-06 -1.110328217390407622e-04
-1.340594964140345515e-05 -1.155220162806719022e-04
-1.932073334170272656e-05 -1.198030957702984618e-04
-2.552773288297422938e-05 -1.238610948414300777e-04
-3.201069453642675010e-05 -1.276826089113156852e-04
-3.875302173345759660e-05 -1.312557517530282250e-04
-4.573790475589182154e-05 -1.345701041339098631e-04
-5.294843775994278551e-05 -1.376166553737631442e-04
-6.036772353276637418e-05 -1.403877394798410045e-04
-6.797896649455018243e-05 -1.428769673256256661e-04
-7.576555454302116659e-05 -1.450791561593707784e-04
-8.371113039547348374e-05 -1.469902575583829875e-04
-9.179965311997127949e-05 -1.486072847872544971e-04
-1.000154505659210094e-04 -1.499282403734012153e-04
-1.083432634080173923e-04 -1.509520445815516266e-04
-1.167682815095243679e-04 -1.516784653501248963e-04
-1.252761732934618401e-04 -1.521080501463596951e-04
-1.338531087857270025e-04 -1.522420601030259873e-04
-1.424857769643001642e-04 -1.520824067168686513e-04
-1.511613980150619877e-04 -1.516315913167978259e-04
-1.598677310586723178e-04 -1.508926474474294008e-04
-1.685930778754960672e-04 -1.498690862600384301e-04
-1.773262831176022545e-04 -1.485648449574681251e-04
-1.860567314590860452e-04 -1.469842383012399207e-04
-1.947743420989387112e-04 -1.451319131572343475e-04
-2.034695609948195135e-04 -1.430128060301406141e-04
-2.121333511716917252e-04 -1.406321035157125944e-04
-2.207571814165989208e-04 -1.379952055830927816e-04
-2.293330136400035634e-04 -1.351076915864939977e-04
-2.378532891552117656e-04 -1.319752888958465587e-04
-2.463109141004614128e-04 -1.286038440291426401e-04
-2.546992442032959807e-04 -1.249992961647361685e-04
-2.630120690638189764e-04 -1.211676529093822402e-04
-2.712435961122814493e-04 -1.171149681970315171e-04
-2.793884343771371129e-04 -1.128473221940028267e-04
-2.874415781820967514e-04 -1.083708030879159594e-04
-2.953983908747356206e-04 -1.036914906404235603e-04
-3.032545886748011055e-04 -9.881544138719042356e-05
-3.110062247173363292e-04 -9.374867537249824000e-05
-3.186496733540942214e-04 -8.849716431023950348e-05
-3.261816147662663086e-04 -8.306682106771539817e-05
-3.335990199322452689e-04 -7.746349037351631583e-05
-3.408991359858980826e-04 -7.169294065573500344e-05
-3.480794719934879127e-04 -6.576085692176552797e-05
-3.551377851709644311e-04 -5.967283459593791963e-05
-3.620720675576694319e-04 -5.343437423616034809e-05
-3.688805331575602882e-04 -4.705087705556209942e-05
-3.755616055547660037e-04 -4.052764117982193717e-05
-3.821139060065408466e-04 -3.386985857539958196e-05
-3.885362420135058965e-04 -2.708261258824519151e-05
-3.948275963643011421e-04 -2.017087603674283367e-05
-4.009871166494679185e-04 -1.313950980662295328e-05
-4.070141052374097457e-04 -5.993261899364668681e-06
-4.129080097036638415e-04 1.263233110798488081e-06
-4.186684137033647754e-04 8.625454252776252657e-06
-4.242950282757146580e-04 1.608899400572517857e-05
-4.297876835683990386e-04 2.364955785266768188e-05
-4.351463209692443173e-04 3.130296357311216228e-05
-4.403709856319106019e-04 3.904514030452775787e-05
-4.454618193820841245e-04 4.687212740006361725e-05
-4.504190539904200704e-04 5.478007310760006610e-05
-4.552430047983911003e-04 6.276523309308700016e-05
-4.599340646831908287e-04 7.082396882912645798e-05
-4.644926983479304248e-04 7.895274586791609420e-05
-4.689194369235027363e-04 8.714813201595402229e-05
-4.732148728687000211e-04 9.540679542632037871e-05
-4.773796551554380365e-04 1.037255026228867523e-04
-4.814144847261944541e-04 1.121011164694449584e-04
-4.853201102111502326e-04 1.205305940955048464e-04
-4.890973238928153152e-04 1.290109847893546502e-04
-4.927469579063252936e-04 1.375394278679166601e-04
-4.962698806639686449e-04 1.461131505319653533e-04
-4.996669934928871975e-04 1.547294657143684794e-04
-5.029392274752994378e-04 1.633857699282040049e-04
-5.060875404809964465e-04 1.720795411208426908e-04
-5.091129143822595120e-04 1.808083365394115127e-04
-5.120163524417330365e-04 1.895697906124068418e-04
-5.147988768642083185e-04 1.983616128516691053e-04
-5.174615265036325599e-04 2.071815857783990882e-04
-5.200053547170438569e-04 2.160275628764152472e-04
-5.224314273575268210e-04 2.248974665754296031e-04
-5.247408208986019092e-04 2.337892862667098344e-04
-5.269346206828513140e-04 2.427010763531524309e-04
-5.290139192879134231e-04 2.516309543354591565e-04
-5.309798150032846945e-04 2.605770989358143028e-04
-5.328334104117290419e-04 2.695377482602070822e-04
-5.345758110693574249e-04 2.785111980002896162e-04
-5.362081242787700413e-04 2.874957996754589598e-04
-5.377314579499027766e-04 2.964899589156510260e-04
-5.391469195435379981e-04 3.054921337851666829e-04
-5.404556150926424166e-04 3.145008331476941733e-04
-5.416586482969956056e-04 3.235146150725492142e-04
-5.427571196867829939e-04 3.325320852820481000e-04
-5.437521258510586266e-04 3.415518956397973495e-04
-5.446447587272122953e-04 3.505727426796089504e-04
-5.454361049477625574e-04 3.595933661746558751e-04
-5.461272452410212679e-04 3.686125477464114201e-04
-5.467192538823350580e-04 3.776291095128544995e-04
-5.472131981928151940e-04 3.866419127753623606e-04
-5.476101380826073296e-04 3.956498567436682844e-04
-5.479111256359569257e-04 4.046518772982344507e-04
-5.481172047354245609e-04 4.136469457893228799e-04
-5.482294107228090742e-04 4.226340678720643253e-04
-5.482487700944273408e-04 4.316122823767624896e-04
-5.481763002285634095e-04 4.405806602136810748e-04
-5.480130091430053356e-04 4.495383033115316301e-04
-5.477598952807120718e-04 4.584843435888809760e-04
-5.474179473217755153e-04 4.674179419576799071e-04
-5.469881440199189171e-04 4.763382873581204586e-04
-5.464714540619177103e-04 4.852445958240321662e-04
-5.458688359483729411e-04 4.941361095780106736e-04
-5.451812378944061567e-04 5.030120961554989832e-04
-5.444095977488889451e-04 5.118718475570355197e-04
-5.435548429309284202e-04 5.207146794278842087e-04
-5.426178903823931530e-04 5.295399302642942937e-04
-5.415996465353376671e-04 5.383469606456201114e-04
-5.405010072932491015e-04 5.471351524915540237e-04
-5.393228580251164085e-04 5.559039083437515138e-04
-5.380660735713616982e-04 5.646526506711128154e-04
-5.367315182607516237e-04 5.733808211980250154e-04
-5.353200459374416126e-04 5.820878802548590334e-04
-5.338324999973779539e-04 5.907733061500576198e-04
-5.322697134333089939e-04 5.994365945631420587e-04
-5.306325088877172956e-04 6.080772579579830439e-04
-5.289216987130169285e-04 6.166948250157182733e-04
-5.271380850384166502e-04 6.252888400866866243e-04
-5.252824598428604752e-04 6.338588626607747929e-04
-5.233556050335268391e-04 6.424044668556057802e-04
-5.213582925293684363e-04 6.509252409219735665e-04
-5.192912843492316190e-04 6.594207867659922792e-04
-5.171553327041106176e-04 6.678907194873983473e-04
-5.149511800931267551e-04 6.763346669334955241e-04
-5.126795594028436430e-04 6.847522692682240977e-04
-5.103411940095589454e-04 6.931431785558555539e-04
-5.079367978842385615e-04 7.015070583588399813e-04
-5.054670756997719757e-04 7.098435833493312291e-04
-5.029327229402612461e-04 7.181524389339385712e-04
-5.003344260120682436e-04 7.264333208912691388e-04
-4.976728623563583071e-04 7.346859350218214743e-04
-4.949487005629130652e-04 7.429099968098389203e-04
-4.921626004849796471e-04 7.511052310967032556e-04
-4.893152133549563557e-04 7.592713717654822787e-04
-4.864071819007241993e-04 7.674081614362749607e-04
-4.834391404624413784e-04 7.755153511719628783e-04
-4.804117151096357649e-04 7.835927001940399574e-04
-4.773255237584463507e-04 7.916399756081591611e-04
-4.741811762888689793e-04 7.996569521390889694e-04
-4.709792746618762013e-04 8.076434118747394253e-04
-4.677204130362831009e-04 8.155991440189591614e-04
-4.644051778852642813e-04 8.235239446528130544e-04
-4.610341481123956435e-04 8.314176165040345484e-04
-4.576078951671454448e-04 8.392799687243822446e-04
-4.541269831597187934e-04 8.471108166746419603e-04
-4.505919689751750772e-04 8.549099817169898696e-04
-4.470034023867493168e-04 8.626772910144888274e-04
-4.433618261683059942e-04 8.704125773374556075e-04
-4.396677762058725028e-04 8.781156788764824320e-04
-4.359217816081853219e-04 8.857864390618621232e-04
-4.321243648162092360e-04 8.934247063892194465e-04
-4.282760417115815126e-04 9.010303342511261646e-04
-4.243773217239400568e-04 9.086031807744946722e-04
-4.204287079370932589e-04 9.161431086635480085e-04
-4.164306971940174391e-04 9.236499850481920144e-04
-4.123837802006335355e-04 9.311236813375889506e-04
-4.082884416283451452e-04 9.385640730787495620e-04
-4.041451602153240405e-04 9.459710398199959198e-04
-3.999544088665149175e-04 9.533444649791032472e-04
-3.957166547523462575e-04 9.606842357159739269e-04
-3.914323594061346707e-04 9.679902428096817104e-04
-3.871019788201766508e-04 9.752623805397458339e-04
-3.827259635405087118e-04 9.825005465714758794e-04
-3.783047587603398658e-04 9.897046418452658430e-04
-3.738388044121509655e-04 9.968745704696793317e-04
-3.693285352584481721e-04 1.004010239618227229e-03
-3.647743809811841557e-04 1.011111559429674111e-03
-3.601767662698417702e-04 1.018178442911789501e-03
-3.555361109081747262e-04 1.025210805848398568e-03
-3.508528298596249413e-04 1.032208566709632517e-03
-3.461273333514051833e-04 1.039171646565268965e-03
-3.413600269572671726e-04 1.046099969001054947e-03
-3.365513116789481504e-04 1.052993460037905454e-03
-3.317015840263180847e-04 1.059852048053890310e-03
-3.268112360962221476e-04 1.066675663708907280e-03
-3.218806556500441052e-04 1.073464239871949229e-03
-3.169102261899822714e-04 1.080217711550880352e-03
-3.119003270340661607e-04 1.086936015824631905e-03
-3.068513333899173102e-04 1.093619091777744794e-03
-3.017636164272618593e-04 1.100266880437160378e-03
-2.966375433492221547e-04 1.106879324711206990e-03
-2.914734774623813649e-04 1.113456369330687859e-03
-2.862717782456541157e-04 1.119997960792009284e-03
-2.810328014179583247e-04 1.126504047302271218e-03
-2.757568990047196741e-04 1.132974578726272117e-03
-2.704444194032098081e-04 1.139409506535338495e-03
-2.650957074467355469e-04 1.145808783757928462e-03
-2.597111044677064928e-04 1.152172364931963906e-03
-2.542909483595723569e-04 1.158500206058802858e-03
-2.488355736376702274e-04 1.164792264558819511e-03
-2.433453114989758193e-04 1.171048499228532916e-03
-2.378204898807907144e-04 1.177268870199223204e-03
-2.322614335183666222e-04 1.183453338896991525e-03
-2.266684640014983215e-04 1.189601868004224036e-03
-2.210418998300801310e-04 1.195714421422388153e-03
-2.153820564686595744e-04 1.201790964236145679e-03
-2.096892463999971306e-04 1.207831462678708202e-03
-2.039637791776403354e-04 1.213835884098425893e-03
-1.982059614775403698e-04 1.219804196926533354e-03
-1.924160971487166654e-04 1.225736370646039308e-03
-1.865944872629873060e-04 1.231632375761716964e-03
-1.807414301637812193e-04 1.237492183771138690e-03
-1.748572215140492873e-04 1.243315767136752388e-03
-1.689421543432817496e-04 1.249103099258935161e-03
-1.629965190936533115e-04 1.254854154450004561e-03
-1.570206036653107838e-04 1.260568907909160935e-03
-1.510146934608095693e-04 1.266247335698310588e-03
-1.449790714287283789e-04 1.271889414718763893e-03
-1.389140181064552645e-04 1.277495122688757393e-03
-1.328198116621809104e-04 1.283064438121786456e-03
-1.266967279360966625e-04 1.288597340305713129e-03
-1.205450404808214456e-04 1.294093809282625789e-03
-1.143650206010623398e-04 1.299553825829437119e-03
-1.081569373925302693e-04 1.304977371439163198e-03
-1.019210577801175525e-04 1.310364428302899500e-03
-9.565764655535624681e-05 1.315714979292443741e-03
-8.936696641316474205e-05 1.321029007943555142e-03
-8.304927798789643893e-05 1.326306498439827142e-03
-7.670483988870749467e-05 1.331547435597148395e-03
-7.033390873424709118e-05 1.336751804848738826e-03
-6.393673918669600298e-05 1.341919592230740588e-03
-5.751358398514853828e-05 1.347050784368329862e-03
-5.106469397836265459e-05 1.352145368462364262e-03
-4.459031815688432697e-05 1.357203332276510962e-03
-3.809070368456129362e-05 1.362224664124870969e-03
-3.156609592944953309e-05 1.367209352860056151e-03
-2.501673849413294076e-05 1.372157387861721190e-03
-1.844287324546164258e-05 1.377068759025537907e-03
-1.184474034372040299e-05 1.381943456752572673e-03
-5.222578271239804595e-06 1.386781471939082773e-03
1.423376139544601687e-06 1.391582795966699601e-03
8.092887678565662614e-06 1.396347420692992634e-03
1.478572273113344933e-05 1.401075338442392274e-03
2.150164925145615195e-05 1.405766541997475680e-03
2.824043673667366491e-05 1.410421024590588056e-03
3.500185620139044585e-05 1.415038779895792017e-03
4.178568015269424387e-05 1.419619802021139391e-03
4.859168256566235298e-05 1.424164085501249642e-03
5.541963885933328635e-05 1.428671625290181026e-03
6.226932587314502009e-05 1.433142416754599026e-03
6.914052184382732456e-05 1.437576455667201759e-03
7.603300638273655186e-05 1.441973738200439835e-03
8.294656045363265576e-05 1.446334260920472802e-03
8.988096635088073112e-05 1.450658020781380375e-03
9.683600767807690310e-05 1.454945015119622591e-03
1.038114693270847226e-04 1.459195241648720501e-03
1.108071374574775138e-04 1.463408698454174515e-03
1.178227994763800474e-04 1.467585383988580065e-03
1.248582440186969753e-04 1.471725297066977470e-03
1.319132609277277434e-04 1.475828436862379814e-03
1.389876412361511486e-04 1.479894802901514849e-03
1.460811771473873890e-04 1.483924395060735391e-03
1.531936620173095784e-04 1.487917213562133315e-03
1.603248903363212619e-04 1.491873258969808602e-03
1.674746577117742065e-04 1.495792532186319447e-03
1.746427608507295599e-04 1.499675034449291303e-03
1.818289975430528889e-04 1.503520767328180106e-03
1.890331666448419052e-04 1.507329732721193576e-03
1.962550680621701006e-04 1.511101932852350858e-03
2.034945027351489481e-04 1.514837370268693525e-03
2.107512726223018378e-04 1.518536047837617349e-03
2.180251806852399367e-04 1.522197968744352188e-03
2.253160308736381820e-04 1.525823136489552886e-03
2.326236281105021123e-04 1.529411554887019848e-03
2.399477782777224182e-04 1.532963228061538438e-03
2.472882882019123893e-04 1.536478160446823121e-03
2.546449656405217507e-04 1.539956356783583240e-03
2.620176192682193545e-04 1.543397822117671854e-03
2.694060586635446458e-04 1.546802561798363588e-03
2.768100942958189297e-04 1.550170581476706432e-03
2.842295375123116163e-04 1.553501887103976532e-03
2.916642005256594094e-04 1.556796484930227532e-03
2.991138964015332903e-04 1.560054381502912549e-03
3.065784390465423992e-04 1.563275583665603083e-03
3.140576431963795854e-04 1.566460098556781647e-03
3.215513244041971340e-04 1.569607933608711597e-03
3.290592990292136983e-04 1.572719096546381767e-03
3.365813842255431683e-04 1.575793595386523315e-03
3.441173979312428196e-04 1.578831438436693142e-03
3.516671588575760797e-04 1.581832634294420403e-03
3.592304864784946284e-04 1.584797191846426751e-03
3.668072010203159258e-04 1.587725120267886045e-03
3.743971234516154127e-04 1.590616429021773394e-03
3.820000754733107761e-04 1.593471127858236535e-03
3.896158795089479866e-04 1.596289226814045278e-03
3.972443586951731665e-04 1.599070736212073471e-03
4.048853368724047107e-04 1.601815666660853180e-03
4.125386385756750311e-04 1.604524029054150763e-03
4.202040890256671861e-04 1.607195834570600192e-03
4.278815141199243319e-04 1.609831094673384736e-03
4.355707404242346523e-04 1.612429821109950508e-03
4.432715951641854777e-04 1.614992025911756238e-03
4.509839062168927745e-04 1.617517721394074424e-03
4.587075021028900654e-04 1.620006920155821119e-03
4.664422119781815534e-04 1.622459635079416280e-03
4.741878656264507733e-04 1.624875879330674698e-03
4.819442934514355068e-04 1.627255666358744420e-03
4.897113264694451067e-04 1.629599009896059471e-03
4.974887963020335670e-04 1.631905923958324248e-03
5.052765351688178223e-04 1.634176422844521538e-03
5.130743758804462082e-04 1.636410521136960443e-03
5.208821518317002797e-04 1.638608233701326468e-03
5.286996969947466282e-04 1.640769575686779969e-03
5.365268459125147917e-04 1.642894562526050692e-03
5.443634336922195801e-04 1.644983209935570916e-03
5.522092959990063500e-04 1.647035533915620084e-03
5.600642690497333216e-04 1.649051550750492206e-03
5.679281896068769531e-04 1.651031277008677134e-03
5.758008949725610228e-04 1.652974729543056805e-03
5.836822229827124536e-04 1.654881925491127502e-03
5.915720120013314137e-04 1.656752882275216044e-03
5.994701009148821957e-04 1.658587617602726985e-03
6.073763291268028178e-04 1.660386149466403904e-03
6.152905365521234770e-04 1.662148496144585062e-03
6.232125636121981947e-04 1.663874676201485296e-03
6.311422512295428210e-04 1.665564708487483111e-03
6.390794408227906762e-04 1.667218612139417539e-03
6.470239743017365541e-04 1.668836406580886510e-03
6.549756940625023728e-04 1.670418111522570161e-03
6.629344429827895620e-04 1.671963746962541785e-03
6.709000644172399786e-04 1.673473333186599379e-03
6.788724021928915818e-04 1.674946890768593292e-03
6.868513006047289758e-04 1.676384440570769701e-03
6.948366044113290368e-04 1.677786003744102805e-03
7.028281588306022759e-04 1.679151601728652403e-03
7.108258095356193105e-04 1.680481256253903892e-03
7.188294026505293857e-04 1.681774989339123675e-03
7.268387847465682334e-04 1.683032823293716942e-03
7.348538028381469212e-04 1.684254780717578523e-03
7.428743043790284138e-04 1.685440884501454573e-03
7.509001372585881592e-04 1.686591157827300146e-03
7.589311497981494859e-04 1.687705624168639148e-03
7.669671907474070365e-04 1.688784307290920822e-03
7.750081092809228429e-04 1.689827231251886212e-03
7.830537549946990552e-04 1.690834420401915754e-03
7.911039779028316600e-04 1.691805899384396603e-03
7.991586284342294677e-04 1.692741693136071753e-03
8.072175574294146319e-04 1.693641826887396081e-03
8.152806161373865948e-04 1.694506326162887200e-03
8.233476562125629020e-04 1.695335216781474787e-03
8.314185297117818174e-04 1.696128524856847092e-03
8.394930890913819164e-04 1.696886276797794201e-03
8.475711872043362139e-04 1.697608499308548256e-03
8.556526772974592599e-04 1.698295219389110884e-03
8.637374130086770095e-04 1.698946464335601226e-03
8.718252483643553494e-04 1.699562261740566235e-03
8.799160377766972532e-04 1.700142639493318949e-03
8.880096360411919793e-04 1.700687625780240332e-03
8.961058983341292118e-04 1.701197249085108871e-03
9.042046802101688218e-04 1.701671538189397431e-03
9.123058375999703673e-04 1.702110522172579649e-03
9.204092268078744189e-04 1.702514230412428527e-03
9.285147045096436239e-04 1.702882692585303741e-03
9.366221277502533200e-04 1.703215938666440910e-03
9.447313539417379839e-04 1.703513998930226763e-03
9.528422408610897221e-04 1.703776903950476916e-03
9.609546466482055517e-04 1.704004684600693691e-03
9.690684298038897571e-04 1.704197372054338036e-03
9.771834491878962550e-04 1.704354997785068266e-03
9.852995640170318908e-04 1.704477593566997668e-03
9.934166338632960565e-04 1.704565191474929995e-03
1.001534518652071049e-03 1.704617823884584105e-03
1.009653078660362408e-03 1.704635523472828587e-03
1.017772174515073520e-03 1.704618323217893397e-03
1.025891667191337030e-03 1.704566256399580411e-03
1.034011418010879211e-03 1.704479356599463563e-03
1.042131288640433563e-03 1.704357657701086179e-03
1.050251141090192790e-03 1.704201193890148968e-03
1.058370837712296767e-03 1.704009999654677648e-03
1.066490241199373858e-03 1.703784109785205737e-03
1.074609214583112154e-03 1.703523559374935450e-03
1.082727621232864321e-03 1.703228383819881250e-03
1.090845324854305574e-03 1.702898618819031389e-03
1.098962189488115289e-03 1.702534300374473680e-03
1.107078079508701544e-03 1.702135464791533406e-03
1.115192859622962749e-03 1.701702148678890195e-03
1.123306394869076586e-03 1.701234388948692734e-03
1.131418550615334064e-03 1.700732222816660243e-03
1.139529192559000665e-03 1.700195687802185480e-03
1.147638186725211552e-03 1.699624821728415187e-03
1.155745399465901236e-03 1.699019662722332921e-03
1.163850697458763831e-03 1.698380249214830398e-03
1.171953947706247563e-03 1.697706619940764303e-03
1.180055017534574436e-03 1.696998813939014838e-03
1.188153774592797408e-03 1.696256870552530823e-03
1.196250086851881420e-03 1.695480829428360273e-03
1.204343822603816090e-03 1.694670730517682487e-03
1.212434850460758105e-03 1.693826614075824750e-03
1.220523039354201806e-03 1.692948520662274255e-03
1.228608258534169941e-03 1.692036491140674849e-03
1.236690377568444316e-03 1.691090566678827688e-03
1.244769266341812274e-03 1.690110788748663264e-03
1.252844795055346348e-03 1.689097199126227957e-03
1.260916834225701486e-03 1.688049839891644357e-03
1.268985254684445877e-03 1.686968753429068544e-03
1.277049927577414120e-03 1.685853982426644120e-03
1.285110724364078817e-03 1.684705569876436071e-03
1.293167516816953830e-03 1.683523559074367451e-03
1.301220177021013367e-03 1.682307993620139148e-03
1.309268577373140551e-03 1.681058917417144888e-03
1.317312590581598119e-03 1.679776374672382324e-03
1.325352089665508869e-03 1.678460409896337250e-03
1.333386947954377962e-03 1.677111067902886665e-03
1.341417039087615219e-03 1.675728393809166076e-03
1.349442237014099278e-03 1.674312433035452614e-03
1.357462415991741523e-03 1.672863231305017585e-03
1.365477450587083410e-03 1.671380834643984873e-03
1.373487215674913100e-03 1.669865289381180021e-03
1.381491586437887283e-03 1.668316642147958054e-03
1.389490438366193775e-03 1.666734939878042809e-03
1.397483647257215201e-03 1.665120229807342395e-03
1.405471089215211107e-03 1.663472559473759462e-03
1.413452640651035198e-03 1.661791976716996914e-03
1.421428178281848457e-03 1.660078529678357543e-03
1.429397579130855470e-03 1.658332266800517868e-03
1.437360720527075877e-03 1.656553236827326475e-03
1.445317480105101290e-03 1.654741488803556163e-03
1.453267735804887779e-03 1.652897072074676916e-03
1.461211365871562667e-03 1.651020036286604802e-03
1.469148248855248022e-03 1.649110431385456509e-03
1.477078263610883714e-03 1.647168307617275472e-03
1.485001289298086037e-03 1.645193715527770587e-03
1.492917205381006761e-03 1.643186705962032144e-03
1.500825891628218859e-03 1.641147330064257094e-03
1.508727228112596809e-03 1.639075639277439399e-03
1.516621095211232459e-03 1.636971685343078381e-03
1.524507373605350248e-03 1.634835520300872329e-03
1.532385944280238027e-03 1.632667196488388683e-03
1.540256688525191552e-03 1.630466766540747230e-03
1.548119487933477404e-03 1.628234283390291807e-03
1.555974224402299376e-03 1.625969800266239889e-03
1.563820780132777009e-03 1.623673370694339330e-03
1.571659037629945157e-03 1.621345048496513177e-03
1.579488879702753553e-03 1.618984887790494726e-03
1.587310189464090446e-03 1.616592942989459984e-03
1.595122850330803199e-03 1.614169268801644722e-03
1.602926746023742959e-03 1.611713920229963489e-03
1.610721760567803036e-03 1.609226952571609541e-03
1.618507778291994586e-03 1.606708421417669301e-03
1.626284683829504717e-03 1.604158382652699083e-03
1.634052362117775206e-03 1.601576892454316999e-03
1.641810698398602246e-03 1.598964007292785327e-03
1.649559578218222963e-03 1.596319783930572273e-03
1.657298887427430993e-03 1.593644279421924581e-03
1.665028512181693362e-03 1.590937551112419973e-03
1.672748338941272778e-03 1.588199656638516338e-03
1.680458254471371184e-03 1.585430653927101356e-03
