npts 513 dfreq 1.000000000000000021e-02
0.000000000000000000e+00 0.000000000000000000e+00
-4.859650053879850628e-16 -2.812101841659666851e-15
-1.220204177120587590e-13 -3.423921248642262925e-13
-3.026822743512615714e-12 -5.363905436740232288e-12
-2.886195044532364515e-11 -3.529925138393677073e-11
-1.618500107124127225e-10 -1.400981091972295591e-10
-6.446531503123520983e-10 -3.876117149833084850e-10
-2.015574797160225036e-09 -7.796993996879628860e-10
-5.247320838323236708e-09 -1.046875916812510826e-09
-1.180609907076423278e-08 -2.957452446292250806e-10
-2.352523589555070267e-08 3.464039413969417270e-09
-4.219825704913981996e-08 1.381649332650051881e-08
-6.885345022044092576e-08 3.630044140595618932e-08
-1.027673838869483651e-07 7.845211367687615754e-08
-1.403795194214298535e-07 1.493835550646675607e-07
-1.743431803117862428e-07 2.588485867606898738e-07
-1.929564326620184022e-07 4.158770888854304468e-07
-1.801516583898155085e-07 6.271744515696462501e-07
-1.161063769530961183e-07 8.955463153311959394e-07
2.158963268210600264e-08 1.218602118282664979e-06
2.563754683984215821e-07 1.587924858092928449e-06
6.109823272974706717e-07 1.988797394440652365e-06
1.105730311301170193e-06 2.400478987353332426e-06
1.757030507644569723e-06 2.796951895404358448e-06
2.576206364931462019e-06 3.148015659162668360e-06
3.568689842590812281e-06 3.420594017256342788e-06
4.733599001723428776e-06 3.580128186935469329e-06
6.063668839620567046e-06 3.591951243474502281e-06
7.545485982267731213e-06 3.422563933146786564e-06
9.159967803633845511e-06 3.040757404351308005e-06
1.088302448716665905e-05 2.418550346982193253e-06
1.268634563774031213e-05 1.531925876905654565e-06
1.453825909618325649e-05 3.613671671620693315e-07
1.640461707304241096e-05 -1.107799236707237559e-06
1.824967261116802996e-05 -2.885236660290422108e-06
2.003691710035553292e-05 -4.975588033433538943e-06
2.172985674852284581e-05 -7.378599698546315425e-06
2.329271237086070529e-05 -1.008935604891499732e-05
2.469103249987466978e-05 -1.309860206077596826e-05
2.589221461770249781e-05 -1.639313192430045358e-05
2.686593328152909961e-05 -1.995622370019698729e-05
2.758447709526774071e-05 -2.376810202366955218e-05
2.802299893681634959e-05 -2.780641317810242705e-05
2.815968565334511794e-05 -3.204669923297085891e-05
2.797585466749785471e-05 -3.646286027973096733e-05
2.745598567801937263e-05 -4.102759602761719997e-05
2.658769597115782880e-05 -4.571282008294559482e-05
2.536166786242469585e-05 -5.049004209467879595e-05
2.377153653421780089e-05 -5.533071458582194572e-05
2.181374608837162167e-05 -6.020654269788315263e-05
1.948738105071440754e-05 -6.508975625747060031e-05
1.679397989559973075e-05 -6.995334454093579278e-05
1.373733644231252426e-05 -7.477125488085198553e-05
1.032329424460644742e-05 -7.951855684636507287e-05
6.559538374692544425e-06 -8.417157415911495058e-05
2.455388312740356119e-06 -8.870798679901198652e-05
-1.978404994096639780e-06 -9.310690593071682252e-05
-6.729855434014835410e-06 -9.734892436214386588e-05
-1.178592946268924811e-05 -1.014161452490211908e-04
-1.713272381166882269e-05 -1.052921917010136863e-04
-2.275563213817651889e-05 -1.089621998396838004e-04
-2.863949994264457596e-05 -1.124127977192003415e-04
-3.476876738717402489e-05 -1.156320723578797182e-04
-4.112759990459682489e-05 -1.186095269512232051e-04
-4.770000669840973123e-05 -1.213360301523675600e-04
-5.446994740323622154e-05 -1.238037591195675197e-04
-6.142142730838525669e-05 -1.260061378470105932e-04
-6.853858164811674235e-05 -1.279377721183355275e-04
-7.580574953577999683e-05 -1.295943822541669788e-04
-8.320753816913069702e-05 -1.309727346675021865e-04
-9.072887796460055968e-05 -1.320705730949485869e-04
-9.835506929245868232e-05 -1.328865502381770716e-04
-1.060718214856740354e-04 -1.334201604286648255e-04
-1.138652847855061258e-04 -1.336716738196923728e-04
-1.217220758687155910e-04 -1.336420725122352085e-04
-1.296292975767975963e-04 -1.333329889352803763e-04
-1.375745534384527618e-04 -1.327466467255240920e-04
-1.455459575440850282e-04 -1.318858042856151200e-04
-1.535321402966027923e-04 -1.307537011433017836e-04
-1.615222505271884750e-04 -1.293540071852357322e-04
-1.695059544287799843e-04 -1.276907747979737912e-04
-1.774734317243927668e-04 -1.257683939141462622e-04
-1.854153694526087777e-04 -1.235915499331070172e-04
-1.933229537189354536e-04 -1.211651844619445080e-04
-2.011878597295582661e-04 -1.184944588038917097e-04
-2.090022403935049228e-04 -1.155847201063524738e-04
-2.167587137504798354e-04 -1.124414700693951278e-04
-2.244503494547440666e-04 -1.090703361072091466e-04
-2.320706545203830883e-04 -1.054770448492111436e-04
-2.396135585101527154e-04 -1.016673978638511457e-04
-2.470733983287655314e-04 -9.764724948635753951e-05
-2.544449027619180548e-04 -9.342248663136290608e-05
-2.617231768845089943e-04 -8.899901047231341172e-05
-2.689036864452540700e-04 -8.438271987154057129e-05
-2.759822423201894418e-04 -7.957949644766016697e-05
-2.829549851142712730e-04 -7.459519117039620413e-05
-2.898183699783314551e-04 -6.943561237684351751e-05
-2.965691516979355167e-04 -6.410651510745858542e-05
-3.032043701011261842e-04 -5.861359166459846869e-05
-3.097213358235174842e-04 -5.296246330111117185e-05
-3.161176164616574737e-04 -4.715867295124979709e-05
-3.223910231389071827e-04 -4.120767892097206768e-05
-3.285395975022078465e-04 -3.511484945943363047e-05
-3.345615991629794146e-04 -2.888545813816971683e-05
-3.404554935908925294e-04 -2.252467996901860779e-05
-3.462199404653759725e-04 -1.603758819627978127e-05
-3.518537824863495400e-04 -9.429151702874345311e-06
-3.573560346427984212e-04 -2.704232974381941824e-06
-3.627258739353452009e-04 4.132413431240657031e-06
-3.679626295468919916e-04 1.107614195671860737e-05
-3.730657734536823472e-04 1.812241670619727540e-05
-3.780349114676788045e-04 2.526681173520588234e-05
-3.828697746999895255e-04 3.250501100821848090e-05
-3.875702114341273720e-04 3.983280805919723981e-05
-3.921361793971600107e-04 4.724610538770120522e-05
-3.965677384162429866e-04 5.474091362051543768e-05
-4.008650434476319717e-04 6.231335046629439740e-05
-4.050283379650090453e-04 6.995963948842506255e-05
-4.090579476937969698e-04 7.767610871916726090e-05
-4.129542746781071812e-04 8.545918913615085607e-05
-4.167177916669843971e-04 9.330541302045007742e-05
-4.203490368067374370e-04 1.012114122137443436e-04
-4.238486086263124866e-04 1.091739162904925434e-04
-4.272171613028841620e-04 1.171897506595623610e-04
-4.304554001951125066e-04 1.252558346084188133e-04
-4.335640776318072848e-04 1.333691793017012701e-04
-4.365439889440742667e-04 1.415268857448835258e-04
-4.393959687293550105e-04 1.497261427226296226e-04
-4.421208873361507394e-04 1.579642247204940246e-04
-4.447196475585788573e-04 1.662384898377079691e-04
-4.471931815303097990e-04 1.745463776979753318e-04
-4.495424478078041707e-04 1.828854073644375195e-04
-4.517684286331682540e-04 1.912531752642870040e-04
-4.538721273673244992e-04 1.996473531278686157e-04
-4.558545660845819908e-04 2.080656859465299178e-04
-4.577167833200648924e-04 2.165059899529596149e-04
-4.594598319618304889e-04 2.249661506272717239e-04
-4.610847772798714944e-04 2.334441207316560599e-04
-4.625926950845454821e-04 2.419379183760155460e-04
-4.639846700073324060e-04 2.504456251166586509e-04
-4.652617938971340844e-04 2.589653840897777762e-04
-4.664251643256784111e-04 2.674953981811658004e-04
-4.674758831958807071e-04 2.760339282333350492e-04
-4.684150554473314257e-04 2.845792912909804592e-04
-4.692437878533642468e-04 2.931298588855085503e-04
-4.699631879044369642e-04 3.016840553591469340e-04
-4.705743627728258016e-04 3.102403562289971308e-04
-4.710784183538947582e-04 3.187972865912140348e-04
-4.714764583794427166e-04 3.273534195653800597e-04
-4.717695835988665819e-04 3.359073747789964462e-04
-4.719588910241074393e-04 3.444578168919230823e-04
-4.720454732345585121e-04 3.530034541604900396e-04
-4.720304177383175892e-04 3.615430370409239078e-04
-4.719148063863657576e-04 3.700753568316623456e-04
-4.716997148364328969e-04 3.785992443540498235e-04
-4.713862120634994268e-04 3.871135686708785262e-04
-4.709753599140357452e-04 3.956172358421588620e-04
-4.704682127012577392e-04 4.041091877174892203e-04
-4.698658168388114629e-04 4.125884007643503362e-04
-4.691692105104643866e-04 4.210538849316182268e-04
-4.683794233734956541e-04 4.295046825475700445e-04
-4.674974762936238309e-04 4.379398672516434201e-04
-4.665243811094293416e-04 4.463585429591878620e-04
-4.654611404243375983e-04 4.547598428584406489e-04
-4.643087474243561582e-04 4.631429284389558076e-04
-4.630681857198443619e-04 4.715069885507045737e-04
-4.617404292097066019e-04 4.798512384930679565e-04
-4.603264419664924805e-04 4.881749191329512461e-04
-4.588271781409654967e-04 4.964772960512342515e-04
-4.572435818848024670e-04 5.047576587167986557e-04
-4.555765872901505016e-04 5.130153196873682864e-04
-4.538271183448489119e-04 5.212496138364084569e-04
-4.519960889022006786e-04 5.294598976053422950e-04
-4.500844026642294429e-04 5.376455482803559104e-04
-4.480929531774387577e-04 5.458059632930608879e-04
-4.460226238401366868e-04 5.539405595443236885e-04
-4.438742879204530221e-04 5.620487727505496349e-04
-4.416488085842268613e-04 5.701300568117625067e-04
-4.393470389319878758e-04 5.781838832007840092e-04
-4.369698220443164033e-04 5.862097403728957741e-04
-4.345179910348897731e-04 5.942071331953177561e-04
-4.319923691105905287e-04 6.021755823959024870e-04
-4.293937696380637566e-04 6.101146240304236145e-04
-4.267229962161784369e-04 6.180238089678785672e-04
-4.239808427538528310e-04 6.259027023932230236e-04
-4.211680935527631689e-04 6.337508833269745899e-04
-4.182855233944693775e-04 6.415679441611506348e-04
-4.153338976315256847e-04 6.493534902109942761e-04
-4.123139722821760837e-04 6.571071392819862085e-04
-4.092264941282576811e-04 6.648285212516329059e-04
-4.060722008159540325e-04 6.725172776655446083e-04
-4.028518209590772718e-04 6.801730613473381875e-04
-3.995660742445649393e-04 6.877955360218965166e-04
-3.962156715399065281e-04 6.953843759515430717e-04
-3.928013150022366114e-04 7.029392655847060013e-04
-3.893236981888361314e-04 7.104598992166436195e-04
-3.857835061688214321e-04 7.179459806618342880e-04
-3.821814156357942202e-04 7.253972229376333273e-04
-3.785180950212578403e-04 7.328133479588209553e-04
-3.747942046086131097e-04 7.401940862426666622e-04
-3.710103966475559599e-04 7.475391766241626422e-04
-3.671673154687227626e-04 7.548483659810690388e-04
-3.632655975984289522e-04 7.621214089684550655e-04
-3.593058718733661231e-04 7.693580677623904681e-04
-3.552887595551290157e-04 7.765581118124973044e-04
-3.512148744444562728e-04 7.837213176030414412e-04
-3.470848229950749750e-04 7.908474684222862152e-04
-3.428992044270498031e-04 7.979363541398129187e-04
-3.386586108395442927e-04 8.049877709915475785e-04
-3.343636273229134070e-04 8.120015213722186391e-04
-3.300148320700469254e-04 8.189774136349999793e-04
-3.256127964868924169e-04 8.259152618980846903e-04
-3.211580853020986541e-04 8.328148858579578154e-04
-3.166512566757144704e-04 8.396761106091340772e-04
-3.120928623068975239e-04 8.464987664701381165e-04
-3.074834475405801670e-04 8.532826888155165814e-04
-3.028235514730495963e-04 8.600277179136709728e-04
-2.981137070564044973e-04 8.667336987703068733e-04
-2.933544412018590205e-04 8.734004809773205594e-04
-2.885462748818529957e-04 8.800279185669132023e-04
-2.836897232309518527e-04 8.866158698707809777e-04
-2.787852956455073514e-04 8.931641973841731360e-04
-2.738334958820579828e-04 8.996727676346848905e-04
-2.688348221544604186e-04 9.061414510555909456e-04
-2.637897672297231173e-04 9.125701218635893413e-04
-2.586988185225436035e-04 9.189586579407803008e-04
-2.535624581885331580e-04 9.253069407207568063e-04
-2.483811632161211122e-04 9.316148550786455731e-04
-2.431554055171380698e-04 9.378822892249750413e-04
-2.378856520160682424e-04 9.441091346032350756e-04
-2.325723647379774597e-04 9.502952857909984863e-04
-2.272160008951054969e-04 9.564406404044866264e-04
-2.218170129721384670e-04 9.625450990064559004e-04
-2.163758488101494878e-04 9.686085650172968726e-04
-2.108929516892242117e-04 9.746309446292280134e-04
-2.053687604097687513e-04 9.806121467234828193e-04
-1.998037093725085398e-04 9.865520827903890427e-04
-1.941982286571868261e-04 9.924506668522357303e-04
-1.885527440999720751e-04 9.983078153888323356e-04
-1.828676773695769560e-04 1.004123447265676747e-03
-1.771434460421094921e-04 1.009897483664627931e-03
-1.713804636746568048e-04 1.015629848017009576e-03
-1.655791398776182855e-04 1.021320465939057343e-03
-1.597398803858007972e-04 1.026969265169626680e-03
-1.538630871282826301e-04 1.032576175510089428e-03
-1.479491582970674326e-04 1.038141128766336590e-03
-1.419984884145311546e-04 1.043664058692824609e-03
-1.360114683996866412e-04 1.049144900938583404e-03
-1.299884856332702676e-04 1.054583592995136715e-03
-1.239299240216708362e-04 1.059980074146246948e-03
-1.178361640597119027e-04 1.065334285419440715e-03
-1.117075828923051625e-04 1.070646169539243723e-03
-1.055445543749845486e-04 1.075915670882074925e-03
-9.934744913334390178e-05 1.081142735432732505e-03
-9.311663462138508639e-05 1.086327310742427879e-03
-8.685247517879851847e-05 1.091469345888310691e-03
-8.055533208718343961e-05 1.096568791434425613e-03
-7.422556362523466129e-05 1.101625599394074045e-03
-6.786352512289785352e-05 1.106639723193505271e-03
-6.146956901452102495e-05 1.111611117636915379e-03
-5.504404489100637527e-05 1.116539738872693874e-03
-4.858729955098847313e-05 1.121425544360882438e-03
-4.209967705104206636e-05 1.126268492841802672e-03
-3.558151875494829639e-05 1.131068544305814444e-03
-2.903316338202251208e-05 1.135825659964166462e-03
-2.245494705452488911e-05 1.140539802220897443e-03
-1.584720334416679427e-05 1.145210934645757295e-03
-9.210263317729377910e-06 1.149839021948112104e-03
-2.544455581806813777e-06 1.154424029951798018e-03
4.149893673308528457e-06 1.158965925570893448e-03
1.087246063059149433e-05 1.163464676786377279e-03
1.762292380407299119e-05 1.167920252623643167e-03
2.440096399745109542e-05 1.172332623130841519e-03
3.120626426350240338e-05 1.176701759358017487e-03
3.803850986428629322e-05 1.181027633337027429e-03
4.489738823211966403e-05 1.185310218062187847e-03
5.178258893131666425e-05 1.189549487471665279e-03
5.869380362067677377e-05 1.193745416429532529e-03
6.563072601670692471e-05 1.197897980708526825e-03
7.259305185756869598e-05 1.202007156973435281e-03
7.958047886773205533e-05 1.206072922765114410e-03
8.659270672332828299e-05 1.210095256485118741e-03
9.362943701818427574e-05 1.214074137380902543e-03
1.006903732305365916e-04 1.218009545531603764e-03
1.077752206903947552e-04 1.221901461834350774e-03
1.148836865475601264e-04 1.225749867991116852e-03
1.220154797402797994e-04 1.229554746496069060e-03
1.291703109645248666e-04 1.233316080623416940e-03
1.363478926438788043e-04 1.237033854415725467e-03
1.435479389000349486e-04 1.240708052672696371e-03
1.507701655238784797e-04 1.244338660940388138e-03
1.580142899471514615e-04 1.247925665500856235e-03
1.652800312146870748e-04 1.251469053362218352e-03
1.725671099572019431e-04 1.254968812249103232e-03
1.798752483646399113e-04 1.258424930593498052e-03
1.872041701600507416e-04 1.261837397525954673e-03
1.945536005739967084e-04 1.265206202867159542e-03
2.019232663194834318e-04 1.268531337119852909e-03
2.093128955673930489e-04 1.271812791461072014e-03
2.167222179224204007e-04 1.275050557734724302e-03
2.241509643994988991e-04 1.278244628444471153e-03
2.315988674007052046e-04 1.281394996746901315e-03
2.390656606926386491e-04 1.284501656445013107e-03
2.465510793842627993e-04 1.287564601981957060e-03
2.540548599051994320e-04 1.290583828435055242e-03
2.615767399844704183e-04 1.293559331510084690e-03
2.691164586296759201e-04 1.296491107535806308e-03
2.766737561066021458e-04 1.299379153458732946e-03
2.842483739192513221e-04 1.302223466838142501e-03
2.918400547902812777e-04 1.305024045841302440e-03
2.994485426418529031e-04 1.307780889238916800e-03
3.070735825768781697e-04 1.310493996400791117e-03
3.147149208606488655e-04 1.313163367291679063e-03
3.223723049028598192e-04 1.315789002467342454e-03
3.300454832399979323e-04 1.318370903070789938e-03
3.377342055181084069e-04 1.320909070828697610e-03
3.454382224759114405e-04 1.323403508048001144e-03
3.531572859282866290e-04 1.325854217612664442e-03
3.608911487500918993e-04 1.328261202980595941e-03
3.686395648603344290e-04 1.330624468180729514e-03
3.764022892066715966e-04 1.332944017810259747e-03
3.841790777502391988e-04 1.335219857032006029e-03
3.919696874508057406e-04 1.337451991571932119e-03
3.997738762522391937e-04 1.339640427716785832e-03
4.075914030682876847e-04 1.341785172311876426e-03
4.154220277686601279e-04 1.343886232758972335e-03
4.232655111654101644e-04 1.345943617014317513e-03
4.311216149996078477e-04 1.347957333586761834e-03
4.389901019283028714e-04 1.349927391535999700e-03
4.468707355117690935e-04 1.351853800470923786e-03
4.547632802010227672e-04 1.353736570548066172e-03
4.626675013256139907e-04 1.355575712470149206e-03
4.705831650816849252e-04 1.357371237484718317e-03
4.785100385202921240e-04 1.359123157382880224e-03
4.864478895359742715e-04 1.360831484498111182e-03
4.943964868555861475e-04 1.362496231705161934e-03
5.023556000273648276e-04 1.364117412419024690e-03
5.103249994102520811e-04 1.365695040594002872e-03
5.183044561634395173e-04 1.367229130722822945e-03
5.262937422361595218e-04 1.368719697835842509e-03
5.342926303576953084e-04 1.370166757500305239e-03
5.423008940276212572e-04 1.371570325819674533e-03
5.503183075062607421e-04 1.372930419433020721e-03
5.583446458053603666e-04 1.374247055514469422e-03
5.663796846789723649e-04 1.375520251772700863e-03
5.744232006145547119e-04 1.376750026450514457e-03
5.824749708242608600e-04 1.377936398324428524e-03
5.905347732364426292e-04 1.379079386704342878e-03
5.986023864873410991e-04 1.380179011433240030e-03
6.066775899129736322e-04 1.381235292886929308e-03
6.147601635412103076e-04 1.382248251973841515e-03
6.228498880840303321e-04 1.383217910134852419e-03
6.309465449299704641e-04 1.384144289343155034e-03
6.390499161367424637e-04 1.385027412104157269e-03
6.471597844240286777e-04 1.385867301455425988e-03
6.552759331664521816e-04 1.386663980966647541e-03
6.633981463867117193e-04 1.387417474739636438e-03
6.715262087488874055e-04 1.388127807408363759e-03
6.796599055518981079e-04 1.388795004139002469e-03
6.877990227231352283e-04 1.389419090630028032e-03
6.959433468122338531e-04 1.390000093112306453e-03
7.040926649850113043e-04 1.390538038349235436e-03
7.122467650175518406e-04 1.391032953636890971e-03
7.204054352904369673e-04 1.391484866804195385e-03
7.285684647831231972e-04 1.391893806213108809e-03
7.367356430684614092e-04 1.392259800758833665e-03
7.449067603073546585e-04 1.392582879870035836e-03
7.530816072435574755e-04 1.392863073509084497e-03
7.612599751986023422e-04 1.393100412172299744e-03
7.694416560668657047e-04 1.393294926890214971e-03
7.776264423107559585e-04 1.393446649227850741e-03
7.858141269560383691e-04 1.393555611285005784e-03
7.940045035872714480e-04 1.393621845696540410e-03
8.021973663433799384e-04 1.393645385632687021e-03
8.103925099133376308e-04 1.393626264799356943e-03
8.185897295319691149e-04 1.393564517438454194e-03
8.267888209758755651e-04 1.393460178328200742e-03
8.349895805594636329e-04 1.393313282783460900e-03
8.431918051310914337e-04 1.393123866656072228e-03
8.513952920693216523e-04 1.392891966335179244e-03
8.595998392792864300e-04 1.392617618747566495e-03
8.678052451891476613e-04 1.392300861358001596e-03
8.760113087466725413e-04 1.391941732169563748e-03
8.842178294159050650e-04 1.391540269723993712e-03
8.924246071739299008e-04 1.391096513102020593e-03
9.006314425077491291e-04 1.390610501923704879e-03
9.088381364112450671e-04 1.390082276348771941e-03
9.170444903822342741e-04 1.389511877076943583e-03
9.252503064196229308e-04 1.388899345348265689e-03
9.334553870206466772e-04 1.388244722943438036e-03
9.416595351781995721e-04 1.387548052184131532e-03
9.498625543782532581e-04 1.386809375933306752e-03
9.580642485973649234e-04 1.386028737595530096e-03
9.662644223002516157e-04 1.385206181117272159e-03
9.744628804374731940e-04 1.384341750987211957e-03
9.826594284431785977e-04 1.383435492236533351e-03
9.908538722329315873e-04 1.382487450439206286e-03
9.990460182016254985e-04 1.381497671712269117e-03
1.007235673221461422e-03 1.380466202716100314e-03
1.015422644640015179e-03 1.379393090654679535e-03
1.023606740278362737e-03 1.378278383275843930e-03
1.031787768429291057e-03 1.377122128871534259e-03
1.039965537855571396e-03 1.375924376278031243e-03
1.048139857788306980e-03 1.374685174876178482e-03
1.056310537925347903e-03 1.373404574591606444e-03
1.064477388429769990e-03 1.372082625894934568e-03
1.072640219928425653e-03 1.370719379801969449e-03
1.080798843510548737e-03 1.369314887873884822e-03
1.088953070726437220e-03 1.367869202217405003e-03
1.097102713586185123e-03 1.366382375484959067e-03
1.105247584558481004e-03 1.364854460874838707e-03
1.113387496569469108e-03 1.363285512131336141e-03
1.121522263001659527e-03 1.361675583544864248e-03
1.129651697692907750e-03 1.360024729952083629e-03
1.137775614935442568e-03 1.358333006735996723e-03
1.145893829474951007e-03 1.356600469826039742e-03
1.154006156509719419e-03 1.354827175698159868e-03
1.162112411689828796e-03 1.353013181374878356e-03
1.170212411116398421e-03 1.351158544425345607e-03
1.178305971340878324e-03 1.349263322965367192e-03
1.186392909364407215e-03 1.347327575657439628e-03
1.194473042637196874e-03 1.345351361710752551e-03
1.202546189057990917e-03 1.343334740881188495e-03
1.210612166973541563e-03 1.341277773471298606e-03
1.218670795178160987e-03 1.339180520330276623e-03
1.226721892913303687e-03 1.337043042853910306e-03
1.234765279867190702e-03 1.334865402984517250e-03
1.242800776174487164e-03 1.332647663210870942e-03
1.250828202416019979e-03 1.330389886568110339e-03
1.258847379618532793e-03 1.328092136637635352e-03
1.266858129254489970e-03 1.325754477546985631e-03
1.274860273241914827e-03 1.323376973969704606e-03
1.282853633944269506e-03 1.320959691125187484e-03
1.290838034170378431e-03 1.318502694778524468e-03
1.298813297174381464e-03 1.316006051240308427e-03
1.306779246655733265e-03 1.313469827366446239e-03
1.314735706759232337e-03 1.310894090557947591e-03
1.322682502075088907e-03 1.308278908760694475e-03
1.330619457639034857e-03 1.305624350465203970e-03
1.338546398932452313e-03 1.302930484706366077e-03
1.346463151882548205e-03 1.300197381063170933e-03
1.354369542862568932e-03 1.297425109658424539e-03
1.362265398692021545e-03 1.294613741158439323e-03
1.370150546636957805e-03 1.291763346772716470e-03
1.378024814410268436e-03 1.288873998253606788e-03
1.385888030172016195e-03 1.285945767895964624e-03
1.393740022529795170e-03 1.282978728536775552e-03
1.401580620539123918e-03 1.279972953554774735e-03
1.409409653703863965e-03 1.276928516870043601e-03
1.417226951976673218e-03 1.273845492943607386e-03
1.425032345759468053e-03 1.270723956776983890e-03
1.432825665903940480e-03 1.267563983911759555e-03
1.440606743712076390e-03 1.264365650429104823e-03
1.448375410936717607e-03 1.261129032949312705e-03
1.456131499782138683e-03 1.257854208631294839e-03
1.463874842904646896e-03 1.254541255172071700e-03
1.471605273413223013e-03 1.251190250806251316e-03
1.479322624870161402e-03 1.247801274305479361e-03
1.487026731291754165e-03 1.244374404977886426e-03
1.494717427148988713e-03 1.240909722667512746e-03
1.502394547368265292e-03 1.237407307753717305e-03
1.510057927332142044e-03 1.233867241150569168e-03
1.517707402880100675e-03 1.230289604306230352e-03
1.525342810309330546e-03 1.226674479202317881e-03
1.532963986375526430e-03 1.223021948353245243e-03
1.540570768293725518e-03 1.219332094805558641e-03
1.548162993739139433e-03 1.215605002137243101e-03
1.555740500848030051e-03 1.211840754457036828e-03
1.563303128218578378e-03 1.208039436403695243e-03
1.570850714911794198e-03 1.204201133145278236e-03
1.578383100452424633e-03 1.200325930378381457e-03
1.585900124829902171e-03 1.196413914327390613e-03
1.593401628499276860e-03 1.192465171743689991e-03
1.600887452382200767e-03 1.188479789904873813e-03
1.608357437867908744e-03 1.184457856613931569e-03
1.615811426814203972e-03 1.180399460198420765e-03
1.623249261548493803e-03 1.176304689509633395e-03
1.630670784868806312e-03 1.172173633921725971e-03
1.638075840044835247e-03 1.168006383330857803e-03
1.645464270818996913e-03 1.163803028154294580e-03
1.652835921407509604e-03 1.159563659329510867e-03
1.660190636501473029e-03 1.155288368313269181e-03
1.667528261267966182e-03 1.150977247080682596e-03
1.674848641351158428e-03 1.146630388124270181e-03
1.682151622873438159e-03 1.142247884452989894e-03
1.689437052436538198e-03 1.137829829591256508e-03
1.696704777122693287e-03 1.133376317577953693e-03
1.703954644495789999e-03 1.128887442965414859e-03
1.711186502602541140e-03 1.124363300818405527e-03
1.718400199973662114e-03 1.119803986713079893e-03
1.725595585625063974e-03 1.115209596735924165e-03
1.732772509059054503e-03 1.110580227482693390e-03
1.739930820265544716e-03 1.105915976057318152e-03
1.747070369723273137e-03 1.101216940070812991e-03
1.754191008401030953e-03 1.096483217640157075e-03
1.761292587758903202e-03 1.091714907387165111e-03
1.768374959749509541e-03 1.086912108437350019e-03
1.775437976819267336e-03 1.082074920418756763e-03
1.782481491909645001e-03 1.077203443460794663e-03
1.789505358458445263e-03 1.072297778193051065e-03
1.796509430401066519e-03 1.067358025744087873e-03
1.803493562171804747e-03 1.062384287740225294e-03
1.810457608705134166e-03 1.057376666304311484e-03
1.817401425437009796e-03 1.052335264054481785e-03
1.824324868306178042e-03 1.047260184102896717e-03
1.831227793755477737e-03 1.042151530054470426e-03
1.838110058733173711e-03 1.037009406005584165e-03
1.844971520694259782e-03 1.031833916542784606e-03
1.851812037601808809e-03 1.026625166741470868e-03
1.858631467928285440e-03 1.021383262164564636e-03
1.865429670656907875e-03 1.016108308861169438e-03
1.872206505282972538e-03 1.010800413365208882e-03
1.878961831815216272e-03 1.005459682694065339e-03
