npts 513 dfreq 1.000000000000000021e-02
0.000000000000000000e+00 0.000000000000000000e+00
9.461266686760665457e-07 -3.816048583330963853e-06
-2.653729104975425070e-05 1.613719633477592272e-05
3.343051881118213589e-05 5.048185166252375483e-05
6.853322097648150053e-05 -2.105738318404794986e-05
1.447190430690214307e-05 -6.173678741497692392e-05
-2.675998891878094262e-05 -4.010228142634409857e-05
-3.272468641185458191e-05 -1.169465455219933599e-05
-2.459741549754332162e-05 4.146162240107007826e-06
-1.512735957556646154e-05 1.008053251158856102e-05
-7.910266892970338988e-06 1.097568667543168426e-05
-3.140995286328197449e-06 9.796850933723412675e-06
-2.249475720880877402e-07 7.979021029075888344e-06
1.438147727725855630e-06 6.140165734339297358e-06
2.294991307349893602e-06 4.513281363008060259e-06
2.647661238859152583e-06 3.161458539531073335e-06
2.692825543215835309e-06 2.077837752683900305e-06
2.556446454262497998e-06 1.230429968266021050e-06
2.318552069528809664e-06 5.814851452711268474e-07
2.029683861852063083e-06 9.532534443012716087e-08
1.721529089175228367e-06 -2.589497606674505297e-07
1.413749412216724392e-06 -5.069585572323070324e-07
1.118389854609977434e-06 -6.694146546807063861e-07
8.427676293057432100e-07 -7.628111629256854282e-07
5.914075073316867558e-07 -8.001876029466319554e-07
3.673640069326585568e-07 -7.919211635435048284e-07
1.731053570847094740e-07 -7.465573109987301082e-07
1.100019338446876716e-08 -6.717024160914500597e-07
-1.166544371457755387e-07 -5.749356646078740212e-07
-2.081473075432586821e-07 -4.645528779274838401e-07
-2.633482828535425549e-07 -3.497926407714619964e-07
-2.847909063204416716e-07 -2.402002771402757425e-07
-2.781456898665583452e-07 -1.441573913229637108e-07
-2.515295415546766195e-07 -6.722434569983782593e-08
-2.138023699716619997e-07 -1.124137866982378900e-08
-1.727052472791739395e-07 2.531821378810226168e-08
-1.337097735225690835e-07 4.607524343494144131e-08
-9.984507374641279683e-08 5.531311359907420311e-08
-7.219613329135067979e-08 5.695478585034317559e-08
-5.061377252751893023e-08 5.408732698566888565e-08
-3.432926846523162399e-08 4.889361684158844210e-08
-2.236839249731117653e-08 4.279028327100245636e-08
-1.378148954420376264e-08 3.662522127190772032e-08
-7.746274721206313785e-09 3.085961192949823350e-08
-3.596816140264455601e-09 2.570876256465689106e-08
-8.159669295066080639e-10 2.124091159333355593e-08
9.867511700146400320e-10 1.744217589757975532e-08
2.100384553443920098e-09 1.425715884435912459e-08
2.735753814071415238e-09 1.161320811039972626e-08
3.044819329576415646e-09 9.434189076436417935e-09
3.135998133799045825e-09 7.647777302584416843e-09
3.085887477623125796e-09 6.188879338510965494e-09
2.948048626340377884e-09 5.000827358475418257e-09
2.759493347664279955e-09 4.035357799964562065e-09
2.545425121489350835e-09 3.251978384958003953e-09
2.322678556928414394e-09 2.617074694357887678e-09
2.102199747353467024e-09 2.102952573192585190e-09
1.890826111502438354e-09 1.686919735401436707e-09
1.692557718686526081e-09 1.350455458237733631e-09
1.509461178170881113e-09 1.078486255435131982e-09
1.342309009750715500e-09 8.587685456977487198e-10
1.191029192493228330e-09 6.813708124712076481e-10
1.055018908520216325e-09 5.382440527384504285e-10
9.333614365053039541e-10 4.228683050876223181e-10
8.249742249944354509e-10 3.299634611248867642e-10
7.287082750557573784e-10 2.552536575579849268e-10
6.434132597884322207e-10 1.952758968413450523e-10
5.679786992698243430e-10 1.472249217259222031e-10
5.013585521628602357e-10 1.088276561670951799e-10
4.425844590773375684e-10 7.824167001231544035e-11
3.907713460448512061e-10 5.397311254121291597e-11
3.451180016573503733e-10 3.481039455197276484e-11
3.049044576893471284e-10 1.977059397825882135e-11
2.694874432240701178e-10 8.056133354367671800e-12
2.382947836021354126e-10 -9.802532788620530270e-13
2.108193326117052628e-10 -7.863864411027565296e-12
1.866128265893519745e-10 -1.302097666282667839e-11
1.652799089642361637e-10 -1.679743212330994345e-11
1.464724762921718186e-10 -1.947370552004259761e-11
1.298844297704614187e-10 -2.127712649968772501e-11
1.152468708008670461e-10 -2.239180122687234419e-11
1.023237490488701160e-10 -2.296667205065894861e-11
9.090795208762597559e-11 -2.312206915177732736e-11
8.081781385728598933e-11 -2.295503983256771326e-11
7.189401248610944957e-11 -2.254368618813501729e-11
6.399682485053189602e-11 -2.195069767967584080e-11
5.700370442144271510e-11 -2.122622951229298820e-11
5.080714962505574607e-11 -2.041024900839680291e-11
4.531283156013515746e-11 -1.953444900701251620e-11
4.043795205880017112e-11 -1.862380862067506678e-11
3.610980548302101228e-11 -1.769786657231872114e-11
3.226452013113542277e-11 -1.677176011461080021e-11
2.884595757006848108e-11 -1.585707264182003265e-11
2.580475053604441111e-11 -1.496252508862849251e-11
2.309746221704060731e-11 -1.409453970905972481e-11
2.068585172288650238e-11 -1.325769955073554419e-11
1.853623235677986898e-11 -1.245512265074291993e-11
1.661891092736441545e-11 -1.168876649087917949e-11
1.490769779147440364e-11 -1.095967540994825907e-11
1.337947860565139271e-11 -1.026818135648946369e-11
1.201383990276127507e-11 -9.614066477826542830e-12
1.079274161228234289e-11 -8.996694500610801272e-12
9.700230522777767225e-12 -8.415116599353274259e-12
8.722189455826972550e-12 -7.868156420366516118e-12
7.846117594540443492e-12 -7.354478086554915138e-12
7.060937998020078235e-12 -6.872640319108844993e-12
6.356828846014721587e-12 -6.421139247346856770e-12
5.725075404789690632e-12 -5.998442014922402044e-12
5.157940094129065195e-12 -5.603012910819145607e-12
4.648548373734309750e-12 -5.233333441886972414e-12
4.190788461537890881e-12 -4.887917507793396250e-12
3.779223152302116676e-12 -4.565322629121277637e-12
3.409012227307474747e-12 -4.264158006710616148e-12
3.075844139314937574e-12 -3.983090048498260639e-12
2.775875825119445704e-12 -3.720845883550111088e-12
2.505679644217169515e-12 -3.476215287199277853e-12
2.262196569272927621e-12 -3.248051362504058009e-12
2.042694864708251575e-12 -3.035270258589789210e-12
1.844733586014282249e-12 -2.836850153349404206e-12
1.666130316219457881e-12 -2.651829684402672524e-12
1.504932628951909126e-12 -2.479305976472807968e-12
1.359392831153648751e-12 -2.318432384047422453e-12
1.227945593963045975e-12 -2.168416044210289359e-12
1.109188128653423687e-12 -2.028515314923185259e-12
1.001862606726718792e-12 -1.898037158030763584e-12
9.048405601165485667e-13 -1.776334513219012555e-12
8.171090296515671552e-13 -1.662803698554402984e-12
7.377582580731052439e-13 -1.556881864633412286e-12
6.659707485149093596e-13 -1.458044522423324821e-12
6.010115308927688008e-13 -1.365803159280516832e-12
5.422194975131786256e-13 -1.279702953148684182e-12
4.889996857357818364e-13 -1.199320591365947055e-12
4.408164000125472310e-13 -1.124262197681191968e-12
3.971870783361966451e-13 -1.054161368859682015e-12
3.576768192868335309e-13 -9.886773205336619656e-13
3.218934956646554375e-13 -9.274931406323840557e-13
2.894833893087909392e-13 -8.703141477315666533e-13
2.601272892760709492e-13 -8.168663509318940295e-13
2.335370022182861222e-13 -7.668950073579842359e-13
2.094522296649833156e-13 -7.201632730211838493e-13
1.876377720894427846e-13 -6.764509425764253385e-13
1.678810241940032422e-13 -6.355532733971376599e-13
1.499897298723107943e-13 -5.972798893692633856e-13
1.337899688558146318e-13 -5.614537598470355289e-13
1.191243501872140485e-13 -5.279102493038405376e-13
1.058503904345813182e-13 -4.964962333386994065e-13
9.383905701043936254e-14 -4.670692768526748826e-13
8.297345912849590028e-14 -4.394968703816656138e-13
7.314767085067463137e-14 -4.136557207561617140e-13
6.426567237805163983e-14 -3.894310924494769575e-13
5.624039724712762949e-14 -3.667161961696741405e-13
4.899287443031221505e-14 -3.454116214437742138e-13
4.245145552647973638e-14 -3.254248101334166200e-13
3.655111828152064627e-14 -3.066695680071022441e-13
3.123283861540509975e-14 -2.890656116742439726e-13
2.644302416492427836e-14 -2.725381483593399739e-13
2.213300309197718516e-14 -2.570174861602215729e-13
1.825856256651269616e-14 -2.424386725919593671e-13
1.477953192033809022e-14 -2.287411593675032269e-13
1.165940599111746782e-14 -2.158684915074357929e-13
8.865004642260000742e-15 -2.037680190043321046e-13
6.366164860402286722e-15 -1.923906293924020403e-13
4.135462203469104922e-15 -1.816904996904638471e-13
2.147958703831267599e-15 -1.716248662962067178e-13
3.809746272846798844e-16 -1.621538115124181921e-13
-1.186118246655723346e-15 -1.532400654817097642e-13
-2.572083920850465677e-15 -1.448488223956297547e-13
-3.793991938831698964e-15 -1.369475699272382296e-13
-4.867371301417963878e-15 -1.295059309135981752e-13
-5.806350067851079942e-15 -1.224955163865298100e-13
-6.623782015390895721e-15 -1.158897891167514698e-13
-7.331361594785963680e-15 -1.096639368984764424e-13
-7.939728296573176049e-15 -1.037947548589955822e-13
-8.458561433259678642e-15 -9.826053613103309749e-14
-8.896666243760631824e-15 -9.304097027499746937e-14
-9.262052137824972736e-15 -8.811704888394963933e-14
-9.562003818517602241e-15 -8.347097784641118987e-14
-9.803145949201858830e-15 -7.908609578128807709e-14
-9.991501967034936509e-15 -7.494679819541443447e-14
-1.013254758700867158e-14 -7.103846694773391123e-14
-1.023125948836657338e-14 -6.734740463513074513e-14
-1.029215962820797984e-14 -6.386077354359488480e-14
-1.031935558472405224e-14 -6.056653883490573750e-14
-1.031657729431260297e-14 -5.745341566353434087e-14
-1.028721051237711251e-14 -5.451081994111977874e-14
-1.023432729653210246e-14 -5.172882248682605270e-14
-1.016071378289004271e-14 -4.909810632125344995e-14
-1.006889550077258513e-14 -4.660992687948393058e-14
-9.961160448308770818e-15 -4.425607493539411452e-14
-9.839580130706420614e-15 -4.202884204467464342e-14
-9.706028744289018495e-15 -3.992098832814522292e-14
-9.562200672485715436e-15 -3.792571243004100763e-14
-9.409626444666560792e-15 -3.603662349804411325e-14
-9.249687294872533019e-15 -3.424771504302752233e-14
-9.083628444956797178e-15 -3.255334054682522343e-14
-8.912571225301490177e-15 -3.094819069591961772e-14
-8.737524135989380746e-15 -2.942727212779243058e-14
-8.559392941987019824e-15 -2.798588758488025141e-14
-8.378989887444431575e-15 -2.661961737866134774e-14
-8.197042106548796637e-15 -2.532430207341550558e-14
-8.014199301414951478e-15 -2.409602630569757182e-14
-7.831040751181691750e-15 -2.293110366157861475e-14
-7.648081710751621061e-15 -2.182606253927726048e-14
-7.465779252406033389e-15 -2.077763292996134840e-14
-7.284537598798022376e-15 -1.978273405427631119e-14
-7.104712991528087161e-15 -1.883846279658224191e-14
-6.926618135600611942e-15 -1.794208288298163639e-14
-6.750526256505823003e-15 -1.709101475301932877e-14
-6.576674803441002155e-15 -1.628282607845897312e-14
-6.405268829243845527e-15 -1.551522288580508065e-14
-6.236484074935032549e-15 -1.478604124226759855e-14
-6.070469784330688057e-15 -1.409323946767439576e-14
-5.907351271966249024e-15 -1.343489083744123728e-14
-5.747232265553326461e-15 -1.280917674412681796e-14
-5.590197042348568821e-15 -1.221438028734197207e-14
-5.436312377136168026e-15 -1.164888026386492227e-14
-5.285629317995344288e-15 -1.111114553174700024e-14
-5.138184804629114803e-15 -1.059972972398713654e-14
-4.994003142758498005e-15 -1.011326628902159892e-14
-4.853097346925140490e-15 -9.650463836822549064e-15
-4.715470362986476732e-15 -9.210101770838521265e-15
-4.581116180620452194e-15 -8.791026187346711590e-15
-4.450020845274305401e-15 -8.392146025029767300e-15
-4.322163378185953794e-15 -8.012429448745455587e-15
-4.197516612370408925e-15 -7.650900452532214767e-15
-4.076047951791136308e-15 -7.306635667892940621e-15
-3.957720060321806276e-15 -6.978761364329328973e-15
-3.842491486542519262e-15 -6.666450629964640858e-15
-3.730317229901069688e-15 -6.368920720897663785e-15
-3.621149253300670763e-15 -6.085430568680876121e-15
-3.514936946746466688e-15 -5.815278436013608547e-15
-3.411627546290585345e-15 -5.557799711391331885e-15
-3.311166512156674677e-15 -5.312364834057855653e-15
-3.213497869596237169e-15 -5.078377341171562557e-15
-3.118564515728686506e-15 -4.855272029622581467e-15
-3.026308495341980214e-15 -4.642513225428325427e-15
-2.936671248378914331e-15 -4.439593154091420232e-15
-2.849593831603765979e-15 -4.246030405730752639e-15
-2.765017116732965533e-15 -4.061368489193498824e-15
-2.682881967120271906e-15 -3.885174469727131400e-15
-2.603129394910050795e-15 -3.717037685136313361e-15
-2.525700700410157847e-15 -3.556568535672623428e-15
-2.450537595287595629e-15 -3.403397343206682631e-15
-2.377582311054039900e-15 -3.257173275513562485e-15
-2.306777694183925371e-15 -3.117563331765492310e-15
-2.238067289093486992e-15 -2.984251385571357433e-15
-2.171395410104715546e-15 -2.856937282131926506e-15
-2.106707203422331418e-15 -2.735335986294278885e-15
-2.043948700064056146e-15 -2.619176778489211342e-15
-1.983066860604005818e-15 -2.508202495722816639e-15
-1.924009612515271115e-15 -2.402168814968636822e-15
-1.866725880830215968e-15 -2.300843576470575052e-15
-1.811165612774982520e-15 -2.204006144620179643e-15
-1.757279796978031710e-15 -2.111446804215132119e-15
-1.705020477800409038e-15 -2.022966190040125913e-15
-1.654340765287830533e-15 -1.938374747836886908e-15
-1.605194841200902948e-15 -1.857492224847663592e-15
-1.557537961539787890e-15 -1.780147188226709373e-15
-1.511326455942901473e-15 -1.706176569717330503e-15
-1.466517724305600287e-15 -1.635425235088784029e-15
-1.423070230933985305e-15 -1.567745576917698469e-15
-1.380943496520748574e-15 -1.502997129383698169e-15
-1.340098088204093238e-15 -1.441046203828239530e-15
-1.300495607947043267e-15 -1.381765543900329655e-15
-1.262098679452856113e-15 -1.325033999182647043e-15
-1.224870933812261194e-15 -1.270736216257151721e-15
-1.188776994060142352e-15 -1.218762346230719332e-15
-1.153782458802584616e-15 -1.169007767799064117e-15
-1.119853885059994385e-15 -1.121372824981341074e-15
-1.086958770458036939e-15 -1.075762578708589418e-15
-1.055065534885396871e-15 -1.032086571496926085e-15
-1.024143501725681818e-15 -9.902586044811248631e-16
-9.941628787601619493e-16 -9.501965261263184158e-16
-9.650947388282358762e-16 -9.118220319749995806e-16
-9.369110003236825377e-16 -8.750604748236735908e-16
-9.095844075965661161e-16 -8.398406847583085301e-16
-8.830885113232781672e-16 -8.060947985105509094e-16
-8.573976489004014771e-16 -7.737580976274180184e-16
-8.324869249119414351e-16 -7.427688549761726999e-16
-8.083321917138095487e-16 -7.130681891332964690e-16
-7.849100301743231365e-16 -6.845999262320505892e-16
-7.621977306048521518e-16 -6.573104688672416320e-16
-7.401732739104475608e-16 -6.311486716784317906e-16
-7.188153129864599215e-16 -6.060657232541383901e-16
-6.981031543836543641e-16 -5.820150340196822035e-16
-6.780167402611335846e-16 -5.589521297901604866e-16
-6.585366306434962867e-16 -5.368345506878495910e-16
-6.396439859960686808e-16 -5.156217551400380597e-16
-6.213205501296601427e-16 -4.952750286891070786e-16
-6.035486334441788073e-16 -4.757573973614508201e-16
-5.863110965185088812e-16 -4.570335453558975616e-16
-5.695913340523226674e-16 -4.390697368253996324e-16
-5.533732591639416076e-16 -4.218337415382383463e-16
-5.376412880469474993e-16 -4.052947642166429326e-16
-5.223803249870253689e-16 -3.894233773618114472e-16
-5.075757477393533485e-16 -3.741914573846848119e-16
-4.932133932658994935e-16 -3.595721238716565565e-16
-4.792795438310631033e-16 -3.455396818236522037e-16
-4.657609134533399152e-16 -3.320695667157383699e-16
-4.526446347099726738e-16 -3.191382922326609624e-16
-4.399182458909553603e-16 -3.067234005434826259e-16
-4.275696784982137650e-16 -2.948034149858205254e-16
-4.155872450853304604e-16 -2.833577950371149057e-16
-4.039596274327693577e-16 -2.723668934568876802e-16
-3.926758650532215934e-16 -2.618119154901275227e-16
-3.817253440213970361e-16 -2.516748800277626917e-16
-3.710977861223402268e-16 -2.419385826256833425e-16
-3.607832383121477598e-16 -2.325865602889845266e-16
-3.507720624848038289e-16 -2.236030579330013790e-16
-3.410549255387098491e-16 -2.149729964373610701e-16
-3.316227897364053760e-16 -2.066819422136534095e-16
-3.224669033508844110e-16 -1.987160782114746797e-16
-3.135787915918876129e-16 -1.910621762915216150e-16
-3.049502478055091738e-16 -1.837075708981046313e-16
-2.965733249404749207e-16 -1.766401339669748089e-16
-2.884403272744514038e-16 -1.698482510076607301e-16
-2.805438023937733954e-16 -1.633207983026424420e-16
-2.728765334200433381e-16 -1.570471211686744396e-16
-2.654315314770920279e-16 -1.510170132283561683e-16
-2.582020283918761452e-16 -1.452206966427168682e-16
-2.511814696229568826e-16 -1.396488032580934859e-16
-2.443635074103014371e-16 -1.342923566229549261e-16
-2.377419941402339390e-16 -1.291427548325865444e-16
-2.313109759194670120e-16 -1.241917541616712368e-16
-2.250646863522589516e-16 -1.194314534468374849e-16
-2.189975405148393788e-16 -1.148542791831459476e-16
-2.131041291213686935e-16 -1.104529713003017108e-16
-2.073792128758107696e-16 -1.062205695861003240e-16
-2.018177170042211460e-16 -1.021504007262392114e-16
-1.964147259620675274e-16 -9.823606593116472036e-17
-1.911654783113279931e-16 -9.447142912209394126e-17
-1.860653617622342378e-16 -9.085060564972816545e-17
-1.811099083746432822e-16 -8.736795152049124801e-17
-1.762947899141579327e-16 -8.401805310636987927e-17
-1.716158133582254995e-16 -8.079571731561643044e-17
-1.670689165475754606e-16 -7.769596220268771481e-17
-1.626501639784735294e-16 -7.471400799686335428e-17
-1.583557427313930450e-16 -7.184526852998840719e-17
-1.541819585318200211e-16 -6.908534304474378607e-17
-1.501252319390289865e-16 -6.643000836575486343e-17
-1.461820946587798507e-16 -6.387521141670818933e-17
-1.423491859760015490e-16 -6.141706206746424404e-17
-1.386232493036380441e-16 -5.905182629592799676e-17
-1.350011288439466221e-16 -5.677591965017922739e-17
-1.314797663586414173e-16 -5.458590099705783502e-17
-1.280561980443836648e-16 -5.247846654406822480e-17
-1.247275515102233015e-16 -5.045044412209427426e-17
-1.214910428536979034e-16 -4.849878771701658595e-17
-1.183439738323945154e-16 -4.662057223889262572e-17
-1.152837291278749649e-16 -4.481298851789932840e-17
-1.123077736989624263e-16 -4.307333851675295960e-17
-1.094136502214783400e-16 -4.139903074980914170e-17
-1.065989766116057985e-16 -3.978757589950715894e-17
-1.038614436301499891e-16 -3.823658262126726561e-17
-1.011988125650437283e-16 -3.674375352836636935e-17
-9.860891298953615200e-17 -3.530688134871597212e-17
-9.608964059357740470e-17 -3.392384524584620472e-17
-9.363895508599786374e-17 -3.259260729675986279e-17
-9.125487816514938444e-17 -3.131120911966231733e-17
-8.893549155575723093e-17 -3.007776864490004441e-17
-8.667893510979842337e-17 -2.889047702274976488e-17
-8.448340496929690241e-17 -2.774759566199609984e-17
-8.234715178898948926e-17 -2.664745339351565975e-17
-8.026847901688703788e-17 -2.558844375335300394e-17
-7.824574123081727385e-17 -2.456902238002840169e-17
-7.627734252909775248e-17 -2.358770452105854768e-17
-7.436173497354843143e-17 -2.264306264390218817e-17
-7.249741708311328188e-17 -2.173372414676259557e-17
-7.068293237641455956e-17 -2.085836916488692486e-17
-6.891686796161984676e-17 -2.001572846820100736e-17
-6.719785317205566823e-17 -1.920458144630854218e-17
-6.552455824605306800e-17 -1.842375417706364493e-17
-6.389569304955871651e-17 -1.767211757509746591e-17
-6.231000584009650385e-17 -1.694858561684247140e-17
-6.076628207071018155e-17 -1.625211363875660451e-17
-5.926334323256145820e-17 -1.558169670559430370e-17
-5.780004573490584090e-17 -1.493636804571699504e-17
-5.637527982120640429e-17 -1.431519755056706522e-17
-5.498796852019136137e-17 -1.371729033556112560e-17
-5.363706663069728338e-17 -1.314178535977852022e-17
-5.232155973918187254e-17 -1.258785410193993108e-17
-5.104046326882435235e-17 -1.205469929028066326e-17
-4.979282155917029953e-17 -1.154155368403114563e-17
-4.857770697531080573e-17 -1.104767890431773231e-17
-4.739421904562084463e-17 -1.057236431239316315e-17
-4.624148362711350218e-17 -1.011492593319959252e-17
-4.511865209749881876e-17 -9.674705422353868859e-18
-4.402490057306662778e-17 -9.251069074729221629e-18
-4.295942915154163059e-17 -8.843406872887686822e-18
-4.192146117908836951e-17 -8.451131573693979525e-18
-4.091024254067100106e-17 -8.073677831514228502e-18
-3.992504097299831716e-17 -7.710501356472704752e-18
-3.896514539931299045e-17 -7.361078106306679905e-18
-3.802986528530560864e-17 -7.024903510421972009e-18
-3.711853001546115540e-17 -6.701491724813302859e-18
-3.623048828916607485e-17 -6.390374916570663252e-18
-3.536510753592916459e-17 -6.091102576748520347e-18
-3.452177334908938094e-17 -5.803240860427368587e-18
-3.369988893740546302e-17 -5.526371952847369266e-18
-3.289887459394263873e-17 -5.260093460541935888e-18
-3.211816718169068230e-17 -5.004017826445342469e-18
-3.135721963536704946e-17 -4.757771767991682922e-18
-3.061550047887755197e-17 -4.520995737265464064e-18
-2.989249335792308134e-17 -4.293343402303007023e-18
-2.918769658726011414e-17 -4.074481148683111544e-18
-2.850062271213760243e-17 -3.864087600581509585e-18
-2.783079808344937589e-17 -3.661853160498620273e-18
-2.717776244615696851e-17 -3.467479566903829389e-18
-2.654106854055188061e-17 -3.280679469071196926e-18
-2.592028171594126316e-17 -3.101176018412190597e-18
-2.531497955635502255e-17 -2.928702475640311127e-18
-2.472475151788462088e-17 -2.763001833129997877e-18
-2.414919857727868097e-17 -2.603826451859672095e-18
-2.358793289143133383e-17 -2.450937712353510585e-18
-2.304057746741204653e-17 -2.304105679061471070e-18
-2.250676584269782207e-17 -2.163108777640392313e-18
-2.198614177527877007e-17 -2.027733484621056331e-18
-2.147835894332024654e-17 -1.897774028967991648e-18
-2.098308065407438473e-17 -1.773032105058668324e-18
-2.049997956174418342e-17 -1.653316596628812706e-18
-2.002873739401402420e-17 -1.538443311249000627e-18
-1.956904468696814065e-17 -1.428234724915789784e-18
-1.912060052813007452e-17 -1.322519736357611567e-18
-1.868311230736282285e-17 -1.221133430672294797e-18
-1.825629547537979478e-17 -1.123916851928702304e-18
-1.783987330962333488e-17 -1.030716784379858581e-18
-1.743357668727702963e-17 -9.413855419497736666e-19
-1.703714386518462361e-17 -8.557807656694539098e-19
-1.665032026645656875e-17 -7.737652287511429836e-19
-1.627285827355201227e-17 -6.952066490024268517e-19
-1.590451702763121501e-17 -6.199775082938651385e-19
-1.554506223397991842e-17 -5.479548788053816802e-19
-1.519426597331409952e-17 -4.790202557880170480e-19
-1.485190651877932478e-17 -4.130593965879499936e-19
-1.451776815846527712e-17 -3.499621656901221835e-19
-1.419164102326202056e-17 -2.896223855485282225e-19
-1.387332091988974731e-17 -2.319376929795056921e-19
-1.356260916893992849e-17 -1.768094009034395809e-19
-1.325931244777042010e-17 -1.241423652288606749e-19
-1.296324263810266984e-17 -7.384485668109143297e-20
-1.267421667817390705e-17 -2.582843738560944281e-20
-1.239205641930187533e-17 1.999215797627959368e-20
-1.211658848672467519e-17 6.369913661444411617e-20
-1.184764414458219418e-17 1.053717578478264436e-19
-1.158505916491059731e-17 1.450864392545699452e-19
-1.132867370052474459e-17 1.829168589095744572e-19
-1.107833216166813278e-17 2.189340538582710440e-19
-1.083388309631343886e-17 2.532065149697616557e-19
-1.059517907400064249e-17 2.858002783067202020e-19
-1.036207657310344854e-17 3.167790131439959421e-19
-1.013443587141783250e-17 3.462041067628576792e-19
-9.912120939970686835e-18 3.741347461426014543e-19
-9.694999339949002295e-18 4.006279966667183340e-19
-9.482942122653873222e-18 4.257388779560034808e-19
-9.275823732386130298e-18 4.495204369368190217e-19
-9.073521912173946391e-18 4.720238182483077936e-19
-8.875917612255130816e-18 4.932983320885309680e-19
-8.682894901229942718e-18 5.133915195953440864e-19
-8.494340879802676300e-18 5.323492158544123309e-19
-8.310145597033250470e-18 5.502156106229217432e-19
-8.130201969022032246e-18 5.670333068543008989e-19
-7.954405699954064541e-18 5.828433771059008774e-19
-7.782655205430827270e-18 5.976854179083581252e-19
-7.614851538020176698e-18 6.115976021724909444e-19
-7.450898314957248102e-18 6.246167297065128081e-19
-7.290701647931068145e-18 6.367782759136449753e-19
-7.134170074893991498e-18 6.481164387374600726e-19
-6.981214493832763367e-18 6.586641839197713099e-19
-6.831748098442135021e-18 6.684532886333628833e-19
-6.685686315643739768e-18 6.775143835494860084e-19
-6.542946744894639325e-18 6.858769933978039193e-19
-6.403449099232002829e-18 6.935695760741786595e-19
-6.267115148001639483e-18 7.006195603496895250e-19
-6.133868661220144276e-18 7.070533822322150665e-19
-6.003635355521624904e-18 7.128965200299124047e-19
-5.876342841641831545e-18 7.181735281641347662e-19
-5.751920573393783788e-18 7.229080697774937951e-19
-5.630299798090414212e-18 7.271229481810676854e-19
-5.511413508371284226e-18 7.308401371830408551e-19
-5.395196395391624179e-18 7.340808103395866741e-19
-5.281584803333241646e-18 7.368653691671424928e-19
-5.170516685198246195e-18 7.392134703538407959e-19
-5.061931559847509618e-18 7.411440520064036339e-19
-4.955770470247244294e-18 7.426753589674902403e-19
-4.851975942887907433e-18 7.438249672371315055e-19
-4.750491948340984023e-18 7.446098075306559451e-19
-4.651263862920171191e-18 7.450461880043154139e-19
-4.554238431414482015e-18 7.451498161786281078e-19
-4.459363730861808339e-18 7.449358200883624713e-19
-4.366589135332541398e-18 7.444187686870045047e-19
-4.275865281693557805e-18 7.436126915325262760e-19
-4.187144036324094874e-18 7.425310977802570305e-19
-4.100378462755565412e-18 7.411869945077349076e-19
-4.015522790208546945e-18 7.395929043954905132e-19
-3.932532383000708823e-18 7.377608827868060037e-19
-3.851363710800457527e-18 7.357025341486801135e-19
-3.771974319701719936e-18 7.334290279553843630e-19
-3.694322804096077762e-18 7.309511140152361930e-19
-3.618368779319143545e-18 7.282791372604172464e-19
-3.544072855048908284e-18 7.254230520189957539e-19
-3.471396609434186011e-18 7.223924357875536489e-19
-3.400302563932283982e-18 7.191965025221760616e-19
-3.330754158835390427e-18 7.158441154649269264e-19
-3.262715729465920587e-18 7.123437995222725871e-19
-3.196152483021570980e-18 7.087037532113284560e-19
-3.131030476051547127e-18 7.049318601892642335e-19
-3.067316592545823647e-18 7.010357003805797690e-19
-3.004978522619918058e-18 6.970225607164783137e-19
-2.943984741778243609e-18 6.928994455000496878e-19
-2.884304490739479647e-18 6.886730864104278659e-19
-2.825907755807968185e-18 6.843499521586881383e-19
-2.768765249775675258e-18 6.799362578077188983e-19
-2.712848393339552722e-18 6.754379737678974037e-19
