npts 513 dfreq 1.000000000000000021e-02
0.000000000000000000e+00 0.000000000000000000e+00
3.812709123251948992e-07 -3.023203685583559477e-07
-2.620332253803568437e-06 -2.833861535483660474e-06
-8.217473972551900111e-06 -6.153225966925204533e-08
-1.117345878245807502e-05 5.570045176176635601e-06
-1.186740471102465704e-05 1.161799341803484443e-05
-1.107014577816055334e-05 1.740301696999734668e-05
-9.243497218201164779e-06 2.276640318447537771e-05
-6.647119582294972817e-06 2.767972979976357359e-05
-3.435164421763203956e-06 3.214250322057135800e-05
2.925938681809307410e-07 3.615602815860412148e-05
4.465017914452848376e-06 3.971774149963405915e-05
9.026373716904349589e-06 4.282101657076087893e-05
1.392928314253790386e-05 4.545624651637722360e-05
1.913084028083908214e-05 4.761203980153224573e-05
2.459041217558110429e-05 4.927623959623099199e-05
3.026837305717519749e-05 5.043673205042612645e-05
3.612537609851879420e-05 5.108207368505692674e-05
4.212194597973279179e-05 5.120197748761826600e-05
4.821826944761414152e-05 5.078769174177045223e-05
5.437411196798173907e-05 4.983229762158492910e-05
6.054881707034434331e-05 4.833094458779886143e-05
6.670136141467402366e-05 4.628103726112039719e-05
7.279044833911903049e-05 4.368238353994418179e-05
7.877462855095915305e-05 4.053731094237761481e-05
8.461244028593757334e-05 3.685075618021489512e-05
9.026256358036602073e-05 3.263033157950544769e-05
9.568398479642023188e-05 2.788637097739082567e-05
1.008361685226216606e-04 2.263195702697432514e-05
1.056792346257364579e-04 1.688293134667404993e-05
1.101741386728689160e-04 1.065788859895863927e-05
1.142828542461376006e-04 3.978155334521715812e-06
1.179685558835714390e-04 -3.132245736963913062e-06
1.211958015290321729e-04 -1.064664550966798000e-05
1.239307134810245200e-04 -1.853579182026035508e-05
1.261411569085709047e-04 -2.676792595791459484e-05
1.277969150609461590e-04 -3.530887197303286986e-05
1.288698603432066319e-04 -4.412213842797885958e-05
1.293341204654090430e-04 -5.316903223707249360e-05
1.291662389032169280e-04 -6.240878423807255616e-05
1.283453289333685583e-04 -7.179868612558968613e-05
1.268532205307488950e-04 -8.129423835999027208e-05
1.246745994356812334e-04 -9.084930864467071778e-05
1.217971377212943022e-04 -1.004163005410776022e-04
1.182116152120330069e-04 -1.099463317652995799e-04
1.139120311259618100e-04 -1.193894216830638383e-04
1.088957053357831678e-04 -1.286946874920303708e-04
1.031633686666641605e-04 -1.378105485517684995e-04
9.671924167320909390e-05 -1.466849382930504955e-04
8.957110136333757766e-05 -1.552655231093837162e-04
8.173033536351606966e-05 -1.634999276052243229e-04
7.321198304778916846e-05 -1.713359655472893105e-04
6.403476318241798216e-05 -1.787218758379641777e-04
5.422108766865469943e-05 -1.856065628031267458e-04
4.379706099830246583e-05 -1.919398400609352497e-04
3.279246507020495613e-05 -1.976726772133425333e-04
2.124072905070212584e-05 -2.027574485784448127e-04
9.178883997353119335e-06 -2.071481831593434755e-04
-3.352497997123897544e-06 -2.108008150241121384e-04
-1.630938034473763094e-05 -2.136734332518225733e-04
-2.964435434960366152e-05 -2.157265305815224171e-04
-4.330674756476863505e-05 -2.169232498846979454e-04
-5.724274819736793778e-05 -2.172296275672505432e-04
-7.139554559662648848e-05 -2.166148329945342542e-04
-8.570548681353488431e-05 -2.150514030227341209e-04
-1.001102491741001784e-04 -2.125154707120570678e-04
-1.145450287599383008e-04 -2.089869872921030331e-04
-1.289427446407347610e-04 -2.044499364477371647e-04
-1.432342586529018085e-04 -1.988925399951271648e-04
-1.573486104677608946e-04 -1.923074540228078620e-04
-1.712132676411276598e-04 -1.846919545821619436e-04
-1.847543902845666277e-04 -1.760481120261452427e-04
-1.978971099474428528e-04 -1.663829531150560570e-04
-2.105658222488477726e-04 -1.557086100343623336e-04
-2.226844927505038227e-04 -1.440424555028038114e-04
-2.341769755170488426e-04 -1.314072231899697041e-04
-2.449673437702058385e-04 -1.178311127121024320e-04
-2.549802320102432401e-04 -1.033478785337553588e-04
-2.641411889542530866e-04 -8.799690217175654670e-05
-2.723770406291570190e-04 -7.182324717719333856e-05
-2.796162629616958761e-04 -5.487769646090618215e-05
-2.857893632323983127e-04 -3.721677162800224802e-05
-2.908292698110039867e-04 -1.890273409608894640e-05
-2.946717296732748572e-04 -3.567888393540799794e-09
-2.972557133208145381e-04 1.940705588654754532e-05
-2.985238268947983760e-04 3.924983273727353607e-05
-2.984227315006708105e-04 5.943989643068059930e-05
-2.969035700542951633e-04 7.988690823499414390e-05
-2.939224023317136896e-04 1.004951633643231737e-04
-2.894406493661735922e-04 1.211637142109028132e-04
-2.834255488986294749e-04 1.417865100098502707e-04
-2.758506242619083440e-04 1.622525527427758031e-04
-2.666961698720215286e-04 1.824460693894648308e-04
-2.559497574165241923e-04 2.022467011294514546e-04
-2.436067678662571492e-04 2.215297108377359085e-04
-2.296709555797321113e-04 2.401662112845391985e-04
-2.141550519898214634e-04 2.580234179262019660e-04
-1.970814176091661258e-04 2.749649321676255788e-04
-1.784827522817861980e-04 2.908510636065214281e-04
-1.584028746193443752e-04 3.055392031714146590e-04
-1.368975822102359418e-04 3.188842633837959658e-04
-1.140356042224384826e-04 3.307392073558010196e-04
-8.989965708558527108e-05 3.409556947085088090e-04
-6.458761156376714024e-05 3.493848804504812947e-04
-3.821377510487083907e-05 3.558784119968683266e-04
-1.091028609843272598e-05 3.602896797983508228e-04
1.717139435692467442e-05 3.624753881202670059e-04
4.585892349145491133e-05 3.622975236558922257e-04
7.495750303654913631e-05 3.596258096735024793e-04
1.042483721686314116e-04 3.543407404167475249e-04
1.334874864240160610e-04 3.463372917768219430e-04
1.624045479599705286e-04 3.355293960823433480e-04
1.907026065497008783e-04 3.218552463514975925e-04
2.180585098948230923e-04 3.052834526705495337e-04
2.441245407775585795e-04 2.858200041210984255e-04
2.685316280540011886e-04 2.635158879654186698e-04
2.908945447627748582e-04 2.384750799198959875e-04
3.108194912512419897e-04 2.108624464203888026e-04
3.279143822047644787e-04 1.809109010920902409e-04
3.418019914155013736e-04 1.489269541906245884e-04
3.521358401060120484e-04 1.152936209574484470e-04
3.586183406628404399e-04 8.046956225570629957e-05
3.610202487590601539e-04 4.498337729287995511e-05
3.591999866190712597e-04 9.422209713281925759e-06
3.531209671273832307e-04 -2.558570056973372486e-05
3.428647871155971090e-04 -5.939419574392837094e-05
3.286381853716797779e-04 -9.136694303499013682e-05
3.107720598127681404e-04 -1.209077214018838673e-04
2.897116190807205575e-04 -1.474905450985759630e-04
2.659978178399378295e-04 -1.706865854739431966e-04
2.402414076944901799e-04 -1.901850046490449254e-04
2.130919858919108850e-04 -2.058054734950078902e-04
1.852051114811206669e-04 -2.175012056039706606e-04
1.572107344481895967e-04 -2.253525864704180258e-04
1.296858260688944027e-04 -2.295526552306464334e-04
1.031333163208711249e-04 -2.303865778843243364e-04
7.796843334490384796e-05 -2.282077004357500828e-04
5.451252123934708353e-05 -2.234127689155396734e-04
3.299356874927367080e-05 -2.164185333859494360e-04
1.355211977524484045e-05 -2.076413568239976221e-04
-3.749018747456230524e-06 -1.974807798399194061e-04
-1.891284649002937540e-05 -1.863073735876366870e-04
-3.199539501303150869e-05 -1.744547242814595083e-04
-4.309318856350134979e-05 -1.622150639446855972e-04
-5.233169422840855590e-05 -1.498378867161997833e-04
-5.985521346285460614e-05 -1.375308394166891725e-04
-6.581841854836108913e-05 -1.254622119576334779e-04
-7.037955278460602431e-05 -1.137644418305708586e-04
-7.369518971098761983e-05 -1.025381583703127404e-04
-7.591637486148080109e-05 -9.185640627000107611e-05
-7.718594131843986258e-05 -8.176879141589047089e-05
-7.763678573097811109e-05 -7.230537929429091458e-05
-7.739090434138728720e-05 -6.348024519897719293e-05
-7.655901106216395817e-05 -5.529462714086647631e-05
-7.524058616952142774e-05 -4.773966904422418804e-05
-7.352423105151473595e-05 -4.079876632972130352e-05
-7.148822948150599960e-05 -3.444954112889585121e-05
-6.920123795849382844e-05 -2.866548262528708339e-05
-6.672304635558982228e-05 -2.341729142229483082e-05
-6.410536547865441752e-05 -1.867396700182059313e-05
-6.139261043713001395e-05 -1.440367546627158205e-05
-5.862265836186310915e-05 -1.057443172024815080e-05
-5.582756639567120833e-05 -7.154626652485388612e-06
-5.303424144076335873e-05 -4.113426126797558161e-06
-5.026505724055616774e-05 -1.421064938070739440e-06
-4.753841731792922778e-05 9.509445144449728573e-07
-4.486926435053314251e-05 3.029672161837772019e-06
-4.226953794997803193e-05 4.840684855607265761e-06
-3.974858369570313294e-05 6.408004028358959110e-06
-3.731351678931603232e-05 7.754096873489873878e-06
-3.496954394413327608e-05 8.899893219797192873e-06
-3.272024718601215619e-05 9.864821732380791745e-06
-3.056783317441187577e-05 1.066686028864218252e-05
-2.851335150087794400e-05 1.132259639030784698e-05
-2.655688521801311648e-05 1.184729430933321985e-05
-2.469771661875874651e-05 1.225496635424945725e-05
-2.293447103996724899e-05 1.255844620769559142e-05
-2.126524121725640877e-05 1.276946274604889122e-05
-1.968769447770053920e-05 1.289871312577593038e-05
-1.819916482798376075e-05 1.295593422327219495e-05
-1.679673178118777665e-05 1.294997175807888919e-05
-1.547728756695455703e-05 1.288884662396658867e-05
-1.423759418790790925e-05 1.277981810721540445e-05
-1.307433161981535386e-05 1.262944379376879896e-05
-1.198413830344782197e-05 1.244363606281445470e-05
-1.096364494159831932e-05 1.222771513871684007e-05
-1.000950249423856131e-05 1.198645873018549041e-05
-9.118405157230415604e-06 1.172414832846831444e-05
-8.287109014262335964e-06 1.144461226797137845e-05
-7.512446966656894981e-06 1.115126567527825918e-05
-6.791340470355067048e-06 1.084714744791766675e-05
-6.120808542745670823e-06 1.053495441391181196e-05
-5.497974443162688202e-06 1.021707282834989669e-05
-4.920070378986111130e-06 9.895607364968027998e-06
-4.384440543587451345e-06 9.572407759779011876e-06
-3.888542752171571805e-06 9.249093260835739244e-06
-3.429948906257425734e-06 8.927075033750408515e-06
-3.006344486552652291e-06 8.607576667049426629e-06
-2.615527246811621608e-06 8.291652915154021231e-06
-2.255405257475002046e-06 7.980206810004615678e-06
-1.923994427075671306e-06 7.674005265302867286e-06
-1.619415611206273373e-06 7.373693290191278069e-06
-1.339891402964901413e-06 7.079806922052897926e-06
-1.083742684950284289e-06 6.792784981089941391e-06
-8.493850108193570079e-07 6.512979742500286182e-06
-6.353248739328548504e-07 6.240666615469218924e-06
-4.401559115050797996e-07 5.976052911865800039e-06
-2.625550847743470891e-07 5.719285781503858830e-06
-1.012788688706381284e-07 5.470459385111698152e-06
4.484051985437501545e-08 5.229621370758114915e-06
1.768988363686978135e-07 4.996778714407031340e-06
2.959234410946424924e-07 4.771902980514526999e-06
4.028768411261011770e-07 4.554935054133168509e-06
4.986601272432410524e-07 4.345789391839962042e-06
5.841162981923452838e-07 4.144357834943010898e-06
6.600334660398261008e-07 3.950513024836957848e-06
7.271479383925058902e-07 3.764111457052973062e-06
7.861471749483672055e-07 3.584996207472648923e-06
8.376726172437742026e-07 3.412999361331600575e-06
8.823223916313703319e-07 3.247944173014077160e-06
9.206538864885079781e-07 3.089646982220384413e-06
9.531862054472063692e-07 2.937918909860996443e-06
9.804024990773426083e-07 2.792567354981629985e-06
1.002752177966119862e-06 2.653397312140339244e-06
1.020653010537519522e-06 2.520212526928139255e-06
1.034493109261329883e-06 2.392816505738337268e-06
1.044632809126570892e-06 2.271013394435448661e-06
1.051406442411011806e-06 2.154608739242576392e-06
1.055124013877533373e-06 2.043410141946885043e-06
1.056072780578496906e-06 1.937227820407566813e-06
1.054518740459296023e-06 1.835875084331345002e-06
1.050708033928503092e-06 1.739168735349286310e-06
1.044868262510680618e-06 1.646929399578579706e-06
1.037209728624084268e-06 1.558981800077227030e-06
1.027926600433575700e-06 1.475154975892243667e-06
1.017198005622982825e-06 1.395282453757421932e-06
1.005189057813956877e-06 1.319202377909421001e-06
9.920518192331507158e-07 1.246757602956637540e-06
9.779262030983475793e-07 1.177795754248856402e-06
9.629408190592159394e-07 1.112169259753575671e-06
9.472137648912473971e-07 1.049735357043019024e-06
9.308533675035582137e-07 9.903560786308061841e-07
9.139588761837936147e-07 9.338982185659818691e-07
8.966211108673698321e-07 8.802332828913974446e-07
8.789230680844025948e-07 8.292374263009829531e-07
8.609404871066840098e-07 7.807913770833830461e-07
8.427423786893588078e-07 7.347803522158350318e-07
8.243915186780225969e-07 6.910939642697527391e-07
8.059449086319820207e-07 6.496261216064164951e-07
7.874542054987728966e-07 6.102749231757803955e-07
7.689661222636950125e-07 5.729425490819991710e-07
7.505228013912970040e-07 5.375351479444910289e-07
7.321621627734435922e-07 5.039627219618241672e-07
7.139182278007871754e-07 4.721390104762110285e-07
6.958214210811558804e-07 4.419813727378734738e-07
6.778988512394562834e-07 4.134106704799256809e-07
6.601745721491388146e-07 3.863511508348339833e-07
6.426698258649064251e-07 3.607303300521295914e-07
6.254032684501361495e-07 3.364788784130093599e-07
6.083911798202215476e-07 3.135305066802245369e-07
5.916476586546350863e-07 2.918218543704214084e-07
5.751848033658176995e-07 2.712923800904292311e-07
5.590128800518519614e-07 2.518842541382508936e-07
5.431404783021323297e-07 2.335422535332901493e-07
5.275746556707990640e-07 2.162136596082081301e-07
5.123210715813118742e-07 1.998481582662850510e-07
4.973841113771803381e-07 1.843977429829879276e-07
4.827670011882928844e-07 1.698166206082439196e-07
4.684719142394201823e-07 1.560611200063846123e-07
4.545000691871455626e-07 1.430896035536301132e-07
4.408518210335763017e-07 1.308623814980420618e-07
4.275267451295753569e-07 1.193416291738762914e-07
4.145237147468268401e-07 1.084913070510453326e-07
4.018409726666333351e-07 9.827708359070019434e-08
3.894761972039317446e-07 8.866626086969249290e-08
3.774265630573497273e-07 7.962770292963919457e-08
3.656887973502613764e-07 7.113176680041359335e-08
3.542592312035097375e-07 6.315023614298224735e-08
3.431338471577353306e-07 5.565625745247404664e-08
3.323083227419510360e-07 4.862427875913980763e-08
3.217780704650592578e-07 4.202999076231452830e-08
3.115382744883529098e-07 3.585027033056650595e-08
3.015839242195726168e-07 3.006312629984042842e-08
2.919098450527491272e-07 2.464764750048340953e-08
2.825107264627987314e-07 1.958395294356695277e-08
2.733811476495363715e-07 1.485314409678144553e-08
2.645156009124279300e-07 1.043725918037782267e-08
2.559085129249212485e-07 6.319229414096622285e-09
2.475542640655383529e-07 2.482837146728930399e-09
2.394472059520193616e-07 -1.087324199146704075e-09
2.315816773146380992e-07 -4.405888433622962790e-09
2.239520183353164730e-07 -7.486753222277785636e-09
2.165525835702982205e-07 -1.034311508915591099e-08
2.093777535658648747e-07 -1.298750286229988263e-08
2.024219452688731093e-07 -1.543180962268563443e-08
1.956796213266731495e-07 -1.768732321584801154e-08
1.891452983642629320e-07 -1.976475538384788580e-08
1.828135543202639599e-07 -2.167426957357684622e-08
1.766790349174714206e-07 -2.342550747571042130e-08
1.707364593382764231e-07 -2.502761434692831062e-08
1.649806251701990976e-07 -2.648926316632134237e-08
1.594064126820319123e-07 -2.781867767521213731e-08
1.540087884866970696e-07 -2.902365434793624776e-08
1.487828086428135762e-07 -3.011158333946430371e-08
1.437236212431567675e-07 -3.108946845410447278e-08
1.388264685346313199e-07 -3.196394617790766047e-08
1.340866886110696667e-07 -3.274130381581150717e-08
1.294997167170886603e-07 -3.342749677300595170e-08
1.250610861983681596e-07 -3.402816501848263778e-08
1.207664291310513018e-07 -3.454864876724943247e-08
1.166114766604836325e-07 -3.499400341624832198e-08
1.125920590772022180e-07 -3.536901376760960406e-08
1.087041056559451091e-07 -3.567820757151249222e-08
1.049436442814529636e-07 -3.592586841959955290e-08
1.013068008829909626e-07 -3.611604801861114624e-08
9.778979869779212047e-08 -3.625257787266587279e-08
9.438895738202905320e-08 -3.633908040141372893e-08
9.110069198643950284e-08 -3.637897952013248039e-08
8.792151181235115449e-08 -3.637551070671720502e-08
8.484801916257572790e-08 -3.633173057944038700e-08
8.187690800045816178e-08 -3.625052600831612905e-08
7.900496252926581683e-08 -3.613462278190851892e-08
7.622905570308564185e-08 -3.598659385045761647e-08
7.354614767945019789e-08 -3.580886716527553088e-08
7.095328422304428712e-08 -3.560373313347475366e-08
6.844759506902739343e-08 -3.537335170623824855e-08
6.602629225376165987e-08 -3.511975911802120874e-08
6.368666842003858927e-08 -3.484487429328880242e-08
6.142609510325860768e-08 -3.455050493664077801e-08
5.924202100442035933e-08 -3.423835332145025613e-08
5.713197025523144383e-08 -3.391002179145259143e-08
5.509354068014427158e-08 -3.356701798905684836e-08
5.312440205965188060e-08 -3.321075982351687544e-08
5.122229439874980738e-08 -3.284258019149209025e-08
4.938502620406918623e-08 -3.246373146194574534e-08
4.761047277282087596e-08 -3.207538973677252043e-08
4.589657449635243359e-08 -3.167865889801531654e-08
4.424133518080845014e-08 -3.127457445202289464e-08
4.264282038709880387e-08 -3.086410718041260005e-08
4.109915579211680630e-08 -3.044816660724060232e-08
3.960852557290689199e-08 -3.002760429133531671e-08
3.816917081526168484e-08 -2.960321695232883367e-08
3.677938794802277537e-08 -2.917574943851425279e-08
3.543752720417651854e-08 -2.874589754427256940e-08
3.414199110966339960e-08 -2.831431068444285298e-08
3.289123300066610341e-08 -2.788159443265810392e-08
3.168375556999821464e-08 -2.744831293033362378e-08
3.051810944308730954e-08 -2.701499117267460914e-08
2.939289178392801220e-08 -2.658211717776421421e-08
2.830674493127363733e-08 -2.615014404450173344e-08
2.725835506523868833e-08 -2.571949190488373705e-08
2.624645090439664234e-08 -2.529054977585576925e-08
2.526980243337710549e-08 -2.486367731570925654e-08
2.432721966089738800e-08 -2.443920648975946363e-08
2.341755140809679548e-08 -2.401744314980911723e-08
2.253968412698599876e-08 -2.359866853168542497e-08
2.169254074877193071e-08 -2.318314067492923433e-08
2.087507956177302809e-08 -2.277109576851761175e-08
2.008629311859879323e-08 -2.236274942631112569e-08
1.932520717223241955e-08 -2.195829789573881000e-08
1.859087964062290822e-08 -2.155791920306060558e-08
1.788239959936700425e-08 -2.116177423838612563e-08
1.719888630203598514e-08 -2.077000778347087586e-08
1.653948822768354822e-08 -2.038274948516514354e-08
1.590338215505301682e-08 -2.000011477724889749e-08
1.528977226298734868e-08 -1.962220575325216366e-08
1.469788925653476051e-08 -1.924911199273286940e-08
1.412698951823197523e-08 -1.888091134336244087e-08
1.357635428404093549e-08 -1.851767066105427215e-08
1.304528884340857384e-08 -1.815944651025949375e-08
1.253312176291605673e-08 -1.780628582645026397e-08
1.203920413298218912e-08 -1.745822654271114763e-08
1.156290883708395584e-08 -1.711529818226365997e-08
1.110362984295950681e-08 -1.677752241865987746e-08
1.066078151525955345e-08 -1.644491360529433802e-08
1.023379794911664734e-08 -1.611747927580192000e-08
9.822132324105698429e-09 -1.579522061683219340e-08
9.425256278073603218e-09 -1.547813291461598600e-08
9.042659300321805582e-09 -1.516620597667040093e-08
8.673848143631112137e-09 -1.485942452992102418e-08
8.318346254625540185e-09 -1.455776859645679939e-08
7.975693221978664894e-09 -1.426121384807243487e-08
7.645444241973701213e-09 -1.396973194069542590e-08
7.327169600937096700e-09 -1.368329082974052211e-08
7.020454174073068618e-09 -1.340185506738193246e-08
6.724896940235587891e-09 -1.312538608268426004e-08
6.440110512183274986e-09 -1.285384244548615222e-08
6.165720681871378070e-09 -1.258718011488572061e-08
5.901365980344518804e-09 -1.232535267313430309e-08
5.646697251802918214e-09 -1.206831154570467126e-08
5.401377241424637787e-09 -1.181600620826138039e-08
5.165080196535000152e-09 -1.156838438122396611e-08
4.937491480724803418e-09 -1.132539221257959379e-08
4.718307200527514533e-09 -1.108697444956804090e-08
4.507233844275505197e-09 -1.085307459983086333e-08
4.303987932764642566e-09 -1.062363508258645433e-08
4.108295681365711336e-09 -1.039859737036445962e-08
3.919892673230663793e-09 -1.017790212180593722e-08
3.738523543250444352e-09 -9.961489306009931490e-09
3.563941672430464463e-09 -9.749298318882891540e-09
3.395908892358640510e-09 -9.541268091923890218e-09
3.234195199449373141e-09 -9.337337193856792090e-09
3.078578478656150573e-09 -9.137443925499578052e-09
2.928844236353254181e-09 -8.941526408240900514e-09
2.784785342095862032e-09 -8.749522666475162861e-09
2.646201778975970141e-09 -8.561370704329571267e-09
2.512900402299414452e-09 -8.377008576999141857e-09
2.384694706317455249e-09 -8.196374456989830517e-09
2.261404598753933353e-09 -8.019406695554221331e-09
2.142856182876617488e-09 -7.846043879589677723e-09
2.028881546868834976e-09 -7.676224884254917410e-09
1.919318560264560631e-09 -7.509888921547671214e-09
1.814010677217472733e-09 -7.346975585073643348e-09
1.712806746381142723e-09 -7.187424891224933770e-09
1.615560827184359839e-09 -7.031177316974673934e-09
1.522132012292246988e-09 -6.878173834484127014e-09
1.432384256050091107e-09 -6.728355942707899218e-09
1.346186208713239238e-09 -6.581665696173478155e-09
1.263411056272234314e-09 -6.438045731101859498e-09
1.183936365688633844e-09 -6.297439289027438736e-09
1.107643935362475886e-09 -6.159790238066911705e-09
1.034419650657969365e-09 -6.025043091978866684e-09
9.641533443196794490e-10 -5.893143027148688405e-09
8.967386616164951445e-10 -5.764035897625648587e-09
8.320729300560774951e-10 -5.637668248332864514e-09
7.700570335172972106e-10 -5.513987326563869607e-09
7.105952906532476026e-10 -5.392941091873894429e-09
6.535953374219532962e-10 -5.274478224467741971e-09
5.989680136066723662e-10 -5.158548132180986879e-09
5.466272531920229363e-10 -5.045100956145732514e-09
4.964899784665475817e-10 -4.934087575227391041e-09
4.484759977265489419e-10 -4.825459609314137531e-09
4.025079064600660768e-10 -4.719169421536237198e-09
3.585109918938669263e-10 -4.615170119488323872e-09
3.164131407900746079e-10 -4.513415555523441196e-09
2.761447503829188154e-10 -4.413860326184158261e-09
2.376386423495115169e-10 -4.316459770832107519e-09
2.008299797122248545e-10 -4.221169969534222335e-09
1.656561865735005603e-10 -4.127947740260338411e-09
1.320568705872682723e-10 -4.036750635444055553e-09
9.997374807431712150e-11 -3.947536937955570812e-09
6.935057169199593098e-11 -3.860265656532532957e-09
4.013306057169321764e-11 -3.774896520712423850e-09
1.226883284031573609e-11 -3.691389975307211572e-09
-1.429265955512122901e-11 -3.609707174458989000e-09
-3.960019379803242781e-11 -3.529809975312747711e-09
-6.370083700353786006e-11 -3.451660931340561426e-09
-8.664000494354389613e-11 -3.375223285349271127e-09
-1.084615187662364170e-10 -3.300460962201957408e-09
-1.292076597782647295e-10 -3.227338561281621171e-09
-1.489192223555304906e-10 -3.155821348723781065e-09
-1.676355650463494835e-10 -3.085875249443133568e-09
-1.853946599285322098e-10 -3.017466838977789544e-09
-2.022331402799220931e-10 -2.950563335173236707e-09
-2.181863466198590580e-10 -2.885132589726730237e-09
-2.332883711771312669e-10 -2.821143079611559820e-09
-2.475721008380843022e-10 -2.758563898399389423e-09
-2.610692586267438234e-10 -2.697364747497671676e-09
-2.738104437670337637e-10 -2.637515927318092759e-09
-2.858251703755053861e-10 -2.578988328390909345e-09
-2.971419048313082258e-10 -2.521753422439052710e-09
-3.077881018685964990e-10 -2.465783253424997100e-09
-3.177902394349670680e-10 -2.411050428582434440e-09
-3.271738523581021973e-10 -2.357528109443992232e-09
-3.359635648613151622e-10 -2.305190002875497749e-09
-3.441831219673315616e-10 -2.254010352126400799e-09
-3.518554198282801802e-10 -2.203963927905473057e-09
-3.590025350186044010e-10 -2.155026019490039642e-09
-3.656457528263101623e-10 -2.107172425876493213e-09
-3.718055945768017874e-10 -2.060379446979228327e-09
-3.775018440223638037e-10 -2.014623874884512158e-09
-3.827535728292061876e-10 -1.969882985165409431e-09
-3.875791651929432612e-10 -1.926134528263232522e-09
-3.919963416122802441e-10 -1.883356720940657661e-09
-3.960221818496801111e-10 -1.841528237811100566e-09
-3.996731471068015948e-10 -1.800628202948614396e-09
-4.029651014415479655e-10 -1.760636181582124136e-09
-4.059133324526511527e-10 -1.721532171877490402e-09
-4.085325712568087690e-10 -1.683296596810496527e-09
-4.108370117825721708e-10 -1.645910296133605252e-09
-4.128403294043279210e-10 -1.609354518438947130e-09
-4.145556989389161688e-10 -1.573610913319764927e-09
-4.159958120266754348e-10 -1.538661523632277753e-09
-4.171728939179452817e-10 -1.504488777859628792e-09
-4.180987196853406181e-10 -1.471075482579413618e-09
-4.187846298814103445e-10 -1.438404815035977560e-09
-4.192415456606362729e-10 -1.406460315818560127e-09
-4.194799833840631428e-10 -1.375225881646104376e-09
-4.195100687242353951e-10 -1.344685758259392963e-09
-4.193415502875018724e-10 -1.314824533421007598e-09
-4.189838127701778263e-10 -1.285627130023413213e-09
-4.184458896644727241e-10 -1.257078799305419124e-09
-4.177364755295629515e-10 -1.229165114176996711e-09
-4.168639378426511002e-10 -1.201871962652419517e-09
-4.158363284443544800e-10 -1.175185541391526382e-09
-4.146613945922610176e-10 -1.149092349348782969e-09
-4.133465896360365840e-10 -1.123579181529769657e-09
-4.118990833269878707e-10 -1.098633122854577135e-09
-4.103257717745559908e-10 -1.074241542127513953e-09
-4.086332870617983075e-10 -1.050392086112503962e-09
-4.068280065314676066e-10 -1.027072673713383708e-09
-4.049160617539514537e-10 -1.004271490258331924e-09
-4.029033471879005636e-10 -9.819769818875582705e-10
-4.007955285440417085e-10 -9.601778500433145108e-10
-3.985980508622802616e-10 -9.388630460612624081e-10
-3.963161463118862457e-10 -9.180217658621860732e-10
-3.939548417241870266e-10 -8.976434447429723977e-10
-3.915189658668940184e-10 -8.777177522657626252e-10
-3.890131564688673443e-10 -8.582345872441461679e-10
-3.864418670038233166e-10 -8.391840728252298257e-10
-3.838093732411958473e-10 -8.205565516663736907e-10
-3.811197795720926194e-10 -8.023425812054101448e-10
-3.783770251179990960e-10 -7.845329290230767445e-10
