npts 513 dfreq 1.000000000000000021e-02
0.000000000000000000e+00 0.000000000000000000e+00
3.910691199775783475e-04 -2.533741267268699413e-04
2.837233420905317747e-03 -5.723999578521418719e-03
-2.884004900951436302e-04 -2.578305106339006184e-02
-2.485400158923480388e-02 -5.710861148146969407e-02
-7.711906723760485194e-02 -8.410328876287068156e-02
-1.505399905465340249e-01 -9.334830095428346686e-02
-2.340787757171912953e-01 -7.988356294111968736e-02
-3.185106396003455909e-01 -4.511694874448440168e-02
-3.981386083713380764e-01 6.832750464038930827e-03
-4.702147774738362762e-01 7.148312233179170139e-02
-5.338846240584357306e-01 1.449877919719264607e-01
-5.893324587889019472e-01 2.243785260600112963e-01
-6.372322780595830460e-01 3.074911562462180892e-01
-6.784349587600803089e-01 3.928003546994776607e-01
-7.138056191063628653e-01 4.792553900149305046e-01
-7.441475277767426455e-01 5.661457249980377249e-01
-7.701727610763844378e-01 6.529997816829129498e-01
-7.924966294285492596e-01 7.395117924954952571e-01
-8.116432477754916830e-01 8.254901009609169060e-01
-8.280555859249751904e-01 9.108210532181928443e-01
-8.421066355930226788e-01 9.954439353121122824e-01
-8.541101067041269035e-01 1.079333632622253569e+00
-8.643299945421171193e-01 1.162488653007555328e+00
-8.729888281004132278e-01 1.244922866085272917e+00
-8.802746331589549333e-01 1.326659816380926671e+00
-8.863467385596168757e-01 1.407728820746238396e+00
-8.913405841842647614e-01 1.488162304307568906e+00
-8.953716879771014270e-01 1.567993997196412970e+00
-8.985389146310145403e-01 1.647257729968210072e+00
-9.009271692472841098e-01 1.725986645353586812e+00
-9.026096197308783875e-01 1.804212699105975259e+00
-9.036495338270216227e-01 1.881966360938171157e+00
-9.041018012255954694e-01 1.959276453150531339e+00
-9.040141981382531222e-01 2.036170083144904552e+00
-9.034284409952374473e-01 2.112672639053886581e+00
-9.023810671197732836e-01 2.188807826885041052e+00
-9.009041731055591473e-01 2.264597734049080824e+00
-8.990260358573728405e-01 2.340062908715787149e+00
-8.967716366029598873e-01 2.415222447681761420e+00
-8.941631044330201616e-01 2.490094087731197448e+00
-8.912200928994825633e-01 2.564694297099071374e+00
-8.879601007574581262e-01 2.639038364798492964e+00
-8.843987459581026389e-01 2.713140486387357608e+00
-8.805500003957249522e-01 2.787013845320550853e+00
-8.764263916089661821e-01 2.860670689432025515e+00
-8.720391765738474410e-01 2.934122402365527904e+00
-8.673984918589393578e-01 3.007379569958707588e+00
-8.625134837021376510e-01 3.080452041708414246e+00
-8.573924209848137190e-01 3.153348987523400648e+00
-8.520427935981116363e-01 3.226078950017318370e+00
-8.464713982989442442e-01 3.298649892619733404e+00
-8.406844138240685549e-01 3.371069243792180092e+00
-8.346874667572166118e-01 3.443343937635347185e+00
-8.284856894164904784e-01 3.515480451165659659e+00
-8.220837708389440168e-01 3.587484838527231101e+00
-8.154860017799244742e-01 3.659362762390434121e+00
-8.086963145109077322e-01 3.731119522772024411e+00
-8.017183180868949766e-01 3.802760083495269061e+00
-7.945553296592826609e-01 3.874289096491786655e+00
-7.872104023296864206e-01 3.945710924130898523e+00
-7.796863499718670321e-01 4.017029659746826908e+00
-7.719857693908880325e-01 4.088249146519751243e+00
-7.641110601391369883e-01 4.159372994853121952e+00
-7.560644422665804276e-01 4.230404598377216274e+00
-7.478479722464390633e-01 4.301347148697377776e+00
-7.394635572864119988e-01 4.372203648994724468e+00
-7.309129682089059443e-01 4.442976926577527408e+00
-7.221978510606885671e-01 4.513669644472512843e+00
-7.133197375925760531e-01 4.584284312137369533e+00
-7.042800547325394067e-01 4.654823295368352376e+00
-6.950801331607611155e-01 4.725288825470242315e+00
-6.857212150822287189e-01 4.795683007749907745e+00
-6.762044612812044830e-01 4.866007829389114470e+00
-6.665309575321211044e-01 4.936265166747459077e+00
-6.567017204328715607e-01 5.006456792141562140e+00
-6.467177027190087468e-01 5.076584380142751485e+00
-6.365797981107838011e-01 5.146649513431659884e+00
-6.262888457392151720e-01 5.216653688244856646e+00
-6.158456341923123079e-01 5.286598319445519500e+00
-6.052509052181582749e-01 5.356484745247489521e+00
-5.945053571175727969e-01 5.426314231619437045e+00
-5.836096478556765943e-01 5.496087976393634555e+00
-5.725643979185683907e-01 5.565807113101802095e+00
-5.613701929386347711e-01 5.635472714558529717e+00
-5.500275861096054486e-01 5.705085796211132099e+00
-5.385371004103233217e-01 5.774647319273205959e+00
-5.268992306543015536e-01 5.844158193657767342e+00
-5.151144453804570311e-01 5.913619280724510929e+00
-5.031831885988929942e-01 5.983031395854609080e+00
-4.911058814042616461e-01 6.052395310865384737e+00
-4.788829234680315738e-01 6.121711756276161154e+00
-4.665146944199163870e-01 6.190981423435754749e+00
-4.540015551277517547e-01 6.260204966521273562e+00
-4.413438488842443830e-01 6.329383004417051595e+00
-4.285419025082356503e-01 6.398516122481948898e+00
-4.155960273674383365e-01 6.467604874212596222e+00
-4.025065203289591165e-01 6.536649782809561771e+00
-3.892736646433735404e-01 6.605651342652941516e+00
-3.758977307675909207e-01 6.674610020693307000e+00
-3.623789771312916352e-01 6.743526257763674536e+00
-3.487176508513285533e-01 6.812400469817464277e+00
-3.349139883980492005e-01 6.881233049097408738e+00
-3.209682162172353137e-01 6.950024365239650059e+00
-3.068805513109627570e-01 7.018774766317287472e+00
-2.926512017804716592e-01 7.087484579827068920e+00
-2.782803673338482553e-01 7.156154113622846147e+00
-2.637682397610903173e-01 7.224783656799054654e+00
-2.491150033789459040e-01 7.293373480527299613e+00
-2.343208354476687960e-01 7.361923838848878354e+00
-2.193859065617203008e-01 7.430434969425960823e+00
-2.043103810162475442e-01 7.498907094253818073e+00
-1.890944171510496596e-01 7.567340420336514661e+00
-1.737381676735768876e-01 7.635735140328102410e+00
-1.582417799624211141e-01 7.704091433141475598e+00
-1.426053963526279778e-01 7.772409464526630174e+00
-1.268291544040699992e-01 7.840689387620178863e+00
-1.109131871540028208e-01 7.908931343467735964e+00
-9.485762335487311903e-02 7.977135461520703075e+00
-7.866258769834849618e-02 8.045301860108930114e+00
-6.232820102646813298e-02 8.113430646890545717e+00
-4.585458053076716528e-02 8.181521919280271504e+00
-2.924183994013269602e-02 8.249575764857407734e+00
-1.249008969811968295e-02 8.317592261754565897e+00
4.400562869595826994e-03 8.385571479028190112e+00
2.143001339701563687e-02 8.453513477011904698e+00
3.859816032828464194e-02 8.521418307653565449e+00
5.590490477629039834e-02 8.589286014836865490e+00
7.335015038888560712e-02 8.657116634688316381e+00
9.093380322228954149e-02 8.724910195870453578e+00
1.086557716211932201e-01 8.792666719861806257e+00
1.265159661052175366e-01 8.860386221224537451e+00
1.445142992612895028e-01 8.928068707860123965e+00
1.626506856416386482e-01 8.995714181253990915e+00
1.809250416670324380e-01 9.063322636709363778e+00
1.993372855349799799e-01 9.130894063571085795e+00
2.178873371326071062e-01 9.198428445439786216e+00
2.365751179539158922e-01 9.265925760376958920e+00
2.554005510212071783e-01 9.333385981101310236e+00
2.743635608104057488e-01 9.400809075176891128e+00
2.934640731800768898e-01 9.468195005193340563e+00
3.127020153039260508e-01 9.535543728938662866e+00
3.320773156065936482e-01 9.602855199564887201e+00
3.515899037025534968e-01 9.670129365746936045e+00
3.712397103379446173e-01 9.737366171835027728e+00
3.910266673351867062e-01 9.804565558000936321e+00
4.109507075402309972e-01 9.871727460378371788e+00
4.310117647722660483e-01 9.938851811197737973e+00
4.512097737758083982e-01 1.000593853891558815e+01
4.715446701750103942e-01 1.007298756833896292e+01
4.920163904300679514e-01 1.013999882074487147e+01
5.126248717956378709e-01 1.020697221399508514e+01
5.333700522811511968e-01 1.027390766264656996e+01
5.542518706129176964e-01 1.034080507805760618e+01
5.752702661979360865e-01 1.040766436848990750e+01
5.964251790893382310e-01 1.047448543920685182e+01
6.177165499533316950e-01 1.054126819256797987e+01
6.391443200376425438e-01 1.060801252812000506e+01
6.607084311413159439e-01 1.067471834268439146e+01
6.824088255858472563e-01 1.074138553044169875e+01
7.042454461875443661e-01 1.080801398301286476e+01
7.262182362311107031e-01 1.087460358953743622e+01
7.483271394443292701e-01 1.094115423674903020e+01
7.705720999738296939e-01 1.100766580904799952e+01
7.929530623619065466e-01 1.107413818857156151e+01
8.154699715242645919e-01 1.114057125526136005e+01
8.381227727287323681e-01 1.120696488692864712e+01
8.609114115748377483e-01 1.127331895931716765e+01
8.838358339742471426e-01 1.133963334616383456e+01
9.068959861319756399e-01 1.140590791925726322e+01
9.300918145283927352e-01 1.147214254849432180e+01
9.534232659019434841e-01 1.153833710193466189e+01
9.768902872325621045e-01 1.160449144585344250e+01
1.000492825725773915e+00 1.167060544479220674e+01
1.024230828797386250e+00 1.173667896160802826e+01
1.048104244058832846e+00 1.180271185752107677e+01
1.072113019303068127e+00 1.186870399216044092e+01
1.096257102491019486e+00 1.193465522360857634e+01
1.120536441738567479e+00 1.200056540844416197e+01
1.144950985304029611e+00 1.206643440178359938e+01
1.169500681576128187e+00 1.213226205732111751e+01
1.194185479062406685e+00 1.219804822736757188e+01
1.219005326378115761e+00 1.226379276288802878e+01
1.243960172235480055e+00 1.232949551353800643e+01
1.269049965433403093e+00 1.239515632769874287e+01
1.294274654847532791e+00 1.246077505251113671e+01
1.319634189420718418e+00 1.252635153390871636e+01
1.345128518153800856e+00 1.259188561664957184e+01
1.370757590096752132e+00 1.265737714434721362e+01
1.396521354340143573e+00 1.272282595950052020e+01
1.422419760006902623e+00 1.278823190352270167e+01
1.448452756244404949e+00 1.285359481676942472e+01
1.474620292216810791e+00 1.291891453856600336e+01
1.500922317097705516e+00 1.298419090723380087e+01
1.527358780062986421e+00 1.304942376011579164e+01
1.553929630284012209e+00 1.311461293360137148e+01
1.580634816920969632e+00 1.317975826315036691e+01
1.607474289116519905e+00 1.324485958331641555e+01
1.634447995989610547e+00 1.330991672776952761e+01
1.661555886629530576e+00 1.337492952931805590e+01
1.688797910090191534e+00 1.343989781992995702e+01
1.716174015384549500e+00 1.350482143075349128e+01
1.743684151479265587e+00 1.356970019213723866e+01
1.771328267289524083e+00 1.363453393364956945e+01
1.799106311674041336e+00 1.369932248409755537e+01
1.827018233430214078e+00 1.376406567154527139e+01
1.855063981289457375e+00 1.382876332333165514e+01
1.883243503912690242e+00 1.389341526608776611e+01
1.911556749885957140e+00 1.395802132575363252e+01
1.940003667716209135e+00 1.402258132759453169e+01
1.968584205827217160e+00 1.408709509621686884e+01
1.997298312555609190e+00 1.415156245558358883e+01
2.026145936147040416e+00 1.421598322902916856e+01
2.055127024752510856e+00 1.428035723927413514e+01
2.084241526424749136e+00 1.434468430843924125e+01
2.113489389114758144e+00 1.440896425805923187e+01
2.142870560668437729e+00 1.447319690909618650e+01
2.172384988823337526e+00 1.453738208195254877e+01
2.202032621205500806e+00 1.460151959648378117e+01
2.231813405326395383e+00 1.466560927201064324e+01
2.261727288579956863e+00 1.472965092733118553e+01
2.291774218239708727e+00 1.479364438073237231e+01
2.321954141455985443e+00 1.485758945000143783e+01
2.352267005253223520e+00 1.492148595243686771e+01
2.382712756527334719e+00 1.498533370485917260e+01
2.413291342043176524e+00 1.504913252362129050e+01
2.444002708432081228e+00 1.511288222461880437e+01
2.474846802189457851e+00 1.517658262329976715e+01
2.505823569672475326e+00 1.524023353467440778e+01
2.536932957097797203e+00 1.530383477332447839e+01
2.568174910539402056e+00 1.536738615341235104e+01
2.599549375926446970e+00 1.543088748868999893e+01
2.631056299041210078e+00 1.549433859250760115e+01
2.662695625517083275e+00 1.555773927782201760e+01
2.694467300836608903e+00 1.562108935720497982e+01
2.726371270329591034e+00 1.568438864285112899e+01
2.758407479171269827e+00 1.574763694658584257e+01
2.790575872380502531e+00 1.581083407987279266e+01
2.822876394818037316e+00 1.587397985382141918e+01
2.855308991184809742e+00 1.593707407919410102e+01
2.887873606020306294e+00 1.600011656641324365e+01
2.920570183700942124e+00 1.606310712556811993e+01
2.953398668438527608e+00 1.612604556642161313e+01
2.986359004278710927e+00 1.618893169841668112e+01
3.019451135099533445e+00 1.625176533068276896e+01
3.052675004609968656e+00 1.631454627204200847e+01
3.086030556348522857e+00 1.637727433101525776e+01
3.119517733681870464e+00 1.643994931582802366e+01
3.153136479803524406e+00 1.650257103441622775e+01
3.186886737732536279e+00 1.656513929443180899e+01
3.220768450312212927e+00 1.662765390324821979e+01
3.254781560208912072e+00 1.669011466796576926e+01
3.288926009910822845e+00 1.675252139541684571e+01
3.323201741726786285e+00 1.681487389217100770e+01
3.357608697785166463e+00 1.687717196453995427e+01
3.392146820032714505e+00 1.693941541858238864e+01
3.426816050233494337e+00 1.700160406010875036e+01
3.461616329967801775e+00 1.706373769468580193e+01
3.496547600631147112e+00 1.712581612764121530e+01
3.531609803433196859e+00 1.718783916406786716e+01
3.566802879396839820e+00 1.724980660882827621e+01
3.602126769357170133e+00 1.731171826655868884e+01
3.637581413960551124e+00 1.737357394167323221e+01
3.673166753663714701e+00 1.743537343836790043e+01
3.708882728732811440e+00 1.749711656062449450e+01
3.744729279242548614e+00 1.755880311221436330e+01
3.780706345075333985e+00 1.762043289670224411e+01
3.816813865920408944e+00 1.768200571744984373e+01
3.853051781273014953e+00 1.774352137761936632e+01
3.889420030433596853e+00 1.780497968017703414e+01
3.925918552506995063e+00 1.786638042789651948e+01
3.962547286401668423e+00 1.792772342336216340e+01
3.999306170828933027e+00 1.798900846897230821e+01
4.036195144302203275e+00 1.805023536694240249e+01
4.073214145136270226e+00 1.811140391930814175e+01
4.110363111446578621e+00 1.817251392792845266e+01
4.147641981148504797e+00 1.823356519448850577e+01
4.185050691956692326e+00 1.829455752050251505e+01
4.222589181384352131e+00 1.835549070731666532e+01
4.260257386742588359e+00 1.841636455611177325e+01
4.298055245139763336e+00 1.847717886790605135e+01
4.335982693480856298e+00 1.853793344355773343e+01
4.374039668466792818e+00 1.859862808376760057e+01
4.412226106593872821e+00 1.865926258908158530e+01
4.450541944153123097e+00 1.871983675989313056e+01
4.488987117229727097e+00 1.878035039644572279e+01
4.527561561702402315e+00 1.884080329883511951e+01
4.566265213242842513e+00 1.890119526701170827e+01
4.605098007315135078e+00 1.896152610078280176e+01
4.644059879175203243e+00 1.902179559981471613e+01
4.683150763870258082e+00 1.908200356363507311e+01
4.722370596238236296e+00 1.914214979163477892e+01
4.761719310907261971e+00 1.920223408307010260e+01
4.801196842295151868e+00 1.926225623706477563e+01
4.840803124608846097e+00 1.932221605261183939e+01
4.880538091843918735e+00 1.938211332857564884e+01
4.920401677784071559e+00 1.944194786369371997e+01
4.960393816000616241e+00 1.950171945657857009e+01
5.000514439851989401e+00 1.956142790571950485e+01
5.040763482483285429e+00 1.962107300948444433e+01
5.081140876825726238e+00 1.968065456612155373e+01
5.121646555596227834e+00 1.974017237376096645e+01
5.162280451296903827e+00 1.979962623041642544e+01
5.203042496214623114e+00 1.985901593398694587e+01
5.243932622420523160e+00 1.991834128225826817e+01
5.284950761769575678e+00 1.997760207290452072e+01
5.326096845900122112e+00 2.003679810348964807e+01
5.367370806233445535e+00 2.009592917146893143e+01
5.408772573973314124e+00 2.015499507419039560e+01
5.450302080105547731e+00 2.021399560889623359e+01
5.491959255397601325e+00 2.027293057272420640e+01
5.533744030398112024e+00 2.033179976270895395e+01
5.575656335436484312e+00 2.039060297578332026e+01
5.617696100622474376e+00 2.044934000877967151e+01
5.659863255845777097e+00 2.050801065843112880e+01
5.702157730775589961e+00 2.056661472137281521e+01
5.744579454860234691e+00 2.062515199414308853e+01
5.787128357326722927e+00 2.068362227318465330e+01
5.829804367180360991e+00 2.074202535484579002e+01
5.872607413204357307e+00 2.080036103538144943e+01
5.915537423959404961e+00 2.085862911095435379e+01
5.958594327783298006e+00 2.091682937763608763e+01
6.001778052790551321e+00 2.097496163140816705e+01
6.045088526871970735e+00 2.103302566816306296e+01
6.088525677694290650e+00 2.109102128370516027e+01
6.132089432699798337e+00 2.114894827375186992e+01
6.175779719105920051e+00 2.120680643393446374e+01
6.219596463904867534e+00 2.126459555979912608e+01
6.263539593863209021e+00 2.132231544680778867e+01
6.307609035521553054e+00 2.137996589033911121e+01
6.351804715194129258e+00 2.143754668568931265e+01
6.396126558968410869e+00 2.149505762807305231e+01
6.440574492704765674e+00 2.155249851262432870e+01
6.485148442036054561e+00 2.160986913439718649e+01
6.529848332367279795e+00 2.166716928836664025e+01
6.574674088875198663e+00 2.172439876942939918e+01
6.619625636507956656e+00 2.178155737240468781e+01
6.664702899984738416e+00 2.183864489203493520e+01
6.709905803795354728e+00 2.189566112298657430e+01
6.755234272199926338e+00 2.195260585985075608e+01
6.800688229228467385e+00 2.200947889714399608e+01
6.846267598680570110e+00 2.206628002930895605e+01
6.891972304124985627e+00 2.212300905071503365e+01
6.937802268899313063e+00 2.217966575565907306e+01
6.983757416109577676e+00 2.223624993836598307e+01
7.029837668629922653e+00 2.229276139298937665e+01
7.076042949102199664e+00 2.234919991361218905e+01
7.122373179935628684e+00 2.240556529424723564e+01
7.168828283306426741e+00 2.246185732883788333e+01
7.215408181157437539e+00 2.251807581125853730e+01
7.262112795197794846e+00 2.257422053531524853e+01
7.308942046902517475e+00 2.263029129474623247e+01
7.355895857512170899e+00 2.268628788322242684e+01
7.402974148032519075e+00 2.274221009434799612e+01
7.450176839234099013e+00 2.279805772166081823e+01
7.497503851651944551e+00 2.285383055863307078e+01
7.544955105585128941e+00 2.290952839867157920e+01
7.592530521096466423e+00 2.296515103511838518e+01
7.640230018012125868e+00 2.302069826125119789e+01
7.688053515921239089e+00 2.307616987028380962e+01
7.736000934175583765e+00 2.313156565536655407e+01
7.784072191889168657e+00 2.318688540958675759e+01
7.832267207937884557e+00 2.324212892596906599e+01
7.880585900959151680e+00 2.329729599747600233e+01
7.929028189351521760e+00 2.335238641700822626e+01
7.977593991274303242e+00 2.340739997740495681e+01
8.026283224647231762e+00 2.346233647144441647e+01
8.075095807150063365e+00 2.351719569184412961e+01
8.124031656222204134e+00 2.357197743126128486e+01
8.173090689062338043e+00 2.362668148229310816e+01
8.222272822628058364e+00 2.368130763747718248e+01
8.271577973635487524e+00 2.373585568929179246e+01
8.321006058558896967e+00 2.379032543015624768e+01
8.370556993630343001e+00 2.384471665243119887e+01
8.420230694839252905e+00 2.389902914841891501e+01
8.470027077932073212e+00 2.395326271036358534e+01
8.519946058411886014e+00 2.400741713045167813e+01
8.569987551538009285e+00 2.406149220081210416e+01
8.620151472325625619e+00 2.411548771351658615e+01
8.670437735545391433e+00 2.416940346057988620e+01
8.720846255723040841e+00 2.422323923396003664e+01
8.771376947139012614e+00 2.427699482555866339e+01
8.822029723828043402e+00 2.433067002722115291e+01
8.872804499578792914e+00 2.438426463073694705e+01
8.923701187933428258e+00 2.443777842783971010e+01
8.974719702187236692e+00 2.449121121020761294e+01
9.025859955388236600e+00 2.454456276946353555e+01
9.077121860336786696e+00 2.459783289717521626e+01
9.128505329585138384e+00 2.465102138485557148e+01
9.180010275437098244e+00 2.470412802396273122e+01
9.231636609947566185e+00 2.475715260590038369e+01
9.283384244922192607e+00 2.481009492201788902e+01
9.335253091916884571e+00 2.486295476361044265e+01
9.387243062237475399e+00 2.491573192191926367e+01
9.439354066939284138e+00 2.496842618813178660e+01
9.491586016826689232e+00 2.502103735338179291e+01
9.543938822452730619e+00 2.507356520874956729e+01
9.596412394118688738e+00 2.512600954526206110e+01
9.649006641873651091e+00 2.517837015389301669e+01
9.701721475514126780e+00 2.523064682556312377e+01
9.754556804583566887e+00 2.528283935114014369e+01
9.807512538371998545e+00 2.533494752143904094e+01
9.860588585915559534e+00 2.538697112722212879e+01
9.913784855996071954e+00 2.543890995919912967e+01
9.967101257140626558e+00 2.549076380802736352e+01
1.002053769762114932e+01 2.554253246431182234e+01
1.007409408545393603e+01 2.559421571860521283e+01
1.012777032839922953e+01 2.564581336140818735e+01
1.018156633396082356e+01 2.569732518316935810e+01
1.023548200938552988e+01 2.574875097428536819e+01
1.028951726166280523e+01 2.580009052510102663e+01
1.034367199752429300e+01 2.585134362590940782e+01
1.039794612344330638e+01 2.590251006695183733e+01
1.045233954563450496e+01 2.595358963841808730e+01
1.050685217005331396e+01 2.600458213044636224e+01
1.056148390239552803e+01 2.605548733312340559e+01
1.061623464809685302e+01 2.610630503648453526e+01
1.067110431233242807e+01 2.615703503051374668e+01
1.072609280001636201e+01 2.620767710514371629e+01
1.078120001580126264e+01 2.625823105025590820e+01
1.083642586407778019e+01 2.630869665568054927e+01
1.089177024897413304e+01 2.635907371119678544e+01
1.094723307435562809e+01 2.640936200653262489e+01
1.100281424382417228e+01 2.645956133136500199e+01
1.105851366071781605e+01 2.650967147531986967e+01
1.111433122811026664e+01 2.655969222797213902e+01
1.117026684881036225e+01 2.660962337884580009e+01
1.122632042536164754e+01 2.665946471741386858e+01
1.128249186004184956e+01 2.670921603309847825e+01
1.133878105486236620e+01 2.675887711527087731e+01
1.139518791156781674e+01 2.680844775325141427e+01
1.145171233163547697e+01 2.685792773630959829e+01
1.150835421627487598e+01 2.690731685366410630e+01
1.156511346642716909e+01 2.695661489448275461e+01
1.162198998276475059e+01 2.700582164788256989e+01
1.167898366569064272e+01 2.705493690292971110e+01
1.173609441533806574e+01 2.710396044863960441e+01
1.179332213156984110e+01 2.715289207397675852e+01
1.185066671397795801e+01 2.720173156785495294e+01
1.190812806188297301e+01 2.725047871913707098e+01
1.196570607433354816e+01 2.729913331663524190e+01
1.202340065010588255e+01 2.734769514911070232e+01
1.208121168770319365e+01 2.739616400527388151e+01
1.213913908535520392e+01 2.744453967378431258e+01
1.219718274101755107e+01 2.749282194325067152e+01
1.225534255237134396e+01 2.754101060223078434e+01
1.231361841682247693e+01 2.758910543923147429e+01
1.237201023150125501e+01 2.763710624270875016e+01
1.243051789326169043e+01 2.768501280106757889e+01
1.248914129868104439e+01 2.773282490266199218e+01
1.254788034405926389e+01 2.778054233579502963e+01
1.260673492541837959e+01 2.782816488871868543e+01
1.266570493850195689e+01 2.787569234963389775e+01
1.272479027877461633e+01 2.792312450669053447e+01
1.278399084142129816e+01 2.797046114798730798e+01
1.284330652134688755e+01 2.801770206157184262e+01
1.290273721317545430e+01 2.806484703544052195e+01
1.296228281124984250e+01 2.811189585753852427e+01
1.302194320963096175e+01 2.815884831575977998e+01
1.308171830209726494e+01 2.820570419794690054e+01
1.314160798214416381e+01 2.825246329189116423e+01
1.320161214298341967e+01 2.829912538533249133e+01
1.326173067754256607e+01 2.834569026595935881e+01
1.332196347846428708e+01 2.839215772140876837e+01
1.338231043810583820e+01 2.843852753926625709e+01
1.344277144853846018e+01 2.848479950706576247e+01
1.350334640154672172e+01 2.853097341228963302e+01
1.356403518862796354e+01 2.857704904236858923e+01
1.362483770099166058e+01 2.862302618468162052e+01
1.368575382955877018e+01 2.866890462655599592e+01
1.374678346496119552e+01 2.871468415526719298e+01
1.380792649754108403e+01 2.876036455803879832e+01
1.386918281735027314e+01 2.880594562204257869e+01
1.393055231414955664e+01 2.885142713439828910e+01
1.399203487740815355e+01 2.889680888217368704e+01
1.405363039630303135e+01 2.894209065238449696e+01
1.411533875971825047e+01 2.898727223199433567e+01
1.417715985624434438e+01 2.903235340791463415e+01
1.423909357417765520e+01 2.907733396700461626e+01
1.430113980151968001e+01 2.912221369607122767e+01
1.436329842597645801e+01 2.916699238186911103e+01
1.442556933495782978e+01 2.921166981110044958e+01
1.448795241557687952e+01 2.925624577041506669e+01
1.455044755464918538e+01 2.930072004641025174e+01
1.461305463869218535e+01 2.934509242563074594e+01
1.467577355392448979e+01 2.938936269456865347e+01
1.473860418626524904e+01 2.943353063966344152e+01
1.480154642133340737e+01 2.947759604730181948e+01
1.486460014444705280e+01 2.952155870381771763e+01
1.492776524062275278e+01 2.956541839549223027e+01
1.499104159457484009e+01 2.960917490855355538e+01
1.505442909071467739e+01 2.965282802917690930e+01
1.511792761315006750e+01 2.969637754348451608e+01
1.518153704568442031e+01 2.973982323754550450e+01
1.524525727181614521e+01 2.978316489737585115e+01
1.530908817473792638e+01 2.982640230893841959e+01
1.537302963733592875e+01 2.986953525814271515e+01
1.543708154218921536e+01 2.991256353084502706e+01
1.550124377156892486e+01 2.995548691284826504e+01
1.556551620743757525e+01 2.999830518990187755e+01
1.562989873144831954e+01 3.004101814770185186e+01
1.569439122494430450e+01 3.008362557189071040e+01
1.575899356895776826e+01 3.012612724805727638e+01
1.582370564420947545e+01 3.016852296173683712e+01
1.588852733110787163e+01 3.021081249841090965e+01
1.595345850974833368e+01 3.025299564350729042e+01
1.601849905991247880e+01 3.029507218239996647e+01
1.608364886106736691e+01 3.033704190040906923e+01
1.614890779236474927e+01 3.037890458280082839e+01
1.621427573264029931e+01 3.042066001478746884e+01
1.627975256041285590e+01 3.046230798152725328e+01
1.634533815388366307e+01 3.050384826812435435e+01
1.641103239093560973e+01 3.054528065962882977e+01
