npts 513 dfreq 1.000000000000000021e-02
0.000000000000000000e+00 0.000000000000000000e+00
-9.409853750869211350e-04 -2.226155943297774154e-03
-1.208304380993427407e-02 -1.242952768819393337e-02
-4.438626602591146109e-02 -2.280306130319210631e-02
-9.611814010928754204e-02 -1.956534143293896591e-02
-1.570444539494030289e-01 4.025700270343868931e-03
-2.175248210931359505e-01 4.683564985071735076e-02
-2.719545593949623807e-01 1.042869679743027161e-01
-3.181744772113830333e-01 1.715965948815250941e-01
-3.560112223392671305e-01 2.449904044706440742e-01
-3.861839263257620392e-01 3.218332531980465649e-01
-4.096958200048735899e-01 4.004008565860475155e-01
-4.275493147982559194e-01 4.796095119274118024e-01
-4.406343691892258274e-01 5.587996007343433158e-01
-4.496998104044157563e-01 6.375840149677082236e-01
-4.553587975843758073e-01 7.157463349663018004e-01
-4.581073721513255759e-01 7.931768520664623789e-01
-4.583445317517726991e-01 8.698302914562641153e-01
-4.563912588941243520e-01 9.457004673268084582e-01
-4.525062846256894256e-01 1.020803613702627066e+00
-4.468987785993848716e-01 1.095168402334550262e+00
-4.397389147818140942e-01 1.168829375025518091e+00
-4.311657203771382951e-01 1.241823246826302629e+00
-4.212934532744745386e-01 1.314186544952706592e+00
-4.102165951049250303e-01 1.385954395976978226e+00
-3.980136073600287205e-01 1.457159142260445739e+00
-3.847501515157358831e-01 1.527831367435378507e+00
-3.704814604460898164e-01 1.597998371634987258e+00
-3.552542575750999299e-01 1.667685074630824049e+00
-3.391081929062228495e-01 1.736913457088724799e+00
-3.220772756595405850e-01 1.805703355935473819e+00
-3.041906282809953566e-01 1.874072716513045966e+00
-2.854735116007613427e-01 1.942037149341077740e+00
-2.659477829333324328e-01 2.009610172499770808e+00
-2.456325807865551714e-01 2.076804032925738674e+00
-2.245446787837201974e-01 2.143629333972119522e+00
-2.026988688284585283e-01 2.210095315014713346e+00
-1.801082608482077185e-01 2.276209985183049067e+00
-1.567846378670906815e-01 2.341980229428133775e+00
-1.327382424445828213e-01 2.407411979659233037e+00
-1.079785850603278419e-01 2.472510217632088114e+00
-8.251416935640309980e-02 2.537279128464985600e+00
-5.635272247446095756e-02 2.601722162942677663e+00
-2.950130092927751024e-02 2.665842108389296694e+00
-1.966380774426949429e-03 2.729641152175223962e+00
2.624606535412916594e-02 2.793120938636021400e+00
5.513050219605478836e-02 2.856282620111308290e+00
8.468178300031213579e-02 2.919127175746799807e+00
1.148950714759532504e-01 2.981654360643343438e+00
1.457657189324616243e-01 3.043864107919187934e+00
1.772896816388341568e-01 3.105756562514413677e+00
2.094627815906141832e-01 3.167330743727229336e+00
2.422811508615611842e-01 3.228585667028863515e+00
2.757410899335956400e-01 3.289520094482324630e+00
3.098390463784660431e-01 3.350132556817098539e+00
3.445716236775915875e-01 3.410421645973352511e+00
3.799354568829430012e-01 3.470384942823997232e+00
4.159273564356895103e-01 3.530020669434199565e+00
4.525441920960483477e-01 3.589326613332305183e+00
4.897827593300920768e-01 3.648300153501689014e+00
5.276403564673548541e-01 3.706939315323308559e+00
5.661138988558717111e-01 3.765241216119324275e+00
6.052004928171231812e-01 3.823203120622435502e+00
6.448973287119322828e-01 3.880822459593307183e+00
6.852014966709980559e-01 3.938095755109140228e+00
7.261102446623292073e-01 3.995020253992759507e+00
7.676207996585414639e-01 4.051592851169618648e+00
8.097304059725309866e-01 4.107810367423580189e+00
8.524363211504177862e-01 4.163669555569414982e+00
8.957358122763026120e-01 4.219167106141945567e+00
9.396261526433373756e-01 4.274299652646000425e+00
9.841046187512185739e-01 4.329063776406960606e+00
1.029168487595033987e+00 4.383456011057589308e+00
1.074815098932624169e+00 4.437473113887898890e+00
1.121041529476686227e+00 4.491110733725266257e+00
1.167844998857816341e+00 4.544366143592031726e+00
1.215223176287280493e+00 4.597235345714327792e+00
1.263173070753969895e+00 4.649714746891286943e+00
1.311691918135842849e+00 4.701800672139746951e+00
1.360776941795282857e+00 4.753489422351870886e+00
1.410425351340607314e+00 4.804777276803037012e+00
1.460634341499651878e+00 4.855660495495786044e+00
1.511401091094803029e+00 4.906135321352991241e+00
1.562722762110060781e+00 4.956197982272178670e+00
1.614596498841629035e+00 5.005844693051955119e+00
1.667019427124430964e+00 5.055071657200441493e+00
1.719988653627738451e+00 5.103875068634788903e+00
1.773501265213772715e+00 5.152251113280112982e+00
1.827554328353750313e+00 5.200195970575353321e+00
1.882144888596410048e+00 5.247705814893042664e+00
1.937269970084522841e+00 5.294776816879323000e+00
1.992926575115329113e+00 5.341405144720051013e+00
2.049111683741234646e+00 5.387586965338271305e+00
2.105822253407460209e+00 5.433318445528062313e+00
2.163055420918317040e+00 5.478596265402073229e+00
2.220807696176080981e+00 5.523415568673714304e+00
2.279076166016347660e+00 5.567773041584262117e+00
2.337857217463103598e+00 5.611664459764162949e+00
2.397148640315653001e+00 5.655086809918101309e+00
2.456946777797171855e+00 5.698035874249709920e+00
2.517248421493277988e+00 5.740507845910650886e+00
2.578050338504597416e+00 5.782498925174428983e+00
2.639349271309764600e+00 5.824005320162663146e+00
2.701141937645024527e+00 5.865023247539735252e+00
2.763425030399233151e+00 5.905548933177925619e+00
2.826195217523160608e+00 5.945578612794805373e+00
2.889449141952115774e+00 5.985108532564709094e+00
2.953183421540973352e+00 6.024134949705853614e+00
3.017394649010762375e+00 6.062654133044629745e+00
3.082079391906050958e+00 6.100662363558398305e+00
3.147234444087378957e+00 6.138156425455734144e+00
3.212855822539431916e+00 6.175131642958880285e+00
3.278940267697076916e+00 6.211584828593672114e+00
3.345484246165142395e+00 6.247512316984111358e+00
3.412484199297824539e+00 6.282910457339766275e+00
3.479936543207727606e+00 6.317775613894068165e+00
3.547837668781790299e+00 6.352104166328606638e+00
3.616183941703630556e+00 6.385892510184079995e+00
3.684971141241324410e+00 6.419136741645083966e+00
3.754196701552030113e+00 6.451833924768025419e+00
3.823856355384632977e+00 6.483980185043075828e+00
3.893946367949927101e+00 6.515571985316084280e+00
3.964462979451890412e+00 6.546605806171769792e+00
4.035402405141852000e+00 6.577078146278867443e+00
4.106760835376992880e+00 6.606985522726262161e+00
4.178534435682985659e+00 6.636324471350547149e+00
4.250719643396991820e+00 6.665092012084737227e+00
4.323311984121959384e+00 6.693283787442600108e+00
4.396307843175642383e+00 6.720896858116298667e+00
4.469703287459951824e+00 6.747927838052158123e+00
4.543494359413787542e+00 6.774373361467743493e+00
4.617677077096671745e+00 6.800230083136274750e+00
4.692247434275290452e+00 6.825494678664944637e+00
4.767201400512900200e+00 6.850163844767512167e+00
4.842534921261464120e+00 6.874234299531421399e+00
4.918243917956385935e+00 6.897702782679642652e+00
4.994324288113736188e+00 6.920566055827521268e+00
5.070771905429944937e+00 6.942820902734838207e+00
5.147582619883743327e+00 6.964464129553268990e+00
5.224752257840415304e+00 6.985492565069483462e+00
5.302276622158158759e+00 7.005903060943996508e+00
5.380151492296555205e+00 7.025692491946061047e+00
5.458372624427048514e+00 7.044857756184596198e+00
5.536935751545382089e+00 7.063395775335490789e+00
5.615836583585916308e+00 7.081303494865304415e+00
5.695071152821282290e+00 7.098578314627545183e+00
5.774634435272059108e+00 7.115216365629605022e+00
5.854522415236539601e+00 7.131215098328818058e+00
5.934730359062378113e+00 7.146571131021842938e+00
6.015254920714648179e+00 7.161282804877459718e+00
6.096089646991250888e+00 7.175346036121122317e+00
6.177232019131650986e+00 7.188757763151102154e+00
6.258677679072383704e+00 7.201516473600031887e+00
6.340420691410927567e+00 7.213617666532465833e+00
6.422457994699517947e+00 7.225060198903292985e+00
6.504783591368832774e+00 7.235839637901357868e+00
6.587394395256865209e+00 7.245954876466487171e+00
6.670284347376872702e+00 7.255401550851673598e+00
6.753450337175049611e+00 7.264178590552115011e+00
6.836886245007211649e+00 7.272281701805042964e+00
6.920588936260711144e+00 7.279709851216166427e+00
7.004552231404109541e+00 7.286458815908306796e+00
7.088772972108912107e+00 7.292527600138496879e+00
7.173244919736588621e+00 7.297912052798676719e+00
7.257964892595389905e+00 7.302611216324509158e+00
7.342926593729489859e+00 7.306621012243649460e+00
7.428126818445713653e+00 7.309940521685021508e+00
7.513559212270172871e+00 7.312565739662269415e+00
7.599220547878950072e+00 7.314495786500236463e+00
7.685105213624128240e+00 7.315727492639960694e+00
7.771207561323413948e+00 7.316257734773498278e+00
7.857524330420418757e+00 7.316085692937362772e+00
7.944049026202537611e+00 7.315207549479636029e+00
8.030778366446089223e+00 7.313622524840872607e+00
8.117705801788845932e+00 7.311326877712370553e+00
8.204828028739161283e+00 7.308319869404013680e+00
8.292138444124342200e+00 7.304597835734851330e+00
8.379633723591727090e+00 7.300160079339770292e+00
8.467307211005707046e+00 7.295003013936818270e+00
8.555155561566957445e+00 7.289125983932358999e+00
8.643172067032814709e+00 7.282525481701720871e+00
8.731353362578795796e+00 7.275200893860422013e+00
8.819692688719184659e+00 7.267148792186707951e+00
8.908186661032878817e+00 7.258368605934427897e+00
8.996828469663176620e+00 7.248856987018066356e+00
9.085614711027664825e+00 7.238613407750763784e+00
9.174538525778650921e+00 7.227634600904527140e+00
9.263596491614430661e+00 7.215920082264795532e+00
9.352782575281214150e+00 7.203467339857967389e+00
9.442090712115261297e+00 7.190273912284873781e+00
9.531517452578860627e+00 7.176339381297123232e+00
9.621055817497881080e+00 7.161660684889064932e+00
9.710702339748507939e+00 7.146237449283961318e+00
9.800448508767511058e+00 7.130066858065993607e+00
9.890293808474631021e+00 7.113148269758334585e+00
9.980229684867934381e+00 7.095478939890779380e+00
1.007025263705011930e+01 7.077058584783422646e+00
1.016035554954821407e+01 7.057884394298298503e+00
1.025053490528939015e+01 7.037956130367116536e+00
1.034078354521632015e+01 7.017271068117914901e+00
1.043109793656267925e+01 6.995829015460355293e+00
1.052147179797780119e+01 6.973627943435960042e+00
1.061189882042604005e+01 6.950665876260034182e+00
1.070237544851711142e+01 6.926942691481592362e+00
1.079289441834571583e+01 6.902455880156472823e+00
1.088345216005799898e+01 6.877205366698686539e+00
1.097404136947343822e+01 6.851188729612296413e+00
1.106465846277628273e+01 6.824405940519878477e+00
1.115529609647217590e+01 6.796854665973398824e+00
1.124595067329057052e+01 6.768534925141263869e+00
1.133661481139160365e+01 6.739444473212554243e+00
1.142728490056237867e+01 6.709583377232561041e+00
1.151795352159275154e+01 6.678949481606232474e+00
1.160861705184515458e+01 6.647542901580628438e+00
1.169926803572119134e+01 6.615361571344964275e+00
1.178990283868153455e+01 6.582405654666812822e+00
1.188051396972829821e+01 6.548673176077661751e+00
1.197109778294839444e+01 6.514164348178352881e+00
1.206164675293989319e+01 6.478877286390288148e+00
1.215215722294902889e+01 6.442812252454247712e+00
1.224262261259449858e+01 6.405967965179804047e+00
1.233303631955203628e+01 6.368343199865718063e+00
1.242339467181722767e+01 6.329938292524736276e+00
1.251369006237629833e+01 6.290751588131434424e+00
1.260391880973846668e+01 6.250783472579096944e+00
1.269407327602160862e+01 6.210032383567784642e+00
1.278414977079884451e+01 6.168498757157159673e+00
1.287414062634438494e+01 6.126181124274014955e+00
1.296404214385026243e+01 6.083079971424364629e+00
1.305384662677804286e+01 6.039193923252621943e+00
1.314355036849837255e+01 5.994523516985189815e+00
1.323314564469744781e+01 5.949067471464696943e+00
1.332262874148892884e+01 5.902826374906101847e+00
1.341199190782707262e+01 5.855799040820466317e+00
1.350123142313754876e+01 5.807986108673603098e+00
1.359033903697714507e+01 5.759387602711317555e+00
1.367931095507685768e+01 5.710001564477640734e+00
1.376814195568647747e+01 5.659829382806658593e+00
1.385682422553574611e+01 5.608870109869009468e+00
1.394535402984943140e+01 5.557124514366162060e+00
1.403372353232519743e+01 5.504591744701186506e+00
1.412192899352679554e+01 5.451272621698093346e+00
1.420996255519032836e+01 5.397166390415747195e+00
1.429782047380756715e+01 5.342273924036488708e+00
1.438549487022937079e+01 5.286594564687909781e+00
1.447298199746896330e+01 5.230129238140575509e+00
1.456027395657400980e+01 5.172877383993151668e+00
1.464736699767685302e+01 5.114839980828437938e+00
1.473425320310973774e+01 5.056016566107980559e+00
1.482092882072603324e+01 4.996408171444865154e+00
1.490738591523595247e+01 4.936014432544760133e+00
1.499362073281996999e+01 4.874836434263135843e+00
1.507962637378393289e+01 4.812874246718838123e+00
1.516539592688947202e+01 4.750128000820520668e+00
1.525092563695314674e+01 4.686598861671956939e+00
1.533620752944991850e+01 4.622286712187216651e+00
1.542123784905668771e+01 4.557192771216606708e+00
1.550600860749651488e+01 4.491317021168635293e+00
1.559051604992699858e+01 4.424660734831284969e+00
1.567475217543713661e+01 4.357223994440580839e+00
1.575871323028954762e+01 4.289008126907281948e+00
1.584239120206227192e+01 4.220013314617207634e+00
1.592578233875124916e+01 4.150240938782936873e+00
1.600887861755172992e+01 4.079691282251464379e+00
1.609167628882518386e+01 4.008365780710143156e+00
1.617416732051741590e+01 3.936264817767649582e+00
1.625634796599141652e+01 3.863389883752951892e+00
1.633821018508192680e+01 3.789741463325934312e+00
1.641975023479327334e+01 3.715321101617881983e+00
1.650096006799240911e+01 3.640129384618424169e+00
1.658183594596860644e+01 3.564167912415697081e+00
1.666237089681031236e+01 3.487437598858681653e+00
1.674255794361571859e+01 3.409939420354332285e+00
1.682239335531630076e+01 3.331675059702305930e+00
1.690186907239330338e+01 3.252645357362641043e+00
1.698098136968826566e+01 3.172852051450986366e+00
1.705972218475407587e+01 3.092296084644668763e+00
1.713808779899875034e+01 3.010979250508029725e+00
1.721607014821150017e+01 2.928902594164130679e+00
1.729366552102678511e+01 2.846067964752376334e+00
1.737086585263926253e+01 2.762476510058737844e+00
1.744766743957336885e+01 2.678130134917748872e+00
1.752406221760287863e+01 2.593030089984115438e+00
1.760004649180912395e+01 2.507178335901194099e+00
1.767561219972304798e+01 2.420576226386902174e+00
1.775075565565327551e+01 2.333225778000672879e+00
1.782546880007024370e+01 2.245128447706720376e+00
1.789974795718370970e+01 2.156286308081388547e+00
1.797358507159008667e+01 2.066700919506744949e+00
1.804697647807745398e+01 1.976374410670405091e+00
1.811991522514187380e+01 1.885308559835778608e+00
1.819239436308129143e+01 1.793505208979403465e+00
1.826441024382809530e+01 1.700966571118578186e+00
1.833595482751184136e+01 1.607694465855047827e+00
1.840702447835048972e+01 1.513691162524726463e+00
1.847761226606656138e+01 1.418958669227894820e+00
1.854771016228107428e+01 1.323498979361734218e+00
1.861731675397177810e+01 1.227314610061211786e+00
1.868642402553888715e+01 1.130407623090287306e+00
1.875502379388408869e+01 1.032783247441102281e+00
1.882311502705955775e+01 9.344379019403018516e-01
1.889068733304510062e+01 8.353767749176480573e-01
1.895773933878492556e+01 7.356024651943610104e-01
1.902426305879592050e+01 6.351172951718045967e-01
1.909025272144790009e+01 5.339237370341003430e-01
1.915570035432314455e+01 4.320242534212870300e-01
1.922060461832924716e+01 3.294215086330811726e-01
1.928495755755920626e+01 2.261180339236792125e-01
1.934875343279331261e+01 1.221164626051564200e-01
1.941198430441475153e+01 1.741946631296786147e-02
1.947464886908693060e+01 -8.797022509638623144e-02
1.953673920538212627e+01 -1.940498713159651001e-01
1.959824961036586899e+01 -3.008166777732633745e-01
1.965917218213959927e+01 -4.082677637012541716e-01
1.971950565493651197e+01 -5.164003336426490343e-01
1.977924214673729253e+01 -6.252114381344440197e-01
1.983837599479143776e+01 -7.346981212873333611e-01
1.989690154700628000e+01 -8.448573868829002409e-01
1.995481095558430340e+01 -9.556860926960644154e-01
2.001210300430374645e+01 -1.067181361259641914e+00
2.006876986737465529e+01 -1.179339981668647619e+00
2.012480593779407201e+01 -1.292158796425437295e+00
2.018020341663632067e+01 -1.405634454223201324e+00
2.023496112940708613e+01 -1.519764012022883026e+00
2.028907130090306765e+01 -1.634544049888376760e+00
2.034252837315998974e+01 -1.749971249160153119e+00
2.039532460111760415e+01 -1.866042049631947197e+00
2.044745885389004414e+01 -1.982753442763757423e+00
2.049892341186441769e+01 -2.100101799804521274e+00
2.054971277008481323e+01 -2.218083641128546279e+00
2.059981924237039053e+01 -2.336695197912032729e+00
2.064924174334444729e+01 -2.455933396221396503e+00
2.069797261400830379e+01 -2.575794398806799723e+00
2.074600640640351301e+01 -2.696274565351117314e+00
2.079333549826158034e+01 -2.817369918795349815e+00
2.083995885163521677e+01 -2.939077319956720835e+00
2.088586887318212248e+01 -3.061392723503502555e+00
2.093106017594887902e+01 -3.184312328781603085e+00
2.097552738886153634e+01 -3.307832295117402843e+00
2.101926297664597953e+01 -3.431948385849621364e+00
2.106226596337106471e+01 -3.556657380494277376e+00
2.110452884488134728e+01 -3.681954974358090826e+00
2.114604631614149000e+01 -3.807837166986698829e+00
2.118681091717526144e+01 -3.934299514714832302e+00
2.122682172387066046e+01 -4.061338732272403718e+00
2.126607130913342303e+01 -4.188950308194358207e+00
2.130455443801163540e+01 -4.317130082781923228e+00
2.134226373091107476e+01 -4.445873406079553725e+00
2.137919831751973021e+01 -4.575176928299579338e+00
2.141535085289638118e+01 -4.705035931954510531e+00
2.145071617623209548e+01 -4.835446098719372365e+00
2.148528699341130022e+01 -4.966402573165586531e+00
2.151906248992064263e+01 -5.097901941295760686e+00
2.155203540807590556e+01 -5.229939280453137940e+00
2.158420066528421088e+01 -5.362510114387276872e+00
2.161555319914454643e+01 -5.495609927485543444e+00
2.164608582957340133e+01 -5.629233608785968457e+00
2.167579781464292665e+01 -5.763377664522804977e+00
2.170468201293340371e+01 -5.898036916936558960e+00
2.173273344536852392e+01 -6.033206693482134675e+00
2.175994502884857340e+01 -6.168881679945203089e+00
2.178631608180458912e+01 -6.305058319189932980e+00
2.181183956159360449e+01 -6.441731230590123758e+00
2.183651057656325634e+01 -6.578895585557039460e+00
2.186032214572418297e+01 -6.716545867782183876e+00
2.188327364992022339e+01 -6.854678457199375963e+00
2.190535815041740619e+01 -6.993287771510852124e+00
2.192657084709623305e+01 -7.132368827057558924e+00
2.194690486621011871e+01 -7.271915906701355681e+00
2.196635965308569638e+01 -7.411925327927212592e+00
2.198492837803557975e+01 -7.552391308067449849e+00
2.200260633659058840e+01 -7.693308709451286198e+00
2.201938676738344114e+01 -7.834671615482240448e+00
2.203526918230938847e+01 -7.976476281720290551e+00
2.205024686586884286e+01 -8.118716726536726824e+00
2.206431521336766011e+01 -8.261387659393252036e+00
2.207746964570069537e+01 -8.404483751723560658e+00
2.208970354920195334e+01 -8.547998839700408524e+00
2.210101652193387878e+01 -8.691929102279543073e+00
2.211140199836448872e+01 -8.836268311276157306e+00
2.212085550432791337e+01 -8.981010986808229291e+00
2.212937055010173992e+01 -9.126150769069486302e+00
2.213694680506534240e+01 -9.271683776427025236e+00
2.214357782944736996e+01 -9.417603585299602287e+00
2.214925925815783003e+01 -9.563904565828730497e+00
2.215398634837629643e+01 -9.710576471406351828e+00
2.215775361365192708e+01 -9.857621845981313413e+00
2.216056038018144392e+01 -1.000503216648454874e+01
2.216240037262378948e+01 -1.015280076757975358e+01
2.216326936805469572e+01 -1.030092183395561811e+01
2.216316117440854327e+01 -1.044938857131884014e+01
2.216207562935101905e+01 -1.059819696421330093e+01
2.216000659486611468e+01 -1.074734015602222037e+01
2.215694996642259085e+01 -1.089681218479183933e+01
2.215289969258705582e+01 -1.104660606624790908e+01
2.214785568932814286e+01 -1.119671772667223841e+01
2.214181196108694039e+01 -1.134714012017533769e+01
2.213476452586771970e+01 -1.149786713978641473e+01
2.212670747799306525e+01 -1.164889161332929035e+01
2.211764081391233105e+01 -1.180020940963625975e+01
2.210755868564876536e+01 -1.195181329566330675e+01
2.209645723788369054e+01 -1.210369702113707291e+01
2.208433264761460180e+01 -1.225585430023680722e+01
2.207117919855160082e+01 -1.240827772900093073e+01
2.205699699082664722e+01 -1.256096310566323382e+01
2.204178036813416597e+01 -1.271390296638395512e+01
2.202552563932263396e+01 -1.286709088430877834e+01
2.200822724535367669e+01 -1.302051927265678977e+01
2.198988537178544433e+01 -1.317418387421107262e+01
2.197049452139097880e+01 -1.332807704314888753e+01
2.195005113900478477e+01 -1.348219221349868668e+01
2.192854982793063812e+01 -1.363652161809989316e+01
2.190599086137009976e+01 -1.379106094525026194e+01
2.188236890626501108e+01 -1.394580236962349495e+01
2.185768054756596612e+01 -1.410073918813759875e+01
2.183192055599577586e+01 -1.425586345580362213e+01
2.180508929462781609e+01 -1.441117080744733769e+01
2.177718159964867084e+01 -1.456665324083032864e+01
2.174819420024881822e+01 -1.472230391785746839e+01
2.171812203963150623e+01 -1.487811471837466648e+01
2.168696557298124361e+01 -1.503408122479762099e+01
2.165471981078920294e+01 -1.519019526067918591e+01
2.162138163060212648e+01 -1.534644985509951631e+01
2.158694794769802527e+01 -1.550283800428504577e+01
2.155141392797200339e+01 -1.565935137304119174e+01
2.151478014491236834e+01 -1.581598547983890235e+01
2.147704183397962652e+01 -1.597273193444281780e+01
2.143819606394097832e+01 -1.612958360311850825e+01
2.139823818449483994e+01 -1.628653198190860252e+01
2.135716886631674427e+01 -1.644357253944302855e+01
2.131498353048946370e+01 -1.660069671777115730e+01
2.127167940336440566e+01 -1.675789725559166854e+01
2.122725202344281570e+01 -1.691516548321260061e+01
2.118170216085939472e+01 -1.707249682064555429e+01
2.113502542731569278e+01 -1.722988254529341035e+01
2.108721921083069262e+01 -1.738731527077378303e+01
2.103827924368549773e+01 -1.754478616480084341e+01
2.098820639775533436e+01 -1.770229060004076160e+01
2.093699648033387106e+01 -1.785981969243152534e+01
2.088464704517850024e+01 -1.801736593308730150e+01
2.083115568811577489e+01 -1.817492178290990879e+01
2.077651839061357109e+01 -1.833247821095919150e+01
2.072073615494469223e+01 -1.849003053258696028e+01
2.066380503984914441e+01 -1.864756966654550041e+01
2.060572281196085598e+01 -1.880508795458479199e+01
2.054648565763506696e+01 -1.896257621064901500e+01
2.048609468605069139e+01 -1.912002970579469618e+01
2.042454616263765743e+01 -1.927743920487945317e+01
2.036183802887528671e+01 -1.943479693328632862e+01
2.029796668089896983e+01 -1.959209355335023162e+01
2.023293333710355668e+01 -1.974932429327154892e+01
2.016673447449649359e+01 -1.990647976756065418e+01
2.009936821342443380e+01 -2.006355208811075030e+01
2.003083116466637392e+01 -2.022053176926638685e+01
1.996112465815125248e+01 -2.037741399786257546e+01
1.989024538732217096e+01 -2.053418924172235194e+01
1.981819165539753413e+01 -2.069084950221844110e+01
1.974496029263289287e+01 -2.084738514943602183e+01
1.967055274281762678e+01 -2.100379133038762802e+01
1.959496592065750065e+01 -2.116005836998118994e+01
1.951819831622889723e+01 -2.131617816213026728e+01
1.944024846694333064e+01 -2.147214257437280693e+01
1.936111348414943834e+01 -2.162794180188721072e+01
1.928079495724596626e+01 -2.178357094415722983e+01
1.919929008425570061e+01 -2.193902015292199792e+01
1.911659759440371076e+01 -2.209428119221655251e+01
1.903271482927002012e+01 -2.224934412176413545e+01
1.894764349737784315e+01 -2.240420400488912733e+01
1.886138102875305833e+01 -2.255885085931198475e+01
1.877392634837611141e+01 -2.271327634883347102e+01
1.868528094878920598e+01 -2.286746720153957568e+01
1.859543746757049121e+01 -2.302142314224091990e+01
1.850440024591332744e+01 -2.317513427428267647e+01
1.841216701047484250e+01 -2.332859045369106354e+01
1.831873693643917989e+01 -2.348178322371064297e+01
1.822410790062172126e+01 -2.363470235442963485e+01
1.812828188819057118e+01 -2.378734283416070738e+01
1.803125686836813557e+01 -2.393969439437162094e+01
1.793303222088494664e+01 -2.409174848576184047e+01
1.783360606800669146e+01 -2.424349475667575859e+01
1.773298052170413186e+01 -2.439492816503035399e+01
1.763115379839875629e+01 -2.454603832211930481e+01
1.752812548623864686e+01 -2.469681658966291593e+01
1.742389395754248582e+01 -2.484725249871533848e+01
1.731846145346510824e+01 -2.499734097868449467e+01
1.721182644222238523e+01 -2.514707152518428401e+01
1.710398872422834415e+01 -2.529643541461296508e+01
1.699494815356218780e+01 -2.544542390262024512e+01
1.688470342152144354e+01 -2.559402638007704311e+01
1.677325693410488228e+01 -2.574223774348956439e+01
1.666060748067358332e+01 -2.589004735035903337e+01
1.654675513235064699e+01 -2.603744637571187681e+01
1.643169884069790143e+01 -2.618442410354927929e+01
1.631544114629294029e+01 -2.633097540630924982e+01
1.619798110048593287e+01 -2.647708953632530893e+01
1.607931899524010078e+01 -2.662275759186142565e+01
1.595945404685427427e+01 -2.676796875485700156e+01
1.583838893290039884e+01 -2.691271787574295615e+01
1.571612297118319468e+01 -2.705699410653358328e+01
1.559265667827896529e+01 -2.720078847268122857e+01
1.546798953965519807e+01 -2.734409005897935785e+01
1.534212437230614867e+01 -2.748689369596691279e+01
1.521506076491570525e+01 -2.762918844029521637e+01
1.508679946242318337e+01 -2.777096524864562355e+01
1.495734126744197390e+01 -2.791221506114846918e+01
1.482668600806972670e+01 -2.805292684824104299e+01
1.469483667901361557e+01 -2.819309541865424862e+01
1.456179321371647717e+01 -2.833270971696872920e+01
1.442755664781034497e+01 -2.847176061972027838e+01
1.429212708838210943e+01 -2.861023701165246180e+01
1.415550767507571805e+01 -2.874813368656170454e+01
1.401769862201920880e+01 -2.888543950520856285e+01
1.387870120156314790e+01 -2.902214528477565381e+01
