npts 513 dfreq 1.000000000000000021e-02
-0.000000000000000000e+00 0.000000000000000000e+00
4.106088723348418762e-02 -1.095342767209299010e-04
1.661066880871706897e-01 -2.795965337576357575e-03
3.762341854094195526e-01 -1.371973643113139595e-02
6.707025409621742984e-01 -3.829108476351254786e-02
1.048369213784628773e+00 -8.128169131571118255e-02
1.507960962165661112e+00 -1.472119629329972645e-01
2.048041390355523905e+00 -2.404840000165811287e-01
2.666978710095159411e+00 -3.654045823228444512e-01
3.362932976620170322e+00 -5.261796546180790290e-01
4.133854327529601136e+00 -7.269023981931264089e-01
4.977486759140979267e+00 -9.715403900037984375e-01
5.891374870264527885e+00 -1.263923220665342129e+00
6.872872384274047342e+00 -1.607730908995111285e+00
7.919151865913000243e+00 -2.006483192684036077e+00
9.027215317103101100e+00 -2.463529714505131363e+00
1.019390545834572315e+01 -2.982041112554230544e+00
1.141591756033176530e+01 -3.565001022441797840e+00
1.268981171903393346e+01 -4.215198999336718266e+00
1.401202548240019929e+01 -4.935224366332422896e+00
1.537888674499353314e+01 -5.727460992772984483e+00
1.678662683198495031e+01 -6.594083002345284328e+00
1.823139369751522310e+01 -7.537051406304186685e+00
1.970926516546469287e+01 -8.558111652453815665e+00
2.121626214355565665e+01 -9.658792075678904965e+00
2.274836174468387995e+01 -1.084040323106272119e+01
2.430151025254266273e+01 -1.210403808605495612e+01
2.587163587200637593e+01 -1.345057304384592101e+01
2.745466120838504409e+01 -1.488066976612015679e+01
2.904651542353167670e+01 -1.639477775974722107e+01
3.064314602084942152e+01 -1.799313768874780095e+01
3.224053021546993136e+01 -1.967578537006938433e+01
3.383468585021864072e+01 -2.144255640932838602e+01
3.542168182240452268e+01 -2.329309143072819310e+01
3.699764799092952927e+01 -2.522684185384180466e+01
3.855878453766850100e+01 -2.724307616884746253e+01
4.010137076148154023e+01 -2.934088666111112076e+01
4.162177328755610972e+01 -3.151919653570563185e+01
4.311645367899949832e+01 -3.377676739252365934e+01
4.458197544168435655e+01 -3.611220700305469222e+01
4.601501041726677954e+01 -3.852397734063463730e+01
4.741234456302135669e+01 -4.101040281700881707e+01
4.877088312065372833e+01 -4.356967867935176031e+01
5.008765517954293500e+01 -4.619987952342798820e+01
5.135981764291831553e+01 -4.889896788033063046e+01
5.258465860828255245e+01 -5.166480283616815683e+01
5.375960017594570672e+01 -5.449514864615721166e+01
5.488220070183291455e+01 -5.738768330679155127e+01
5.595015651276956703e+01 -6.034000705206761950e+01
5.696130310423501442e+01 -6.334965074213126712e+01
5.791361584211438895e+01 -6.641408411514046861e+01
5.880521019127116489e+01 -6.953072387559660683e+01
5.963434149482552016e+01 -7.269694159485720775e+01
6.039940432885562416e+01 -7.591007140198802006e+01
6.109893145786190871e+01 -7.916741744552598448e+01
6.173159241675195119e+01 -8.246626110908702856e+01
6.229619174533361559e+01 -8.580386796605415611e+01
6.279166690135794937e+01 -8.917749446080676989e+01
6.321708587804425861e+01 -9.258439430609173826e+01
6.357164455176523177e+01 -9.602182458818354860e+01
6.385466378517816111e+01 -9.948705157342469363e+01
6.406558631057892228e+01 -1.029773562115744312e+02
6.420397341763869292e+01 -1.064900393331202935e+02
6.426950146897367233e+01 -1.100224265393192837e+02
6.426195826620804041e+01 -1.135718727852305960e+02
6.418123928833284708e+01 -1.171357666573827316e+02
6.402734382324982221e+01 -1.207115343489817150e+02
6.380037101242864850e+01 -1.242966433367163575e+02
6.350051582761543756e+01 -1.278886057642567096e+02
6.312806499750749367e+01 -1.314849815384660019e+02
6.268339290127733676e+01 -1.350833811451749966e+02
6.216695744478521135e+01 -1.386814681920827184e+02
6.157929593427491000e+01 -1.422769616869763922e+02
6.092102096131112177e+01 -1.458676380599906395e+02
6.019281631169181424e+01 -1.494513329390708236e+02
5.939543291005989545e+01 -1.530259426881657134e+02
5.852968481095516040e+01 -1.565894257179572264e+02
5.759644524608575722e+01 -1.601398035791460757e+02
5.659664273667095102e+01 -1.636751618484561561e+02
5.553125727880873086e+01 -1.671936508176023608e+02
5.440131660895935539e+01 -1.706934859954926651e+02
5.320789255581193800e+01 -1.741729484339088572e+02
5.195209748401190808e+01 -1.776303848868388400e+02
5.063508083448113695e+01 -1.810642078135171005e+02
4.925802576535300403e+01 -1.844728952350813245e+02
4.782214589687733763e+01 -1.878549904545638753e+02
4.632868216302211550e+01 -1.912091016497269607e+02
4.477889977191149740e+01 -1.945339013480096355e+02
4.317408527668991525e+01 -1.978281257925919761e+02
4.151554375789480389e+01 -2.010905742083080554e+02
3.980459611794506714e+01 -2.043201079758404148e+02
3.804257648792165725e+01 -2.075156497223267991e+02
3.623082974641323517e+01 -2.106761823361935910e+02
3.437070914983808478e+01 -2.138007479137090456e+02
3.246357407331951350e+01 -2.168884466444219186e+02
3.051078786089300721e+01 -2.199384356423264535e+02
2.851371578355333014e+01 -2.229499277292600823e+02
2.647372310340698931e+01 -2.259221901767170380e+02
2.439217324198489578e+01 -2.288545434119338324e+02
2.227042605057767233e+01 -2.317463596937797377e+02
2.010983618029476716e+01 -2.345970617636730822e+02
1.791175154940738778e+01 -2.374061214764297176e+02
1.567751190541273409e+01 -2.401730584156531449e+02
1.340844747916026591e+01 -2.428974384979706542e+02
1.110587772829648934e+01 -2.455788725701469275e+02
8.771110167221147336e+00 -2.482170150028162823e+02
6.405439280699915194e+00 -2.508115622843140784e+02
4.010145518242250517e+00 -2.533622516178261890e+02
1.586494366334987749e+00 -2.558688595248279114e+02
-8.642645043882174472e-01 -2.583312004575457763e+02
-3.340898019959025689e+00 -2.607491254229455535e+02
-5.842190414770899842e+00 -2.631225206205328959e+02
-8.366943877044279887e+00 -2.654513060960473467e+02
-1.091397913091176974e+01 -2.677354344129282140e+02
-1.348213595794004682e+01 -2.699748893432478667e+02
-1.607027366086043330e+01 -2.721696845796280968e+02
-1.867727147223110862e+01 -2.743198624694863952e+02
-2.130202891070018012e+01 -2.764254927728028974e+02
-2.394346608748018568e+01 -2.784866714444473246e+02
-2.660052396558257826e+01 -2.805035194419675690e+02
-2.927216457429577545e+01 -2.824761815596047541e+02
-3.195737118132245413e+01 -2.844048252891834068e+02
-3.465514842492265757e+01 -2.862896397084055593e+02
-3.736452240833744298e+01 -2.881308343969715793e+02
-4.008454075869543942e+01 -2.899286383808500887e+02
-4.281427265253235248e+01 -2.916832991049305974e+02
-4.555280880997772641e+01 -2.933950814342003923e+02
-4.829926145959212391e+01 -2.950642666835129262e+02
-5.105276427576200859e+01 -2.966911516759424785e+02
-5.381247229048735647e+01 -2.982760478296490874e+02
-5.657756178132404301e+01 -2.998192802731206257e+02
-5.934723013717153606e+01 -3.013211869885993792e+02
-6.212069570352448977e+01 -3.027821179834538725e+02
-6.489719760873934717e+01 -3.042024344892075192e+02
-6.767599557279562816e+01 -3.055825081878943479e+02
-7.045636969996677124e+01 -3.069227204653776084e+02
-7.323762025674963638e+01 -3.082234616912302272e+02
-7.601906743633612962e+01 -3.094851305247491382e+02
-7.880005111085104375e+01 -3.107081332466491972e+02
-8.157993057251655955e+01 -3.118928831159597621e+02
-8.435808426484648237e+01 -3.130397997516247983e+02
-8.713390950491782405e+01 -3.141493085382959976e+02
-8.990682219770771155e+01 -3.152218400557897553e+02
-9.267625654343619601e+01 -3.162578295316687900e+02
-9.544166473879806745e+01 -3.172577163164008311e+02
-9.820251667292127706e+01 -3.182219433805384483e+02
-1.009582996188397175e+02 -3.191509568333585776e+02
-1.037085179212222812e+02 -3.200452054623995650e+02
-1.064526926810565186e+02 -3.209051402933267809e+02
-1.091903614379420731e+02 -3.217312141695647369e+02
-1.119210778506068209e+02 -3.225238813511259650e+02
-1.146444113762242125e+02 -3.232835971320794783e+02
-1.173599469490662841e+02 -3.240108174760944735e+02
-1.200672846589975222e+02 -3.247059986695096541e+02
-1.227660394302753133e+02 -3.253695969913756585e+02
-1.254558407010936349e+02 -3.260020683999305220e+02
-1.281363321042742598e+02 -3.266038682349723103e+02
-1.308071711494793021e+02 -3.271754509356001677e+02
-1.334680289072925063e+02 -3.277172697728065600e+02
-1.361185896954880263e+02 -3.282297765964088967e+02
-1.387585507677822534e+02 -3.287134215958209325e+02
-1.413876220053366808e+02 -3.291686530741708907e+02
-1.440055256112601683e+02 -3.295959172352876863e+02
-1.466119958083372978e+02 -3.299956579830823102e+02
-1.492067785401832793e+02 -3.303683167328650256e+02
-1.517896311760160586e+02 -3.307143322341493672e+02
-1.543603222192082853e+02 -3.310341404045023523e+02
-1.569186310197715386e+02 -3.313281741740161124e+02
-1.594643474909040322e+02 -3.315968633399808141e+02
-1.619972718297217966e+02 -3.318406344313574436e+02
-1.645172142422744912e+02 -3.320599105826510140e+02
-1.670239946729371354e+02 -3.322551114168043114e+02
-1.695174425382535901e+02 -3.324266529367379235e+02
-1.719973964652988627e+02 -3.325749474251762763e+02
-1.744637040346096626e+02 -3.327004033524048623e+02
-1.769162215277319774e+02 -3.328034252916244782e+02
-1.793548136794134678e+02 -3.328844138415670955e+02
-1.817793534344694706e+02 -3.329437655560569169e+02
-1.841897217093352594e+02 -3.329818728802077317e+02
-1.865858071583123206e+02 -3.329991240929555829e+02
-1.889675059445110321e+02 -3.329959032556397460e+02
-1.913347215154804246e+02 -3.329725901663517789e+02
-1.936873643835145344e+02 -3.329295603197827518e+02
-1.960253519106137787e+02 -3.328671848723079734e+02
-1.983486080980796373e+02 -3.327858306120585894e+02
-2.006570633807113211e+02 -3.326858599337369924e+02
-2.029506544255720257e+02 -3.325676308179426997e+02
-2.052293239352856062e+02 -3.324314968147831451e+02
-2.074930204558227160e+02 -3.322778070315524701e+02
-2.097416981887301120e+02 -3.321069061242706084e+02
-2.119753168077554335e+02 -3.319191342928787662e+02
-2.141938412798148477e+02 -3.317148272799026358e+02
-2.163972416902510645e+02 -3.314943163723924613e+02
-2.185854930723249083e+02 -3.312579284069645382e+02
-2.207585752408807878e+02 -3.310059857777721390e+02
-2.229164726301278563e+02 -3.307388064472391989e+02
-2.250591741354740520e+02 -3.304567039594011248e+02
-2.271866729593507728e+02 -3.301599874556990812e+02
-2.292989664609617648e+02 -3.298489616930826287e+02
-2.313960560098942381e+02 -3.295239270642808265e+02
-2.334779468435233980e+02 -3.291851796201101479e+02
-2.355446479281434051e+02 -3.288330110936864799e+02
-2.375961718237619777e+02 -3.284677089264241658e+02
-2.396325345524837189e+02 -3.280895562956995377e+02
-2.416537554704207480e+02 -3.276988321440697405e+02
-2.436598571430585025e+02 -3.272958112099383925e+02
-2.456508652240113122e+02 -3.268807640595658199e+02
-2.476268083370978559e+02 -3.264539571203229116e+02
-2.495877179616693695e+02 -3.260156527151008845e+02
-2.515336283211239277e+02 -3.255661090977799290e+02
-2.534645762745380466e+02 -3.251055804896772088e+02
-2.553806012113500685e+02 -3.246343171168903154e+02
-2.572817449490286776e+02 -3.241525652484576199e+02
-2.591680516336605251e+02 -3.236605672352639544e+02
-2.610395676433928998e+02 -3.231585615496187529e+02
-2.628963414946654780e+02 -3.226467828254408232e+02
-2.647384237511682841e+02 -3.221254618989859182e+02
-2.665658669354635322e+02 -3.215948258500553152e+02
-2.683787254432081681e+02 -3.210550980436290160e+02
-2.701770554599148682e+02 -3.205064981718677473e+02
-2.719609148801938545e+02 -3.199492422964311231e+02
-2.737303632294127738e+02 -3.193835428910660994e+02
-2.754854615877177366e+02 -3.188096088844128531e+02
-2.772262725163575396e+02 -3.182276457029896619e+02
-2.789528599862522924e+02 -3.176378553143107411e+02
-2.806652893087534721e+02 -3.170404362700996899e+02
-2.823636270685384488e+02 -3.164355837495588162e+02
-2.840479410585850246e+02 -3.158234896026607430e+02
-2.857183002171749990e+02 -3.152043423934279076e+02
-2.873747745668725884e+02 -3.145783274431680070e+02
-2.890174351554275631e+02 -3.139456268736360585e+02
-2.906463539985531952e+02 -3.133064196500944263e+02
-2.922616040245290492e+02 -3.126608816242459170e+02
-2.938632590205812676e+02 -3.120091855770123743e+02
-2.954513935809932832e+02 -3.113515012611385373e+02
-2.970260830568990968e+02 -3.106879954435973445e+02
-2.985874035077167150e+02 -3.100188319477763912e+02
-3.001354316541750222e+02 -3.093441716954286562e+02
-3.016702448328914556e+02 -3.086641727483645923e+02
-3.031919209524593839e+02 -3.079789903498761987e+02
-3.047005384510013641e+02 -3.072887769658699426e+02
-3.061961762551510446e+02 -3.065936823257009110e+02
-3.076789137404201142e+02 -3.058938534626903447e+02
-3.091488306929156806e+02 -3.051894347543154140e+02
-3.106060072723666963e+02 -3.044805679620614569e+02
-3.120505239764264616e+02 -3.037673922709245744e+02
-3.134824616062106770e+02 -3.030500443285548045e+02
-3.149019012330395526e+02 -3.023286582840328833e+02
-3.163089241663483904e+02 -3.016033658262712152e+02
-3.177036119227328186e+02 -3.008742962220314325e+02
-3.190860461960956513e+02 -3.001415763535543988e+02
-3.204563088288654171e+02 -2.994053307557934431e+02
-3.218144817842535303e+02 -2.986656816532491234e+02
-3.231606471195207178e+02 -2.979227489963982975e+02
-3.244948869602225727e+02 -2.971766504977142063e+02
-3.258172834754067821e+02 -2.964275016672752940e+02
-3.271279188537317850e+02 -2.956754158479585612e+02
-3.284268752804829319e+02 -2.949205042502147194e+02
-3.297142349154549947e+02 -2.941628759864249218e+02
-3.309900798716786312e+02 -2.934026381048352050e+02
-3.322544921949653371e+02 -2.926398956230696058e+02
-3.335075538442438869e+02 -2.918747515612195116e+02
-3.347493466726667180e+02 -2.911073069745110047e+02
-3.359799524094619869e+02 -2.903376609855467336e+02
-3.371994526425083905e+02 -2.895659108161264044e+02
-3.384079288016118312e+02 -2.887921518186443564e+02
-3.396054621424603965e+02 -2.880164775070651899e+02
-3.407921337312390619e+02 -2.872389795874788661e+02
-3.419680244298819503e+02 -2.864597479882382913e+02
-3.431332148819435020e+02 -2.856788708896771709e+02
-3.442877854990694573e+02 -2.848964347534147237e+02
-3.454318164480463906e+02 -2.841125243512450425e+02
-3.465653876384165528e+02 -2.833272227936180343e+02
-3.476885787106347721e+02 -2.825406115577085870e+02
-3.488014690247544536e+02 -2.817527705150824886e+02
-3.499041376496239764e+02 -2.809637779589581896e+02
-3.509966633525768884e+02 -2.801737106310679906e+02
-3.520791245896023725e+02 -2.793826437481234848e+02
-3.531515994959773366e+02 -2.785906510278858832e+02
-3.542141658773479094e+02 -2.777978047148465635e+02
-3.552669012012452754e+02 -2.770041756055202313e+02
-3.563098825890207877e+02 -2.762098330733545026e+02
-3.573431868081870562e+02 -2.754148450932608512e+02
-3.583668902651534722e+02 -2.746192782657670932e+02
-3.593810689983394582e+02 -2.738231978407987413e+02
-3.603857986716575397e+02 -2.730266677410932061e+02
-3.613811545683508371e+02 -2.722297505852454833e+02
-3.623672115851729814e+02 -2.714325077103977719e+02
-3.633440442269024402e+02 -2.706349991945684792e+02
-3.643117266011760194e+02 -2.698372838786312968e+02
-3.652703324136331844e+02 -2.690394193879435534e+02
-3.662199349633594920e+02 -2.682414621536319146e+02
-3.671606071386208328e+02 -2.674434674335366822e+02
-3.680924214128755807e+02 -2.666454893328196931e+02
-3.690154498410573751e+02 -2.658475808242408220e+02
-3.699297640561199501e+02 -2.650497937681070653e+02
-3.708354352658312791e+02 -2.642521789318957417e+02
-3.717325342498116356e+02 -2.634547860095608485e+02
-3.726211313568078367e+02 -2.626576636405230261e+02
-3.735012965021898594e+02 -2.618608594283473394e+02
-3.743730991656700553e+02 -2.610644199591158667e+02
-3.752366083892289339e+02 -2.602683908194965170e+02
-3.760918927752464924e+02 -2.594728166145133628e+02
-3.769390204848274948e+02 -2.586777409850224672e+02
-3.777780592363168921e+02 -2.578832066248974684e+02
-3.786090763039954368e+02 -2.570892552979289007e+02
-3.794321385169506016e+02 -2.562959278544408335e+02
-3.802473122581178586e+02 -2.555032642476304545e+02
-3.810546634634814609e+02 -2.547113035496327313e+02
-3.818542576214342148e+02 -2.539200839673145254e+02
-3.826461597722856141e+02 -2.531296428578042423e+02
-3.834304345079162886e+02 -2.523400167437577295e+02
-3.842071459715707533e+02 -2.515512413283667570e+02
-3.849763578577848193e+02 -2.507633515101127273e+02
-3.857381334124406180e+02 -2.499763813972703304e+02
-3.864925354329469656e+02 -2.491903643221642710e+02
-3.872396262685371084e+02 -2.484053328551828770e+02
-3.879794678206813501e+02 -2.476213188185529930e+02
-3.887121215436098396e+02 -2.468383532998790031e+02
-3.894376484449389864e+02 -2.460564666654505857e+02
-3.901561090864007610e+02 -2.452756885733214176e+02
-3.908675635846674936e+02 -2.444960479861645410e+02
-3.915720716122700651e+02 -2.437175731839056141e+02
-3.922696923986043771e+02 -2.429402917761393041e+02
-3.929604847310245077e+02 -2.421642307143317510e+02
-3.936445069560154479e+02 -2.413894163038111458e+02
-3.943218169804453055e+02 -2.406158742155534185e+02
-3.949924722728915754e+02 -2.398436294977618957e+02
-3.956565298650393174e+02 -2.390727065872473247e+02
-3.963140463531465230e+02 -2.383031293206109353e+02
-3.969650778995753626e+02 -2.375349209452326420e+02
-3.976096802343859054e+02 -2.367681041300687639e+02
-3.982479086569869651e+02 -2.360027009762621333e+02
-3.988798180378472580e+02 -2.352387330275675197e+02
-3.995054628202553886e+02 -2.344762212805948991e+02
-4.001248970221353716e+02 -2.337151861948746330e+02
-4.007381742379083676e+02 -2.329556477027473420e+02
-4.013453476404008029e+02 -2.321976252190803223e+02
-4.019464699827976233e+02 -2.314411376508147384e+02
-4.025415936006348829e+02 -2.306862034063454416e+02
-4.031307704138340000e+02 -2.299328404047369077e+02
-4.037140519287716529e+02 -2.291810660847782799e+02
-4.042914892403855447e+02 -2.284308974138786539e+02
-4.048631330343130799e+02 -2.276823508968068950e+02
-4.054290335890617598e+02 -2.269354425842786611e+02
-4.059892407782079999e+02 -2.261901880813922503e+02
-4.065438040726248232e+02 -2.254466025559158595e+02
-4.070927725427343944e+02 -2.247047007464301771e+02
-4.076361948607856220e+02 -2.239644969703271613e+02
-4.081741193031539296e+02 -2.232260051316680745e+02
-4.087065937526616040e+02 -2.224892387289037288e+02
-4.092336657009193459e+02 -2.217542108624588195e+02
-4.097553822506839083e+02 -2.210209342421820224e+02
-4.102717901182345486e+02 -2.202894211946654650e+02
-4.107829356357622146e+02 -2.195596836704351063e+02
-4.112888647537766360e+02 -2.188317332510142137e+02
-4.117896230435214875e+02 -2.181055811558622395e+02
-4.122852556994064344e+02 -2.173812382491916821e+02
-4.127758075414449195e+02 -2.166587150466640139e+02
-4.132613230177042851e+02 -2.159380217219675160e+02
-4.137418462067636256e+02 -2.152191681132801477e+02
-4.142174208201780061e+02 -2.145021637296164840e+02
-4.146880902049498445e+02 -2.137870177570632677e+02
-4.151538973460048965e+02 -2.130737390649057659e+02
-4.156148848686739257e+02 -2.123623362116440205e+02
-4.160710950411755107e+02 -2.116528174509041946e+02
-4.165225697771043656e+02 -2.109451907372446442e+02
-4.169693506379192627e+02 -2.102394637318599564e+02
-4.174114788354322059e+02 -2.095356438081832664e+02
-4.178489952343003324e+02 -2.088337380573902351e+02
-4.182819403545121872e+02 -2.081337532938047161e+02
-4.187103543738791700e+02 -2.074356960602102617e+02
-4.191342771305203883e+02 -2.067395726330660182e+02
-4.195537481253462602e+02 -2.060453890276311029e+02
-4.199688065245408097e+02 -2.053531510029984588e+02
-4.203794911620368566e+02 -2.046628640670388108e+02
-4.207858405419908081e+02 -2.039745334812580495e+02
-4.211878928412486971e+02 -2.032881642655675023e+02
-4.215856859118107423e+02 -2.026037612029706168e+02
-4.219792572832861879e+02 -2.019213288441665668e+02
-4.223686441653457564e+02 -2.012408715120713509e+02
-4.227538834501629594e+02 -2.005623933062602191e+02
-4.231350117148532490e+02 -1.998858981073300924e+02
-4.235120652238995831e+02 -1.992113895811853581e+02
-4.238850799315762288e+02 -1.985388711832479487e+02
-4.242540914843588666e+02 -1.978683461625920188e+02
-4.246191352233287830e+02 -1.971998175660061463e+02
-4.249802461865673422e+02 -1.965332882419829446e+02
-4.253374591115401699e+02 -1.958687608446381603e+02
-4.256908084374725831e+02 -1.952062378375603089e+02
-4.260403283077146739e+02 -1.945457214975927513e+02
-4.263860525720949113e+02 -1.938872139185467631e+02
-4.267280147892654441e+02 -1.932307170148511375e+02
-4.270662482290335902e+02 -1.925762325251356799e+02
-4.274007858746843453e+02 -1.919237620157511515e+02
-4.277316604252904426e+02 -1.912733068842274236e+02
-4.280589042980116119e+02 -1.906248683626701279e+02
-4.283825496303809928e+02 -1.899784475210963137e+02
-4.287026282825801218e+02 -1.893340452707124371e+02
-4.290191718397020395e+02 -1.886916623671324089e+02
-4.293322116140013236e+02 -1.880512994135402209e+02
-4.296417786471317299e+02 -1.874129568637952161e+02
-4.299479037123720673e+02 -1.867766350254827614e+02
-4.302506173168380883e+02 -1.861423340629111465e+02
-4.305499497036814773e+02 -1.855100540000547369e+02
-4.308459308542771851e+02 -1.848797947234449737e+02
-4.311385904903951314e+02 -1.842515559850103557e+02
-4.314279580763613922e+02 -1.836253374048656895e+02
-4.317140628212034130e+02 -1.830011384740522260e+02
-4.319969336807840818e+02 -1.823789585572287706e+02
-4.322765993599195440e+02 -1.817587968953149584e+02
-4.325530883144870700e+02 -1.811406526080882884e+02
-4.328264287535147901e+02 -1.805245246967339767e+02
-4.330966486412609697e+02 -1.799104120463501602e+02
-4.333637756992785626e+02 -1.792983134284089033e+02
-4.336278374084644156e+02 -1.786882275031726692e+02
-4.338888610110982995e+02 -1.780801528220683565e+02
-4.341468735128623280e+02 -1.774740878300192719e+02
-4.344019016848521346e+02 -1.768700308677349824e+02
-4.346539720655704286e+02 -1.762679801739617460e+02
-4.349031109629068510e+02 -1.756679338876909071e+02
-4.351493444561063484e+02 -1.750698900503302582e+02
-4.353926983977186183e+02 -1.744738466078349575e+02
-4.356331984155403347e+02 -1.738798014128020668e+02
-4.358708699145355467e+02 -1.732877522265261234e+02
-4.361057380787484590e+02 -1.726976967210196392e+02
-4.363378278731985347e+02 -1.721096324809972202e+02
-4.365671640457625813e+02 -1.715235570058235339e+02
-4.367937711290431935e+02 -1.709394677114277101e+02
-4.370176734422222466e+02 -1.703573619321826982e+02
-4.372388950929016005e+02 -1.697772369227523086e+02
-4.374574599789279432e+02 -1.691990898599036086e+02
-4.376733917902060966e+02 -1.686229178442887076e+02
-4.378867140104966893e+02 -1.680487179021936868e+02
-4.380974499192001304e+02 -1.674764869872567203e+02
-4.383056225931277936e+02 -1.669062219821555857e+02
-4.385112549082577971e+02 -1.663379197002646777e+02
-4.387143695414780495e+02 -1.657715768872828903e+02
-4.389149889723161664e+02 -1.652071902228320539e+02
-4.391131354846539239e+02 -1.646447563220267227e+02
-4.393088311684296059e+02 -1.640842717370169339e+02
-4.395020979213257988e+02 -1.635257329585014361e+02
-4.396929574504451921e+02 -1.629691364172152817e+02
-4.398814312739705770e+02 -1.624144784853909869e+02
-4.400675407228129075e+02 -1.618617554781919807e+02
-4.402513069422473677e+02 -1.613109636551224071e+02
-4.404327508935319315e+02 -1.607620992214095565e+02
-4.406118933555175090e+02 -1.602151583293628221e+02
-4.407887549262418361e+02 -1.596701370797085531e+02
-4.409633560245112562e+02 -1.591270315228992729e+02
-4.411357168914694853e+02 -1.585858376604012108e+02
-4.413058575921531883e+02 -1.580465514459574479e+02
-4.414737980170355627e+02 -1.575091687868291217e+02
-4.416395578835543461e+02 -1.569736855450135522e+02
-4.418031567376313546e+02 -1.564400975384408241e+02
-4.419646139551753663e+02 -1.559084005421493657e+02
-4.421239487435748856e+02 -1.553785902894387618e+02
-4.422811801431765844e+02 -1.548506624730034105e+02
-4.424363270287533965e+02 -1.543246127460448349e+02
-4.425894081109585727e+02 -1.538004367233640437e+02
-4.427404419377664908e+02 -1.532781299824340806e+02
-4.428894468959048254e+02 -1.527576880644533048e+02
-4.430364412122705744e+02 -1.522391064753792875e+02
-4.431814429553367631e+02 -1.517223806869445752e+02
-4.433244700365451081e+02 -1.512075061376528708e+02
-4.434655402116890173e+02 -1.506944782337589004e+02
-4.436046710822821524e+02 -1.501832923502284700e+02
-4.437418800969169865e+02 -1.496739438316822088e+02
-4.438771845526121638e+02 -1.491664279933222588e+02
-4.440106015961451362e+02 -1.486607401218414850e+02
-4.441421482253776958e+02 -1.481568754763158324e+02
-4.442718412905663854e+02 -1.476548292890818743e+02
-4.443996974956631334e+02 -1.471545967665961712e+02
-4.445257333996048033e+02 -1.466561730902810723e+02
-4.446499654175904652e+02 -1.461595534173528108e+02
-4.447724098223486067e+02 -1.456647328816364961e+02
-4.448930827453928600e+02 -1.451717065943647071e+02
-4.450120001782661916e+02 -1.446804696449618746e+02
-4.451291779737758247e+02 -1.441910171018142535e+02
-4.452446318472152029e+02 -1.437033440130259976e+02
-4.453583773775768577e+02 -1.432174454071602838e+02
-4.454704300087539650e+02 -1.427333162939675901e+02
-4.455808050507316693e+02 -1.422509516651006152e+02
-4.456895176807673238e+02 -1.417703464948152998e+02
-4.457965829445611803e+02 -1.412914957406591157e+02
-4.459020157574155405e+02 -1.408143943441466774e+02
-4.460058309053856078e+02 -1.403390372314227932e+02
-4.461080430464176629e+02 -1.398654193139126392e+02
-4.462086667114792249e+02 -1.393935354889606231e+02
-4.463077163056786958e+02 -1.389233806404567986e+02
-4.464052061093741486e+02 -1.384549496394514279e+02
-4.465011502792734746e+02 -1.379882373447582893e+02
-4.465955628495244127e+02 -1.375232386035466163e+02
-4.466884577327934949e+02 -1.370599482519217247e+02
-4.467798487213386238e+02 -1.365983611154949529e+02
-4.468697494880689192e+02 -1.361384720099425749e+02
-4.469581735875958657e+02 -1.356802757415540839e+02
-4.470451344572770154e+02 -1.352237671077708683e+02
-4.471306454182478660e+02 -1.347689408977129517e+02
-4.472147196764455543e+02 -1.343157918926979448e+02
-4.472973703236239089e+02 -1.338643148667479466e+02
-4.473786103383592945e+02 -1.334145045870884303e+02
-4.474584525870457128e+02 -1.329663558146365290e+02
-4.475369098248842192e+02 -1.325198633044802250e+02
-4.476139946968604022e+02 -1.320750218063489001e+02
-4.476897197387149845e+02 -1.316318260650736818e+02
-4.477640973779048181e+02 -1.311902708210400021e+02
-4.478371399345558643e+02 -1.307503508106306356e+02
-4.479088596224076468e+02 -1.303120607666606645e+02
-4.479792685497478146e+02 -1.298753954188034925e+02
-4.480483787203407928e+02 -1.294403494940089274e+02
-4.481162020343460881e+02 -1.290069177169130512e+02
-4.481827502892289772e+02 -1.285750948102397331e+02
