npts 513 dfreq 1.000000000000000021e-02
0.000000000000000000e+00 0.000000000000000000e+00
-3.984048366257369054e-06 -8.192918525922621441e-06
-2.063253778780009990e-05 4.388106659856468473e-05
7.051803889868932815e-05 4.024113093298663073e-05
6.947279506856725913e-05 -5.670982959216411788e-05
-7.777396352092880302e-06 -7.606700054892692698e-05
-4.397290872334301868e-05 -3.610859359652252216e-05
-4.034166009882219988e-05 -3.011663522293854286e-06
-2.629917371084543825e-05 1.165300454043869532e-05
-1.413346910421697683e-05 1.528744244595458673e-05
-5.962135674773307703e-06 1.421406729690752290e-05
-1.043843223066425647e-06 1.162525161650680960e-05
1.687269876976622338e-06 8.865025578599533380e-06
3.050536112350147726e-06 6.419939596882611928e-06
3.589733660632226913e-06 4.416319302039883709e-06
3.647249670175125722e-06 2.841553697215269289e-06
3.434149522142262720e-06 1.637397841489759838e-06
3.079257655829648148e-06 7.374306556126635366e-07
2.660601784388207589e-06 8.082297860094341435e-08
2.224940083778114853e-06 -3.836675476762080435e-07
1.799790919505662255e-06 -6.975295703188396143e-07
1.400868911577813891e-06 -8.936600967618008928e-07
1.036730913202025163e-06 -9.978448890867945069e-07
7.117272913357834492e-07 -1.030189381423987867e-06
4.279121587768316155e-07 -1.006408807411649420e-06
1.862843232029666530e-07 -9.390006850764435331e-07
-1.246315438882708129e-08 -8.383556133897630763e-07
-1.676500669049673508e-07 -7.138327196553707227e-07
-2.788259264443222045e-07 -5.747262287655893933e-07
-3.465265389817724452e-07 -4.308886706155318633e-07
-3.733916836940522333e-07 -2.926488025927580094e-07
-3.651075081154616333e-07 -1.697752196689941890e-07
-3.304288603049800579e-07 -6.973633714148714087e-08
-2.798883073736170214e-07 3.867784784809190703e-09
-2.236565015143330883e-07 5.172896095015337862e-08
-1.696342165648030100e-07 7.785012867129540863e-08
-1.226091059129120134e-07 8.779783463319213084e-08
-8.452151203265694238e-08 8.709574141659348937e-08
-5.532671272883989933e-08 8.027440132888553600e-08
-3.391203307077819231e-08 7.058084839059024465e-08
-1.878163954224852599e-08 6.009821676537464589e-08
-8.459261810420917890e-09 5.002461445364687385e-08
-1.673479858307332136e-09 4.095805602184932062e-08
2.589322469583923550e-09 3.312437116256174449e-08
5.098451537970580756e-09 2.653736713246836193e-08
6.418374494225909805e-09 2.110217051838377715e-08
6.953051471372799519e-09 1.667756499504961767e-08
6.985853547221155510e-09 1.311121736193150102e-08
6.712073353218264664e-09 1.025803260265497720e-08
6.263958912171778261e-09 7.988522746880864538e-09
5.729331027210231167e-09 6.191555947614935568e-09
5.165112233281044129e-09 4.774138573111593995e-09
4.606998957405783583e-09 3.659782715246745235e-09
4.076292027012472959e-09 2.786332192213650988e-09
3.584672472915567052e-09 2.103713500155066841e-09
3.137511026932975270e-09 1.571841643651890206e-09
2.736141304844539620e-09 1.158777502717292689e-09
2.379406154224241991e-09 8.391613914450502165e-10
2.064697570929800479e-09 5.929110156745114497e-10
1.788645953101525879e-09 4.041556929056219929e-10
1.547568135416918186e-09 2.603733302712773437e-10
1.337750723158072346e-09 1.516969692856048169e-10
1.155621988653202476e-09 7.036069125754693082e-11
9.978492378529217651e-10 1.025867581530755406e-11
8.613870951761812447e-10 -3.340465780616710594e-11
7.434941504496361111e-10 -6.439164836682999772e-11
6.417298380690099599e-10 -8.565036859673755674e-11
5.539395501340965375e-10 -9.948754787352972290e-11
4.782333107681185440e-10 -1.077050270715475564e-10
4.129614983534100346e-10 -1.117073838228744551e-10
3.566898434038954179e-10 -1.125867924670718936e-10
3.081750751615239164e-10 -1.111899206530969485e-10
2.663420157517444432e-10 -1.081706579255895510e-10
2.302625401523876658e-10 -1.040316721988519290e-10
1.991365727744566973e-10 -9.915715703611945236e-11
1.722751349221858157e-10 -9.383863251667398832e-11
1.490853624497125828e-10 -8.829526788412926693e-11
1.290573592213114220e-10 -8.268988315014052342e-11
1.117527254674909376e-10 -7.714154181863690539e-11
9.679459116558566450e-11 -7.173545393773170660e-11
8.385898658353306832e-11 -6.653075672624933844e-11
7.266739066569567193e-11 -6.156662033059202552e-11
6.298031004513778216e-11 -5.686703196600998442e-11
5.459175519374961738e-11 -5.244453736964386488e-11
4.732449432627968728e-11 -4.830315988291109708e-11
4.102597938965632464e-11 -4.444067124102988725e-11
3.556485134909882089e-11 -4.085035164747660885e-11
3.082794379486123796e-11 -3.752234788382118566e-11
2.671771454446800979e-11 -3.444471542571174050e-11
2.315004439939432799e-11 -3.160421252589438958e-11
2.005235058014897495e-11 -2.898689997962613318e-11
1.736196968759869986e-11 -2.657858901513511105e-11
1.502477141388448023e-11 -2.436517082834688801e-11
1.299396975104702413e-11 -2.233285421537950266e-11
1.122910321575433060e-11 -2.046833216051339441e-11
9.695159715529897854e-12 -1.875889380531674824e-11
8.361825209763254150e-12 -1.719249471445915575e-11
7.202838343730825087e-12 -1.575779557421910963e-11
6.195435823889292445e-12 -1.444417725945594423e-11
5.319875517922318742e-12 -1.324173846404023696e-11
4.559026156097452037e-12 -1.214128071347692146e-11
3.898014127293868598e-12 -1.113428449143241810e-11
3.323919243335998128e-12 -1.021287935436693770e-11
2.825512523318273543e-12 -9.369810233078753324e-12
2.393030054938121623e-12 -8.598401589037941918e-12
2.017977847789356805e-12 -7.892520677021905646e-12
1.692963325787883262e-12 -7.246540839996832983e-12
1.411549730939416121e-12 -6.655305508525455395e-12
1.168130244342425635e-12 -6.114093380209341747e-12
9.578190861433162886e-13 -5.618585102849698392e-12
7.763572456307528040e-13 -5.164831668649677562e-12
6.200308255694880086e-13 -4.749224638339127964e-12
4.856002695744153579e-13 -4.368468247590853898e-12
3.702389849156388819e-13 -4.019553398760444120e-12
2.714800816696567520e-13 -3.699733505046785255e-12
1.871701277363423658e-13 -3.406502128649317793e-12
1.154289723057556228e-13 -3.137572337024804999e-12
5.461482161246489526e-14 -2.890857690052286319e-12
3.293863433177401186e-15 -2.664454764326778647e-12
-3.978616652862740808e-14 -2.456627117759664027e-12
-7.571900016451851473e-14 -2.265790597259023267e-12
-1.054598867802527488e-13 -2.090499893784475587e-12
-1.298430681845610220e-13 -1.929436251966192324e-12
-1.495970171556948534e-13 -1.781396245318532871e-12
-1.653577318631122297e-13 -1.645281532535561768e-12
-1.776803395818727167e-13 -1.520089515178243166e-12
-1.870492291972368872e-13 -1.404904822060792579e-12
-1.938869027949508707e-13 -1.298891550675849392e-12
-1.985617114166032655e-13 -1.201286200960912303e-12
-2.013946182714572381e-13 -1.111391241527639419e-12
-2.026651138580937857e-13 -1.028569253100301713e-12
-2.026163911513866726e-13 -9.522375983056061590e-13
-2.014598749013588234e-13 -8.818635711035264299e-13
-1.993791868687000531e-13 -8.169599830372801969e-13
-1.965336182282613474e-13 -7.570811471079365615e-13
-1.930611711840266430e-13 -7.018192234481001079e-13
-1.890812238656465823e-13 -6.508008940871843688e-13
-1.846968656528861130e-13 -6.036843369775406165e-13
-1.799969440585773881e-13 -5.601564720980224043e-13
-1.750578590707545388e-13 -5.199304548823487919e-13
-1.699451363053047608e-13 -4.827433944471627655e-13
-1.647148063609071130e-13 -4.483542761327242348e-13
-1.594146143198449683e-13 -4.165420697311468166e-13
-1.540850803338082010e-13 -3.871040064760566644e-13
-1.487604296145047793e-13 -3.598540094162435854e-13
-1.434694078642170444e-13 -3.346212632061949100e-13
-1.382359961875661711e-13 -3.112489106297805716e-13
-1.330800377847940045e-13 -2.895928643403924661e-13
-1.280177872059882376e-13 -2.695207233614935019e-13
-1.230623916164097394e-13 -2.509107848550413606e-13
-1.182243123607027551e-13 -2.336511425401147379e-13
-1.135116940968947106e-13 -2.176388639382416798e-13
-1.089306878810672391e-13 -2.027792393426087658e-13
-1.044857338042514014e-13 -1.889850960621786071e-13
-1.001798081004035452e-13 -1.761761720848921569e-13
-9.601463904602202247e-14 -1.642785438421046985e-13
-9.199089544741074630e-14 -1.532241032443267337e-13
-8.810835105153313048e-14 -1.429500796008409485e-13
-8.436602781272278652e-14 -1.333986024370520432e-13
-8.076232059320586912e-14 -1.245163015873704182e-13
-7.729510556428048574e-14 -1.162539412714955056e-13
-7.396183430174052600e-14 -1.085660851613392234e-13
-7.075961532903862259e-14 -1.014107897173964404e-13
-6.768528465066194423e-14 -9.474932331971800640e-14
-6.473546663267532488e-14 -8.854590894217637904e-14
-6.190662642423556120e-14 -8.276748832153554747e-14
-5.919511497037061659e-14 -7.738350575693650032e-14
-5.659720754004512379e-14 -7.236570984251121670e-14
-5.410913658240991654e-14 -6.768797158756309566e-14
-5.172711962631441696e-14 -6.332611751652666287e-14
-4.944738285204350584e-14 -5.925777646606500651e-14
-4.726618088840332172e-14 -5.546223891035291776e-14
-4.517981332149790033e-14 -5.192032774890872822e-14
-4.318463834270966766e-14 -4.861427958523851925e-14
-4.127708391157830071e-14 -4.552763560992867828e-14
-3.945365676361857718e-14 -4.264514127945483789e-14
-3.771094955289814130e-14 -3.995265405259345570e-14
-3.604564638375757776e-14 -3.743705851056928979e-14
-3.445452695483381930e-14 -3.508618824554722907e-14
-3.293446951103832060e-14 -3.288875395530423554e-14
-3.148245277490814791e-14 -3.083427723038887795e-14
-3.009555700739738619e-14 -2.891302956422354596e-14
-2.877096432937346934e-14 -2.711597615682784278e-14
-2.750595841852141874e-14 -2.543472411950099510e-14
-2.629792368177758179e-14 -2.386147472121734325e-14
-2.514434399057844600e-14 -2.238897934796393947e-14
-2.404280105491322128e-14 -2.101049887404495720e-14
-2.299097250223151404e-14 -1.971976616973955250e-14
-2.198662971851757626e-14 -1.851095149284777100e-14
-2.102763550115999104e-14 -1.737863053279119779e-14
-2.011194156649666368e-14 -1.631775489523433395e-14
-1.923758594898796977e-14 -1.532362483282246250e-14
-1.840269032377011536e-14 -1.439186404374075434e-14
-1.760545727978102880e-14 -1.351839637452506904e-14
-1.684416756665482880e-14 -1.269942427701752044e-14
-1.611717733508334731e-14 -1.193140888167334413e-14
-1.542291538728533971e-14 -1.121105156069158206e-14
-1.475988045155144905e-14 -1.053527686475017333e-14
-1.412663849250347829e-14 -9.901216726564543284e-15
-1.352182006667608338e-14 -9.306195833129856519e-15
-1.294411773126323906e-14 -8.747718076422461788e-15
-1.239228351234020680e-14 -8.223453999589257494e-15
-1.186512643754253522e-14 -7.731229162299588069e-15
-1.136151013703797035e-14 -7.269013355029451674e-15
-1.088035051563612727e-14 -6.834910597635061621e-15
-1.042061349803195740e-14 -6.427149862699985653e-15
-9.981312848450333982e-15 -6.044076468843609623e-15
-9.561508065337575462e-15 -5.684144093496495955e-15
-9.160302351219294715e-15 -5.345907358612483411e-15
-8.776840657397476016e-15 -5.028014946427845463e-15
-8.410307802786283921e-15 -4.729203205722534887e-15
-8.059926665875123446e-15 -4.448290212112266099e-15
-7.724956448550078242e-15 -4.184170248724827905e-15
-7.404691010296204492e-15 -3.935808676212352790e-15
-7.098457271134575525e-15 -3.702237163439741699e-15
-6.805613681515658071e-15 -3.482549252387937077e-15
-6.525548757289027365e-15 -3.275896232833091519e-15
-6.257679677794473108e-15 -3.081483304224745691e-15
-6.001450945067284662e-15 -2.898566003900571274e-15
-5.756333102118172422e-15 -2.726446882354134223e-15
-5.521821508232305481e-15 -2.564472407726884283e-15
-5.297435169230328564e-15 -2.412030083036233184e-15
-5.082715620644648341e-15 -2.268545760887182682e-15
-4.877225861784530107e-15 -2.133481141554501592e-15
-4.680549338692435460e-15 -2.006331441373217648e-15
-4.492288974029553235e-15 -1.886623219344748949e-15
-4.312066241969679739e-15 -1.773912350760506914e-15
-4.139520286226527059e-15 -1.667782137470766062e-15
-3.974307079388605404e-15 -1.567841545188799234e-15
-3.816098621787956473e-15 -1.473723558924597168e-15
-3.664582178182809682e-15 -1.385083648292861959e-15
-3.519459550589686822e-15 -1.301598335040961201e-15
-3.380446385656633811e-15 -1.222963855698147969e-15
-3.247271515025623122e-15 -1.148894912760835400e-15
-3.119676327188954621e-15 -1.079123508303626439e-15
-2.997414169400511038e-15 -1.013397854345174107e-15
-2.880249778258425324e-15 -9.514813547042213208e-16
-2.767958737630506335e-15 -8.931516534574762026e-16
-2.660326962647608236e-15 -8.381997454589824860e-16
-2.557150208542670305e-15 -7.864291447031303397e-16
-2.458233603164674727e-15 -7.376551066119442073e-16
-2.363391202046609800e-15 -6.917039006038950778e-16
-2.272445564955228680e-15 -6.484121295577373905e-16
-2.185227352897355446e-15 -6.076260930223956116e-16
-2.101574944603058057e-15 -5.692011912440998551e-16
-2.021334071550008839e-15 -5.330013672861458567e-16
-1.944357470635737449e-15 -4.988985847060310227e-16
-1.870504553645359270e-15 -4.667723384303607229e-16
-1.799641092701677016e-15 -4.365091966309783171e-16
-1.731638920922326969e-15 -4.080023715570107512e-16
-1.666375647544887237e-15 -3.811513174180447479e-16
-1.603734386815692282e-15 -3.558613535440141994e-16
-1.543603499971399885e-15 -3.320433111685591470e-16
-1.485876349674318641e-15 -3.096132022951426159e-16
-1.430451066293002196e-15 -2.884919092097481173e-16
-1.377230325448910999e-15 -2.686048933012414095e-16
-1.326121136277754822e-15 -2.498819219407332932e-16
-1.277034639880948582e-15 -2.322568122553846693e-16
-1.229885917467918899e-15 -2.156671907101525057e-16
-1.184593807714453899e-15 -2.000542674837005682e-16
-1.141080732885329228e-15 -1.853626246923039551e-16
-1.099272533291662693e-15 -1.715400175785204975e-16
-1.059098309674450812e-15 -1.585371878399811500e-16
-1.020490273125809167e-15 -1.463076883281962732e-16
-9.833836021786127021e-16 -1.348077183980684988e-16
-9.477163067133895369e-16 -1.239959692361148049e-16
-9.134290983486602093e-16 -1.138334785394723837e-16
-8.804652669974374753e-16 -1.042834939588344473e-16
-8.487705632882747638e-16 -9.531134475675226879e-17
-8.182930865641893623e-16 -8.688432116840469458e-17
-7.889831781869996089e-16 -7.897156098522721316e-17
-7.607933198881144544e-16 -7.154394291280778590e-17
-7.336780369196655811e-16 -6.457398628341535091e-17
-7.075938057720670737e-16 -5.803575673050150282e-17
-6.824989662357270761e-16 -5.190477745775940051e-17
-6.583536375956326951e-16 -4.615794575878708808e-17
-6.351196387580420622e-16 -4.077345446540513151e-17
-6.127604121184686521e-16 -3.573071802314414451e-17
-5.912409509896106677e-16 -3.101030291157763099e-17
-5.705277304168829507e-16 -2.659386214504897165e-17
-5.505886412177443524e-16 -2.246407360605127728e-17
-5.313929270891421187e-16 -1.860458197912027848e-17
-5.129111246351036918e-16 -1.499994406769726945e-17
-4.951150061738204506e-16 -1.163557729004680953e-17
-4.779775251905622500e-16 -8.497711163068175500e-18
-4.614727643093268147e-16 -5.573341594758729207e-18
-4.455758856624424800e-16 -2.850187817238515989e-18
-4.302630835432855583e-16 -3.166518026701751357e-19
-4.155115392329497084e-16 2.038219985823688365e-18
-4.012993778970734291e-16 4.224772647022347670e-18
-3.876056274541540663e-16 6.252776828472147075e-18
-3.744101793215178645e-16 8.131460769578107608e-18
-3.616937509497353129e-16 9.869540515660934318e-18
-3.494378500606338774e-16 1.147524841069331173e-17
-3.376247405082433953e-16 1.295635996987025520e-17
-3.262374096859351218e-16 1.432021922700770494e-17
-3.152595374067756265e-16 1.557376264599847528e-17
-3.046754661876897315e-16 1.672354168015459872e-17
-2.944701728713970937e-16 1.777574405819739688e-17
-2.846292415233152977e-16 1.873621387091064106e-17
-2.751388375436668848e-16 1.961047052802527774e-17
-2.659856829379435246e-16 2.040372665072625616e-17
-2.571570326916253712e-16 2.112090496126056830e-17
-2.486406521976769606e-16 2.176665422745627152e-17
-2.404247956878387312e-16 2.234536431651430393e-17
-2.324981856210901713e-16 2.286118040920781750e-17
-2.248499929849074703e-16 2.331801642258915401e-17
-2.174698184670817611e-16 2.371956768645655427e-17
-2.103476744578913651e-16 2.406932291616570069e-17
-2.034739678443456802e-16 2.437057552185738585e-17
-1.968394835600616990e-16 2.462643429181997640e-17
-1.904353688560688714e-16 2.483983348549406586e-17
-1.842531182595025513e-16 2.501354236954347930e-17
-1.782845591887121019e-16 2.515017422847200698e-17
-1.725218381948197667e-16 2.525219487942437295e-17
-1.669574078011795537e-16 2.532193071909049231e-17
-1.615840139135447662e-16 2.536157632900985575e-17
-1.563946837750408935e-16 2.537320166405121953e-17
-1.513827144412610728e-16 2.535875884740952366e-17
-1.465416617519701233e-16 2.532008859411949228e-17
-1.418653297770091662e-16 2.525892628381289142e-17
-1.373477607150452550e-16 2.517690770226444055e-17
-1.329832252248155510e-16 2.507557447014202476e-17
-1.287662131694640822e-16 2.495637917633173024e-17
-1.246914247554842799e-16 2.482069023221081654e-17
-1.207537620486349442e-16 2.466979646231059296e-17
-1.169483208500244604e-16 2.450491144593509995e-17
-1.132703829163384706e-16 2.432717762347076984e-17
-1.097154085089280264e-16 2.413767018034870515e-17
-1.062790292571865210e-16 2.393740072088381830e-17
-1.029570413223155235e-16 2.372732074352970774e-17
-9.974539884822246057e-17 2.350832492843489156e-17
-9.664020768690176052e-17 2.328125424757505304e-17
-9.363771938623719588e-17 2.304689890716070027e-17
-9.073432542871171714e-17 2.280600113147383079e-17
-8.792655171004166397e-17 2.255925779677769527e-17
-8.521105324725469587e-17 2.230732292345995511e-17
-8.258460910620645515e-17 2.205081003411530165e-17
-8.004411753899025209e-17 2.179029438484482517e-17
-7.758659132212476811e-17 2.152631507664619663e-17
-7.520915328682111860e-17 2.125937705338593370e-17
-7.290903203302343298e-17 2.098995299248884533e-17
-7.068355781929005578e-17 2.071848509413659217e-17
-6.853015862094729596e-17 2.044538677445265174e-17
-6.644635634927973774e-17 2.017104426784618181e-17
-6.442976322485289121e-17 1.989581814340357786e-17
-6.247807829837066792e-17 1.962004473994923539e-17
-6.058908411276586602e-17 1.934403752414310713e-17
-5.876064350050448375e-17 1.906808837574363271e-17
-5.699069651035077258e-17 1.879246880393933988e-17
-5.527725745809912540e-17 1.851743109843976610e-17
-5.361841209602037893e-17 1.824320941881506644e-17
-5.201231489600324870e-17 1.797002082538382022e-17
-5.045718644159573794e-17 1.769806625477044502e-17
-4.895131092435991657e-17 1.742753144308240372e-17
-4.749303374015849026e-17 1.715858779950037309e-17
-4.608075918118237315e-17 1.689139323292093023e-17
-4.471294821971292920e-17 1.662609293415079430e-17
-4.338811637978911040e-17 1.636282011601570561e-17
-4.210483169311512210e-17 1.610169671362075418e-17
-4.086171273570586343e-17 1.584283404687770389e-17
-3.965742674191979501e-17 1.558633344730234418e-17
-3.849068779267242827e-17 1.533228685097653124e-17
-3.736025507476642650e-17 1.508077735946891494e-17
-3.626493120840320660e-17 1.483187977041177966e-17
-3.520356064007015586e-17 1.458566107934116456e-17
-3.417502809811768177e-17 1.434218095432119019e-17
-3.317825710845573372e-17 1.410149218479332261e-17
-3.221220856791066411e-17 1.386364110601341078e-17
-3.127587937288725405e-17 1.362866800036798586e-17
-3.036830110108345303e-17 1.339660747679189883e-17
-2.948853874409956449e-17 1.316748882944513940e-17
-2.863568948887670746e-17 1.294133637674466412e-17
-2.780888154598724329e-17 1.271816978178982297e-17
-2.700727302288324521e-17 1.249800435516408950e-17
-2.623005084028965358e-17 1.228085134104486547e-17
-2.547642969000510978e-17 1.206671818750301232e-17
-2.474565103244733126e-17 1.185560880182799688e-17
-2.403698213234930064e-17 1.164752379166988808e-17
-2.334971513107978296e-17 1.144246069274827427e-17
-2.268316615412579248e-17 1.124041418383838714e-17
-2.203667445233579780e-17 1.104137628970730604e-17
-2.140960157558054659e-17 1.084533657263820149e-17
-2.080133057754538304e-17 1.065228231314657570e-17
-2.021126525042046449e-17 1.046219868046109607e-17
-1.963882938830687085e-17 1.027506889331146661e-17
-1.908346607820600597e-17 1.009087437153746990e-17
-1.854463701750561654e-17 9.909594879006080679e-18
-1.802182185692168985e-17 9.731208658298652452e-18
-1.751451756789751101e-17 9.555692557605384821e-18
-1.702223783350285572e-17 9.383022150241798158e-18
-1.654451246191492113e-17 9.213171847180234769e-18
-1.608088682160098047e-17 9.046115002968608727e-18
-1.563092129735821192e-17 8.881824015389698492e-18
-1.519419076640060301e-17 8.720270419195291405e-18
-1.477028409371619869e-17 8.561424974232340663e-18
-1.435880364594923457e-17 8.405257748261786293e-18
-1.395936482309172971e-17 8.251738194754832800e-18
-1.357159560729899232e-17 8.100835225936697302e-18
-1.319513612816978976e-17 7.952517281333879782e-18
-1.282963824386002604e-17 7.806752392067517864e-18
-1.247476513742277386e-17 7.663508241122648088e-18
-1.213019092779319028e-17 7.522752219811595424e-18
-1.179560029485915096e-17 7.384451480637943010e-18
-1.147068811808126227e-17 7.248572986756870614e-18
-1.115515912814750714e-17 7.115083558217650878e-18
-1.084872757116785343e-17 6.983949915164136139e-18
-1.055111688493412469e-17 6.855138718159982835e-18
-1.026205938678929191e-17 6.728616605796743129e-18
-9.981295972668339131e-18 6.604350229734635683e-18
-9.708575826890147623e-18 6.482306287317901172e-18
-9.443656142296466475e-18 6.362451551899452881e-18
-9.186301850350099526e-18 6.244752901002164853e-18
-8.936285360819530341e-18 6.129177342437864637e-18
-8.693386310691840805e-18 6.015692038498477872e-18
-8.457391321969930683e-18 5.904264328327829270e-18
-8.228093768023471535e-18 5.794861748577020947e-18
-8.005293548175814996e-18 5.687452052440823965e-18
-7.788796870221604776e-18 5.582003227167400615e-18
-7.578416040581645365e-18 5.478483510128900195e-18
-7.373969261813051273e-18 5.376861403535761777e-18
-7.175280437203342540e-18 5.277105687873239485e-18
-6.982178982188130079e-18 5.179185434134575927e-18
-6.794499642341712556e-18 5.083070014921275851e-18
-6.612082317699533907e-18 4.988729114477123341e-18
-6.434771893181079403e-18 4.896132737719237882e-18
-6.262418074890302390e-18 4.805251218325977094e-18
-6.094875232079389775e-18 4.716055225938314671e-18
-5.932002244569890366e-18 4.628515772528379941e-18
-5.773662355432923873e-18 4.542604217985963575e-18
-5.619723028738016901e-18 4.458292274971029808e-18
-5.470055812186982438e-18 4.375552013077715653e-18
-5.324536204456694978e-18 4.294355862353004902e-18
-5.183043527080811049e-18 4.214676616210627782e-18
-5.045460800707236482e-18 4.136487433778963690e-18
-4.911674625574257701e-18 4.059761841719216895e-18
-4.781575066053942778e-18 3.984473735548496515e-18
-4.655055539117474644e-18 3.910597380500351291e-18
-4.532012706582221843e-18 3.838107411953662630e-18
-4.412346371005784133e-18 3.766978835458993636e-18
-4.295959375097263793e-18 3.697187026390020443e-18
-4.182757504520692743e-18 3.628707729246014318e-18
-4.072649393970538381e-18 3.561517056630103463e-18
-3.965546436403362553e-18 3.495591487926436485e-18
-3.861362695314178538e-18 3.430907867698308262e-18
-3.760014819950077706e-18 3.367443403827899978e-18
-3.661421963357852829e-18 3.305175665417252369e-18
-3.565505703165922691e-18 3.244082580468929923e-18
-3.472189965004715236e-18 3.184142433363794519e-18
-3.381400948473135499e-18 3.125333862152330949e-18
-3.293067055562107993e-18 3.067635855674994149e-18
-3.207118821449483127e-18 3.011027750526232945e-18
-3.123488847583770001e-18 2.955489227875927564e-18
-3.042111736977052207e-18 2.901000310161184718e-18
-2.962924031630492027e-18 2.847541357660753034e-18
-2.885864152018528930e-18 2.795093064963488458e-18
-2.810872338560570763e-18 2.743636457341738803e-18
-2.737890595011602564e-18 2.693152887039777845e-18
-2.666862633705563485e-18 2.643624029486843880e-18
-2.597733822587814408e-18 2.595031879443818051e-18
-2.530451133975157786e-18 2.547358747091869408e-18
-2.464963094984349532e-18 2.500587254071115140e-18
-2.401219739571875099e-18 2.454700329476601441e-18
-2.339172562130039501e-18 2.409681205818645032e-18
-2.278774472586243730e-18 2.365513414954000704e-18
-2.219979752954351497e-18 2.322180783994016692e-18
-2.162744015288720371e-18 2.279667431195420082e-18
-2.107024160993400440e-18 2.237957761839125254e-18
-2.052778341440536609e-18 2.197036464102030007e-18
-1.999965919853779857e-18 2.156888504926449341e-18
-1.948547434413973754e-18 2.117499125891519850e-18
-1.898484562545944480e-18 2.078853839090631118e-18
-1.849740086346712478e-18 2.040938423018616195e-18
-1.802277859116735811e-18 2.003738918472214030e-18
-1.756062772957286702e-18 1.967241624467042910e-18
-1.711060727398212148e-18 1.931433094174037346e-18
-1.667238599021745057e-18 1.896300130878216497e-18
-1.624564212049060038e-18 1.861829783962251642e-18
-1.583006309857607045e-18 1.828009344917270926e-18
-1.542534527398223524e-18 1.794826343383032605e-18
-1.503119364482203539e-18 1.762268543219477859e-18
-1.464732159909507580e-18 1.730323938611508978e-18
-1.427345066410277543e-18 1.698980750208634961e-18
-1.390931026372838342e-18 1.668227421301025868e-18
-1.355463748332224024e-18 1.638052614033357375e-18
-1.320917684194251770e-18 1.608445205657681999e-18
-1.287268007170930038e-18 1.579394284826459608e-18
-1.254490590403924046e-18 1.550889147926762017e-18
-1.222561986253509019e-18 1.522919295456526011e-18
-1.191459406231285166e-18 1.495474428443674119e-18
-1.161160701555633431e-18 1.468544444908777567e-18
-1.131644344309621778e-18 1.442119436371874268e-18
-1.102889409181789365e-18 1.416189684403969152e-18
-1.074875555770832403e-18 1.390745657223625714e-18
-1.047583011435973383e-18 1.365778006339052463e-18
-1.020992554675296066e-18 1.341277563235935980e-18
-9.950854990150088954e-19 1.317235336111269035e-18
-9.698436773931570162e-19 1.293642506653330538e-18
-9.452494270218466177e-19 1.270490426867924203e-18
-9.212855747125951443e-19 1.247770615950924276e-18
-8.979354226499330342e-19 1.225474757207124085e-18
-8.751827345989045709e-19 1.203594695015360060e-18
-8.530117225325602258e-19 1.182122431839801072e-18
-8.314070336660329385e-19 1.161050125287280005e-18
-8.103537378842242098e-19 1.140370085210505422e-18
-7.898373155505579688e-19 1.120074770856936444e-18
-7.698436456846987058e-19 1.100156788063099946e-18
-7.503589944974932091e-19 1.080608886494070427e-18
-7.313700042718392691e-19 1.061423956927829442e-18
-7.128636825785165474e-19 1.042595028584183346e-18
-6.948273918163905593e-19 1.024115266497886524e-18
-6.772488390667675129e-19 1.005977968935623825e-18
-6.601160662520059229e-19 9.881765648564554533e-19
