npts 513 dfreq 1.000000000000000021e-02
0.000000000000000000e+00 0.000000000000000000e+00
0.000000000000000000e+00 6.283185307179586787e-02
0.000000000000000000e+00 1.256637061435917357e-01
0.000000000000000000e+00 1.884955592153876036e-01
0.000000000000000000e+00 2.513274122871834715e-01
0.000000000000000000e+00 3.141592653589793116e-01
0.000000000000000000e+00 3.769911184307752072e-01
0.000000000000000000e+00 4.398229715025711029e-01
0.000000000000000000e+00 5.026548245743669430e-01
0.000000000000000000e+00 5.654866776461627831e-01
0.000000000000000000e+00 6.283185307179586232e-01
0.000000000000000000e+00 6.911503837897545743e-01
0.000000000000000000e+00 7.539822368615504145e-01
0.000000000000000000e+00 8.168140899333462546e-01
0.000000000000000000e+00 8.796459430051422057e-01
0.000000000000000000e+00 9.424777960769380458e-01
0.000000000000000000e+00 1.005309649148733886e+00
0.000000000000000000e+00 1.068141502220529837e+00
0.000000000000000000e+00 1.130973355292325566e+00
0.000000000000000000e+00 1.193805208364121517e+00
0.000000000000000000e+00 1.256637061435917246e+00
0.000000000000000000e+00 1.319468914507713198e+00
0.000000000000000000e+00 1.382300767579509149e+00
0.000000000000000000e+00 1.445132620651304878e+00
0.000000000000000000e+00 1.507964473723100829e+00
0.000000000000000000e+00 1.570796326794896780e+00
0.000000000000000000e+00 1.633628179866692509e+00
0.000000000000000000e+00 1.696460032938488460e+00
0.000000000000000000e+00 1.759291886010284411e+00
0.000000000000000000e+00 1.822123739082080141e+00
0.000000000000000000e+00 1.884955592153876092e+00
0.000000000000000000e+00 1.947787445225671821e+00
0.000000000000000000e+00 2.010619298297467772e+00
0.000000000000000000e+00 2.073451151369263723e+00
0.000000000000000000e+00 2.136283004441059674e+00
0.000000000000000000e+00 2.199114857512855181e+00
0.000000000000000000e+00 2.261946710584651132e+00
0.000000000000000000e+00 2.324778563656447083e+00
0.000000000000000000e+00 2.387610416728243035e+00
0.000000000000000000e+00 2.450442269800038986e+00
0.000000000000000000e+00 2.513274122871834493e+00
0.000000000000000000e+00 2.576105975943630444e+00
0.000000000000000000e+00 2.638937829015426395e+00
0.000000000000000000e+00 2.701769682087222346e+00
0.000000000000000000e+00 2.764601535159018297e+00
0.000000000000000000e+00 2.827433388230814248e+00
0.000000000000000000e+00 2.890265241302609756e+00
0.000000000000000000e+00 2.953097094374405707e+00
0.000000000000000000e+00 3.015928947446201658e+00
0.000000000000000000e+00 3.078760800517997609e+00
0.000000000000000000e+00 3.141592653589793560e+00
0.000000000000000000e+00 3.204424506661589067e+00
0.000000000000000000e+00 3.267256359733385018e+00
0.000000000000000000e+00 3.330088212805180969e+00
0.000000000000000000e+00 3.392920065876976921e+00
0.000000000000000000e+00 3.455751918948772872e+00
0.000000000000000000e+00 3.518583772020568823e+00
0.000000000000000000e+00 3.581415625092364330e+00
0.000000000000000000e+00 3.644247478164160281e+00
0.000000000000000000e+00 3.707079331235956232e+00
0.000000000000000000e+00 3.769911184307752183e+00
0.000000000000000000e+00 3.832743037379548134e+00
0.000000000000000000e+00 3.895574890451343641e+00
0.000000000000000000e+00 3.958406743523139593e+00
0.000000000000000000e+00 4.021238596594935544e+00
0.000000000000000000e+00 4.084070449666731051e+00
0.000000000000000000e+00 4.146902302738527446e+00
0.000000000000000000e+00 4.209734155810322953e+00
0.000000000000000000e+00 4.272566008882119348e+00
0.000000000000000000e+00 4.335397861953914855e+00
0.000000000000000000e+00 4.398229715025710362e+00
0.000000000000000000e+00 4.461061568097506758e+00
0.000000000000000000e+00 4.523893421169302265e+00
0.000000000000000000e+00 4.586725274241098660e+00
0.000000000000000000e+00 4.649557127312894167e+00
0.000000000000000000e+00 4.712388980384689674e+00
0.000000000000000000e+00 4.775220833456486069e+00
0.000000000000000000e+00 4.838052686528281576e+00
0.000000000000000000e+00 4.900884539600077971e+00
0.000000000000000000e+00 4.963716392671873479e+00
0.000000000000000000e+00 5.026548245743668986e+00
0.000000000000000000e+00 5.089380098815465381e+00
0.000000000000000000e+00 5.152211951887260888e+00
0.000000000000000000e+00 5.215043804959057283e+00
0.000000000000000000e+00 5.277875658030852790e+00
0.000000000000000000e+00 5.340707511102649185e+00
0.000000000000000000e+00 5.403539364174444692e+00
0.000000000000000000e+00 5.466371217246240199e+00
0.000000000000000000e+00 5.529203070318036595e+00
0.000000000000000000e+00 5.592034923389832102e+00
0.000000000000000000e+00 5.654866776461628497e+00
0.000000000000000000e+00 5.717698629533424004e+00
0.000000000000000000e+00 5.780530482605219511e+00
0.000000000000000000e+00 5.843362335677015906e+00
0.000000000000000000e+00 5.906194188748811413e+00
0.000000000000000000e+00 5.969026041820607809e+00
0.000000000000000000e+00 6.031857894892403316e+00
0.000000000000000000e+00 6.094689747964198823e+00
0.000000000000000000e+00 6.157521601035995218e+00
0.000000000000000000e+00 6.220353454107790725e+00
0.000000000000000000e+00 6.283185307179587120e+00
0.000000000000000000e+00 6.346017160251382627e+00
0.000000000000000000e+00 6.408849013323178134e+00
0.000000000000000000e+00 6.471680866394974529e+00
0.000000000000000000e+00 6.534512719466770037e+00
0.000000000000000000e+00 6.597344572538566432e+00
0.000000000000000000e+00 6.660176425610361939e+00
0.000000000000000000e+00 6.723008278682157446e+00
0.000000000000000000e+00 6.785840131753953841e+00
0.000000000000000000e+00 6.848671984825749348e+00
0.000000000000000000e+00 6.911503837897545743e+00
0.000000000000000000e+00 6.974335690969341250e+00
0.000000000000000000e+00 7.037167544041137646e+00
0.000000000000000000e+00 7.099999397112933153e+00
0.000000000000000000e+00 7.162831250184728660e+00
0.000000000000000000e+00 7.225663103256525055e+00
0.000000000000000000e+00 7.288494956328320562e+00
0.000000000000000000e+00 7.351326809400116957e+00
0.000000000000000000e+00 7.414158662471912464e+00
0.000000000000000000e+00 7.476990515543707971e+00
0.000000000000000000e+00 7.539822368615504367e+00
0.000000000000000000e+00 7.602654221687299874e+00
0.000000000000000000e+00 7.665486074759096269e+00
0.000000000000000000e+00 7.728317927830891776e+00
0.000000000000000000e+00 7.791149780902687283e+00
0.000000000000000000e+00 7.853981633974483678e+00
0.000000000000000000e+00 7.916813487046279185e+00
0.000000000000000000e+00 7.979645340118075580e+00
0.000000000000000000e+00 8.042477193189871087e+00
0.000000000000000000e+00 8.105309046261666595e+00
0.000000000000000000e+00 8.168140899333462102e+00
0.000000000000000000e+00 8.230972752405259385e+00
0.000000000000000000e+00 8.293804605477054892e+00
0.000000000000000000e+00 8.356636458548850399e+00
0.000000000000000000e+00 8.419468311620645906e+00
0.000000000000000000e+00 8.482300164692441413e+00
0.000000000000000000e+00 8.545132017764238697e+00
0.000000000000000000e+00 8.607963870836034204e+00
0.000000000000000000e+00 8.670795723907829711e+00
0.000000000000000000e+00 8.733627576979625218e+00
0.000000000000000000e+00 8.796459430051420725e+00
0.000000000000000000e+00 8.859291283123218008e+00
0.000000000000000000e+00 8.922123136195013515e+00
0.000000000000000000e+00 8.984954989266809022e+00
0.000000000000000000e+00 9.047786842338604529e+00
0.000000000000000000e+00 9.110618695410400036e+00
0.000000000000000000e+00 9.173450548482197320e+00
0.000000000000000000e+00 9.236282401553992827e+00
0.000000000000000000e+00 9.299114254625788334e+00
0.000000000000000000e+00 9.361946107697583841e+00
0.000000000000000000e+00 9.424777960769379348e+00
0.000000000000000000e+00 9.487609813841176631e+00
0.000000000000000000e+00 9.550441666912972138e+00
0.000000000000000000e+00 9.613273519984767645e+00
0.000000000000000000e+00 9.676105373056563153e+00
0.000000000000000000e+00 9.738937226128358660e+00
0.000000000000000000e+00 9.801769079200155943e+00
0.000000000000000000e+00 9.864600932271951450e+00
0.000000000000000000e+00 9.927432785343746957e+00
0.000000000000000000e+00 9.990264638415542464e+00
0.000000000000000000e+00 1.005309649148733797e+01
0.000000000000000000e+00 1.011592834455913525e+01
0.000000000000000000e+00 1.017876019763093076e+01
0.000000000000000000e+00 1.024159205070272627e+01
0.000000000000000000e+00 1.030442390377452178e+01
0.000000000000000000e+00 1.036725575684631906e+01
0.000000000000000000e+00 1.043008760991811457e+01
0.000000000000000000e+00 1.049291946298991007e+01
0.000000000000000000e+00 1.055575131606170558e+01
0.000000000000000000e+00 1.061858316913350109e+01
0.000000000000000000e+00 1.068141502220529837e+01
0.000000000000000000e+00 1.074424687527709388e+01
0.000000000000000000e+00 1.080707872834888938e+01
0.000000000000000000e+00 1.086991058142068489e+01
0.000000000000000000e+00 1.093274243449248040e+01
0.000000000000000000e+00 1.099557428756427768e+01
0.000000000000000000e+00 1.105840614063607319e+01
0.000000000000000000e+00 1.112123799370786870e+01
0.000000000000000000e+00 1.118406984677966420e+01
0.000000000000000000e+00 1.124690169985145971e+01
0.000000000000000000e+00 1.130973355292325699e+01
0.000000000000000000e+00 1.137256540599505250e+01
0.000000000000000000e+00 1.143539725906684801e+01
0.000000000000000000e+00 1.149822911213864352e+01
0.000000000000000000e+00 1.156106096521043902e+01
0.000000000000000000e+00 1.162389281828223631e+01
0.000000000000000000e+00 1.168672467135403181e+01
0.000000000000000000e+00 1.174955652442582732e+01
0.000000000000000000e+00 1.181238837749762283e+01
0.000000000000000000e+00 1.187522023056941833e+01
0.000000000000000000e+00 1.193805208364121562e+01
0.000000000000000000e+00 1.200088393671301112e+01
0.000000000000000000e+00 1.206371578978480663e+01
0.000000000000000000e+00 1.212654764285660214e+01
0.000000000000000000e+00 1.218937949592839765e+01
0.000000000000000000e+00 1.225221134900019493e+01
0.000000000000000000e+00 1.231504320207199044e+01
0.000000000000000000e+00 1.237787505514378594e+01
0.000000000000000000e+00 1.244070690821558145e+01
0.000000000000000000e+00 1.250353876128737696e+01
0.000000000000000000e+00 1.256637061435917424e+01
0.000000000000000000e+00 1.262920246743096975e+01
0.000000000000000000e+00 1.269203432050276525e+01
0.000000000000000000e+00 1.275486617357456076e+01
0.000000000000000000e+00 1.281769802664635627e+01
0.000000000000000000e+00 1.288052987971815355e+01
0.000000000000000000e+00 1.294336173278994906e+01
0.000000000000000000e+00 1.300619358586174457e+01
0.000000000000000000e+00 1.306902543893354007e+01
0.000000000000000000e+00 1.313185729200533558e+01
0.000000000000000000e+00 1.319468914507713286e+01
0.000000000000000000e+00 1.325752099814892837e+01
0.000000000000000000e+00 1.332035285122072388e+01
0.000000000000000000e+00 1.338318470429251938e+01
0.000000000000000000e+00 1.344601655736431489e+01
0.000000000000000000e+00 1.350884841043611218e+01
0.000000000000000000e+00 1.357168026350790768e+01
0.000000000000000000e+00 1.363451211657970319e+01
0.000000000000000000e+00 1.369734396965149870e+01
0.000000000000000000e+00 1.376017582272329420e+01
0.000000000000000000e+00 1.382300767579509149e+01
0.000000000000000000e+00 1.388583952886688699e+01
0.000000000000000000e+00 1.394867138193868250e+01
0.000000000000000000e+00 1.401150323501047801e+01
0.000000000000000000e+00 1.407433508808227529e+01
0.000000000000000000e+00 1.413716694115407080e+01
0.000000000000000000e+00 1.419999879422586631e+01
0.000000000000000000e+00 1.426283064729766181e+01
0.000000000000000000e+00 1.432566250036945732e+01
0.000000000000000000e+00 1.438849435344125460e+01
0.000000000000000000e+00 1.445132620651305011e+01
0.000000000000000000e+00 1.451415805958484562e+01
0.000000000000000000e+00 1.457698991265664112e+01
0.000000000000000000e+00 1.463982176572843663e+01
0.000000000000000000e+00 1.470265361880023391e+01
0.000000000000000000e+00 1.476548547187202942e+01
0.000000000000000000e+00 1.482831732494382493e+01
0.000000000000000000e+00 1.489114917801562044e+01
0.000000000000000000e+00 1.495398103108741594e+01
0.000000000000000000e+00 1.501681288415921323e+01
0.000000000000000000e+00 1.507964473723100873e+01
0.000000000000000000e+00 1.514247659030280424e+01
0.000000000000000000e+00 1.520530844337459975e+01
0.000000000000000000e+00 1.526814029644639525e+01
0.000000000000000000e+00 1.533097214951819254e+01
0.000000000000000000e+00 1.539380400258998804e+01
0.000000000000000000e+00 1.545663585566178355e+01
0.000000000000000000e+00 1.551946770873357906e+01
0.000000000000000000e+00 1.558229956180537457e+01
0.000000000000000000e+00 1.564513141487717185e+01
0.000000000000000000e+00 1.570796326794896736e+01
0.000000000000000000e+00 1.577079512102076286e+01
0.000000000000000000e+00 1.583362697409255837e+01
0.000000000000000000e+00 1.589645882716435388e+01
0.000000000000000000e+00 1.595929068023615116e+01
0.000000000000000000e+00 1.602212253330794667e+01
0.000000000000000000e+00 1.608495438637974217e+01
0.000000000000000000e+00 1.614778623945153768e+01
0.000000000000000000e+00 1.621061809252333319e+01
0.000000000000000000e+00 1.627344994559512870e+01
0.000000000000000000e+00 1.633628179866692420e+01
0.000000000000000000e+00 1.639911365173872326e+01
0.000000000000000000e+00 1.646194550481051877e+01
0.000000000000000000e+00 1.652477735788231428e+01
0.000000000000000000e+00 1.658760921095410978e+01
0.000000000000000000e+00 1.665044106402590529e+01
0.000000000000000000e+00 1.671327291709770080e+01
0.000000000000000000e+00 1.677610477016949631e+01
0.000000000000000000e+00 1.683893662324129181e+01
0.000000000000000000e+00 1.690176847631308732e+01
0.000000000000000000e+00 1.696460032938488283e+01
0.000000000000000000e+00 1.702743218245668189e+01
0.000000000000000000e+00 1.709026403552847739e+01
0.000000000000000000e+00 1.715309588860027290e+01
0.000000000000000000e+00 1.721592774167206841e+01
0.000000000000000000e+00 1.727875959474386391e+01
0.000000000000000000e+00 1.734159144781565942e+01
0.000000000000000000e+00 1.740442330088745493e+01
0.000000000000000000e+00 1.746725515395925044e+01
0.000000000000000000e+00 1.753008700703104594e+01
0.000000000000000000e+00 1.759291886010284145e+01
0.000000000000000000e+00 1.765575071317464051e+01
0.000000000000000000e+00 1.771858256624643602e+01
0.000000000000000000e+00 1.778141441931823152e+01
0.000000000000000000e+00 1.784424627239002703e+01
0.000000000000000000e+00 1.790707812546182254e+01
0.000000000000000000e+00 1.796990997853361804e+01
0.000000000000000000e+00 1.803274183160541355e+01
0.000000000000000000e+00 1.809557368467720906e+01
0.000000000000000000e+00 1.815840553774900457e+01
0.000000000000000000e+00 1.822123739082080007e+01
0.000000000000000000e+00 1.828406924389259913e+01
0.000000000000000000e+00 1.834690109696439464e+01
0.000000000000000000e+00 1.840973295003619015e+01
0.000000000000000000e+00 1.847256480310798565e+01
0.000000000000000000e+00 1.853539665617978116e+01
0.000000000000000000e+00 1.859822850925157667e+01
0.000000000000000000e+00 1.866106036232337217e+01
0.000000000000000000e+00 1.872389221539516768e+01
0.000000000000000000e+00 1.878672406846696319e+01
0.000000000000000000e+00 1.884955592153875870e+01
0.000000000000000000e+00 1.891238777461055776e+01
0.000000000000000000e+00 1.897521962768235326e+01
0.000000000000000000e+00 1.903805148075414877e+01
0.000000000000000000e+00 1.910088333382594428e+01
0.000000000000000000e+00 1.916371518689773978e+01
0.000000000000000000e+00 1.922654703996953529e+01
0.000000000000000000e+00 1.928937889304133080e+01
0.000000000000000000e+00 1.935221074611312631e+01
0.000000000000000000e+00 1.941504259918492181e+01
0.000000000000000000e+00 1.947787445225671732e+01
0.000000000000000000e+00 1.954070630532851638e+01
0.000000000000000000e+00 1.960353815840031189e+01
0.000000000000000000e+00 1.966637001147210739e+01
0.000000000000000000e+00 1.972920186454390290e+01
0.000000000000000000e+00 1.979203371761569841e+01
0.000000000000000000e+00 1.985486557068749391e+01
0.000000000000000000e+00 1.991769742375928942e+01
0.000000000000000000e+00 1.998052927683108493e+01
0.000000000000000000e+00 2.004336112990288044e+01
0.000000000000000000e+00 2.010619298297467594e+01
0.000000000000000000e+00 2.016902483604647500e+01
0.000000000000000000e+00 2.023185668911827051e+01
0.000000000000000000e+00 2.029468854219006602e+01
0.000000000000000000e+00 2.035752039526186152e+01
0.000000000000000000e+00 2.042035224833365703e+01
0.000000000000000000e+00 2.048318410140545254e+01
0.000000000000000000e+00 2.054601595447724804e+01
0.000000000000000000e+00 2.060884780754904355e+01
0.000000000000000000e+00 2.067167966062083906e+01
0.000000000000000000e+00 2.073451151369263812e+01
0.000000000000000000e+00 2.079734336676443363e+01
0.000000000000000000e+00 2.086017521983622913e+01
0.000000000000000000e+00 2.092300707290802464e+01
0.000000000000000000e+00 2.098583892597982015e+01
0.000000000000000000e+00 2.104867077905161565e+01
0.000000000000000000e+00 2.111150263212341116e+01
0.000000000000000000e+00 2.117433448519520667e+01
0.000000000000000000e+00 2.123716633826700217e+01
0.000000000000000000e+00 2.129999819133879768e+01
0.000000000000000000e+00 2.136283004441059674e+01
0.000000000000000000e+00 2.142566189748239225e+01
0.000000000000000000e+00 2.148849375055418776e+01
0.000000000000000000e+00 2.155132560362598326e+01
0.000000000000000000e+00 2.161415745669777877e+01
0.000000000000000000e+00 2.167698930976957428e+01
0.000000000000000000e+00 2.173982116284136978e+01
0.000000000000000000e+00 2.180265301591316529e+01
0.000000000000000000e+00 2.186548486898496080e+01
0.000000000000000000e+00 2.192831672205675630e+01
0.000000000000000000e+00 2.199114857512855536e+01
0.000000000000000000e+00 2.205398042820035087e+01
0.000000000000000000e+00 2.211681228127214638e+01
0.000000000000000000e+00 2.217964413434394189e+01
0.000000000000000000e+00 2.224247598741573739e+01
0.000000000000000000e+00 2.230530784048753290e+01
0.000000000000000000e+00 2.236813969355932841e+01
0.000000000000000000e+00 2.243097154663112391e+01
0.000000000000000000e+00 2.249380339970291942e+01
0.000000000000000000e+00 2.255663525277471493e+01
0.000000000000000000e+00 2.261946710584651399e+01
0.000000000000000000e+00 2.268229895891830949e+01
0.000000000000000000e+00 2.274513081199010500e+01
0.000000000000000000e+00 2.280796266506190051e+01
0.000000000000000000e+00 2.287079451813369602e+01
0.000000000000000000e+00 2.293362637120549152e+01
0.000000000000000000e+00 2.299645822427728703e+01
0.000000000000000000e+00 2.305929007734908254e+01
0.000000000000000000e+00 2.312212193042087804e+01
0.000000000000000000e+00 2.318495378349267355e+01
0.000000000000000000e+00 2.324778563656447261e+01
0.000000000000000000e+00 2.331061748963626812e+01
0.000000000000000000e+00 2.337344934270806363e+01
0.000000000000000000e+00 2.343628119577985913e+01
0.000000000000000000e+00 2.349911304885165464e+01
0.000000000000000000e+00 2.356194490192345015e+01
0.000000000000000000e+00 2.362477675499524565e+01
0.000000000000000000e+00 2.368760860806704116e+01
0.000000000000000000e+00 2.375044046113883667e+01
0.000000000000000000e+00 2.381327231421063217e+01
0.000000000000000000e+00 2.387610416728243123e+01
0.000000000000000000e+00 2.393893602035422674e+01
0.000000000000000000e+00 2.400176787342602225e+01
0.000000000000000000e+00 2.406459972649781776e+01
0.000000000000000000e+00 2.412743157956961326e+01
0.000000000000000000e+00 2.419026343264140877e+01
0.000000000000000000e+00 2.425309528571320428e+01
0.000000000000000000e+00 2.431592713878499978e+01
0.000000000000000000e+00 2.437875899185679529e+01
0.000000000000000000e+00 2.444159084492859435e+01
0.000000000000000000e+00 2.450442269800038986e+01
0.000000000000000000e+00 2.456725455107218536e+01
0.000000000000000000e+00 2.463008640414398087e+01
0.000000000000000000e+00 2.469291825721577638e+01
0.000000000000000000e+00 2.475575011028757189e+01
0.000000000000000000e+00 2.481858196335936739e+01
0.000000000000000000e+00 2.488141381643116290e+01
0.000000000000000000e+00 2.494424566950295841e+01
0.000000000000000000e+00 2.500707752257475391e+01
0.000000000000000000e+00 2.506990937564655297e+01
0.000000000000000000e+00 2.513274122871834848e+01
0.000000000000000000e+00 2.519557308179014399e+01
0.000000000000000000e+00 2.525840493486193949e+01
0.000000000000000000e+00 2.532123678793373500e+01
0.000000000000000000e+00 2.538406864100553051e+01
0.000000000000000000e+00 2.544690049407732602e+01
0.000000000000000000e+00 2.550973234714912152e+01
0.000000000000000000e+00 2.557256420022091703e+01
0.000000000000000000e+00 2.563539605329271254e+01
0.000000000000000000e+00 2.569822790636451160e+01
0.000000000000000000e+00 2.576105975943630710e+01
0.000000000000000000e+00 2.582389161250810261e+01
0.000000000000000000e+00 2.588672346557989812e+01
0.000000000000000000e+00 2.594955531865169363e+01
0.000000000000000000e+00 2.601238717172348913e+01
0.000000000000000000e+00 2.607521902479528464e+01
0.000000000000000000e+00 2.613805087786708015e+01
0.000000000000000000e+00 2.620088273093887565e+01
0.000000000000000000e+00 2.626371458401067116e+01
0.000000000000000000e+00 2.632654643708247022e+01
0.000000000000000000e+00 2.638937829015426573e+01
0.000000000000000000e+00 2.645221014322606123e+01
0.000000000000000000e+00 2.651504199629785674e+01
0.000000000000000000e+00 2.657787384936965225e+01
0.000000000000000000e+00 2.664070570244144776e+01
0.000000000000000000e+00 2.670353755551324326e+01
0.000000000000000000e+00 2.676636940858503877e+01
0.000000000000000000e+00 2.682920126165683428e+01
0.000000000000000000e+00 2.689203311472862978e+01
0.000000000000000000e+00 2.695486496780042884e+01
0.000000000000000000e+00 2.701769682087222435e+01
0.000000000000000000e+00 2.708052867394401986e+01
0.000000000000000000e+00 2.714336052701581536e+01
0.000000000000000000e+00 2.720619238008761087e+01
0.000000000000000000e+00 2.726902423315940638e+01
0.000000000000000000e+00 2.733185608623120189e+01
0.000000000000000000e+00 2.739468793930299739e+01
0.000000000000000000e+00 2.745751979237479290e+01
0.000000000000000000e+00 2.752035164544658841e+01
0.000000000000000000e+00 2.758318349851838747e+01
0.000000000000000000e+00 2.764601535159018297e+01
0.000000000000000000e+00 2.770884720466197848e+01
0.000000000000000000e+00 2.777167905773377399e+01
0.000000000000000000e+00 2.783451091080556949e+01
0.000000000000000000e+00 2.789734276387736500e+01
0.000000000000000000e+00 2.796017461694916051e+01
0.000000000000000000e+00 2.802300647002095602e+01
0.000000000000000000e+00 2.808583832309275152e+01
0.000000000000000000e+00 2.814867017616455058e+01
0.000000000000000000e+00 2.821150202923634609e+01
0.000000000000000000e+00 2.827433388230814160e+01
0.000000000000000000e+00 2.833716573537993710e+01
0.000000000000000000e+00 2.839999758845173261e+01
0.000000000000000000e+00 2.846282944152352812e+01
0.000000000000000000e+00 2.852566129459532362e+01
0.000000000000000000e+00 2.858849314766711913e+01
0.000000000000000000e+00 2.865132500073891464e+01
0.000000000000000000e+00 2.871415685381071015e+01
0.000000000000000000e+00 2.877698870688250921e+01
0.000000000000000000e+00 2.883982055995430471e+01
0.000000000000000000e+00 2.890265241302610022e+01
0.000000000000000000e+00 2.896548426609789573e+01
0.000000000000000000e+00 2.902831611916969123e+01
0.000000000000000000e+00 2.909114797224148674e+01
0.000000000000000000e+00 2.915397982531328225e+01
0.000000000000000000e+00 2.921681167838507776e+01
0.000000000000000000e+00 2.927964353145687326e+01
0.000000000000000000e+00 2.934247538452866877e+01
0.000000000000000000e+00 2.940530723760046783e+01
0.000000000000000000e+00 2.946813909067226334e+01
0.000000000000000000e+00 2.953097094374405884e+01
0.000000000000000000e+00 2.959380279681585435e+01
0.000000000000000000e+00 2.965663464988764986e+01
0.000000000000000000e+00 2.971946650295944536e+01
0.000000000000000000e+00 2.978229835603124087e+01
0.000000000000000000e+00 2.984513020910303638e+01
0.000000000000000000e+00 2.990796206217483189e+01
0.000000000000000000e+00 2.997079391524662739e+01
0.000000000000000000e+00 3.003362576831842645e+01
0.000000000000000000e+00 3.009645762139022196e+01
0.000000000000000000e+00 3.015928947446201747e+01
0.000000000000000000e+00 3.022212132753381297e+01
0.000000000000000000e+00 3.028495318060560848e+01
0.000000000000000000e+00 3.034778503367740399e+01
0.000000000000000000e+00 3.041061688674919949e+01
0.000000000000000000e+00 3.047344873982099500e+01
0.000000000000000000e+00 3.053628059289279051e+01
0.000000000000000000e+00 3.059911244596458602e+01
0.000000000000000000e+00 3.066194429903638508e+01
0.000000000000000000e+00 3.072477615210818058e+01
0.000000000000000000e+00 3.078760800517997609e+01
0.000000000000000000e+00 3.085043985825177160e+01
0.000000000000000000e+00 3.091327171132356710e+01
0.000000000000000000e+00 3.097610356439536261e+01
0.000000000000000000e+00 3.103893541746715812e+01
0.000000000000000000e+00 3.110176727053895362e+01
0.000000000000000000e+00 3.116459912361074913e+01
0.000000000000000000e+00 3.122743097668254464e+01
0.000000000000000000e+00 3.129026282975434370e+01
0.000000000000000000e+00 3.135309468282613921e+01
0.000000000000000000e+00 3.141592653589793471e+01
0.000000000000000000e+00 3.147875838896973022e+01
0.000000000000000000e+00 3.154159024204152573e+01
0.000000000000000000e+00 3.160442209511332123e+01
0.000000000000000000e+00 3.166725394818511674e+01
0.000000000000000000e+00 3.173008580125691225e+01
0.000000000000000000e+00 3.179291765432870775e+01
0.000000000000000000e+00 3.185574950740050326e+01
0.000000000000000000e+00 3.191858136047230232e+01
0.000000000000000000e+00 3.198141321354409783e+01
0.000000000000000000e+00 3.204424506661589334e+01
0.000000000000000000e+00 3.210707691968768529e+01
0.000000000000000000e+00 3.216990877275948435e+01
