npts 513 dfreq 1.000000000000000021e-02
0.000000000000000000e+00 0.000000000000000000e+00
-1.791821085792986157e-01 2.293677785193262448e-03
-7.165137328338170297e-01 1.834744850736362912e-02
-1.611350735299320602e+00 6.191152927635704128e-02
-2.862619445031394427e+00 1.467163531312139779e-01
-4.468816500245539558e+00 2.864625961695859147e-01
-6.428008638789982854e+00 4.948111082524840332e-01
-8.737832447191292928e+00 7.853727161060488626e-01
-1.139549408202876535e+01 1.171697868468994264e+00
-1.439776898036893016e+01 1.667266093969641094e+00
-1.774100157891648877e+01 2.285475243660740396e+00
-2.142110506440220163e+01 3.039630491594741191e+00
-2.543356118052006920e+01 3.942933068487058712e+00
-2.977342011943467526e+01 5.008468705391442732e+00
-3.443530052849065726e+01 6.249195766399242125e+00
-3.941338966525838572e+01 7.677933051673713649e+00
-4.470144373642728652e+01 9.307347254640339074e+00
-5.029278845829637135e+01 1.114994005987269965e+01
-5.618031987869416355e+01 1.321803487113907671e+01
-6.235650550207200382e+01 1.552376316220347086e+01
-6.881338576123445705e+01 1.807905044630134483e+01
-7.554257588068578855e+01 2.089560186373027051e+01
-8.253526817785656533e+01 2.398488739069869169e+01
-8.978223484951668354e+01 2.735812667645579666e+01
-9.727383129145555074e+01 3.102627351976788006e+01
-1.050000000000000284e+02 3.500000000000001421e+01
-1.129502751041254243e+02 3.928968028239028598e+01
-1.211137875767749108e+02 4.390537412154837682e+01
-1.294792711735182991e+02 4.885681009175276301e+01
-1.380350691458357062e+02 5.415336857723535502e+01
-1.467691417750871210e+02 5.980406456030716811e+01
-1.556690747716079670e+02 6.581753024986151956e+01
-1.647220885813448206e+02 7.220199759746641632e+01
-1.739150486399937847e+02 7.896528075288655657e+01
-1.832344766117273025e+02 8.611475851542927273e+01
-1.926665626462786918e+02 9.365735684194103783e+01
-2.021971786843985512e+02 1.015995314765629161e+02
-2.118118928375012047e+02 1.099472507714302196e+02
-2.214959848626884877e+02 1.187059787713442631e+02
-2.312344627492797429e+02 1.278806586389948023e+02
-2.410120804275018713e+02 1.374756965005358609e+02
-2.508133566041215374e+02 1.474949457941621631e+02
-2.606225947235573699e+02 1.579416922067586597e+02
-2.704239040464131563e+02 1.688186392856528357e+02
-2.802012218304676026e+02 1.801278948139465967e+02
-2.899383365919687776e+02 1.918709580388029678e+02
-2.996189124176650012e+02 2.040487078423657579e+02
-3.092265142904024628e+02 2.166613919446767795e+02
-3.187446343833848346e+02 2.297086172269720521e+02
-3.281567192703862474e+02 2.431893412620830759e+02
-3.374461979913917276e+02 2.571018651362985565e+02
-3.465965109053793185e+02 2.714438276439549895e+02
-3.555911392543235365e+02 2.862122009322006875e+02
-3.644136353550612739e+02 3.014032876688241913e+02
-3.730476533284970628e+02 3.170127198007530183e+02
-3.814769802688019240e+02 3.330354589648272281e+02
-3.896855677488630931e+02 3.494657986057545145e+02
-3.976575635523395249e+02 3.662973678487937832e+02
-4.053773435173379767e+02 3.835231371667173335e+02
-4.128295433720339815e+02 4.011354258720356825e+02
-4.199990904385602448e+02 4.191259114563597450e+02
-4.268712350782606109e+02 4.374856407892121410e+02
-4.334315817489940059e+02 4.562050431786373679e+02
-4.396661195436317371e+02 4.752739452856692424e+02
-4.455612520782559614e+02 4.946815878742023074e+02
-4.511038265988760259e+02 5.144166443671394973e+02
-4.562811621767435213e+02 5.344672411689606406e+02
-4.610810768645974917e+02 5.548209797041673710e+02
-4.654919136893938685e+02 5.754649601105135162e+02
-4.695025653612638621e+02 5.963858065155966415e+02
-4.731024975835995292e+02 6.175696938154212603e+02
-4.762817708552253748e+02 6.390023758639647440e+02
-4.790310606625697005e+02 6.606692149737576756e+02
-4.813416759675266121e+02 6.825552126190650597e+02
-4.832055759052522035e+02 7.046450412255134097e+02
-4.846153846153845279e+02 7.269230769230770193e+02
-4.855644041400558990e+02 7.493734331331966132e+02
-4.860466253324672721e+02 7.719799948556103573e+02
-4.860567367306506981e+02 7.947264535162095171e+02
-4.855901313622488829e+02 8.175963422339658564e+02
-4.846429114575794301e+02 8.405730713627394834e+02
-4.832118910598452430e+02 8.636399641625658887e+02
-4.812945965329783462e+02 8.867802924548756209e+02
-4.788892649791589520e+02 9.099773121169922661e+02
-4.759948405894452890e+02 9.332142982731572829e+02
-4.726109689620646463e+02 9.564745800422742832e+02
-4.687379894336681332e+02 9.797415747064158040e+02
-4.643769254791480421e+02 1.002998821168964582e+03
-4.595294732453673419e+02 1.026230012576889976e+03
-4.541979882932849932e+02 1.049419027988119979e+03
-4.483854706314109535e+02 1.072549962972146659e+03
-4.420955481312232109e+02 1.095607159039796898e+03
-4.353324584220812881e+02 1.118575231806493321e+03
-4.281010293692401660e+02 1.141439097802160404e+03
-4.204066582437638999e+02 1.164183999850164355e+03
-4.122552896974489158e+02 1.186795530947202451e+03
-4.036533926592792341e+02 1.209259656585764787e+03
-3.946079362724489101e+02 1.231562735470642110e+03
-3.851263649926095809e+02 1.253691538590790969e+03
-3.752165729687546332e+02 1.275633266617675872e+03
-3.648868778280540255e+02 1.297375565610860122e+03
-3.541459939850558953e+02 1.318906541021042585e+03
-3.430030055939819249e+02 1.340214769989893512e+03
-3.314673392604578339e+02 1.361289311954832328e+03
-3.195487366259386590e+02 1.382119717575281584e+03
-3.072572269343947937e+02 1.402696036004847201e+03
-2.946030996865923726e+02 1.423008820541299883e+03
-2.815968774825462901e+02 1.443049132693126012e+03
-2.682492891475570218e+02 1.462808544707709871e+03
-2.545712432317034484e+02 1.482279140611949515e+03
-2.405738019668098389e+02 1.501453515821227256e+03
-2.262681557588337853e+02 1.520324775377154083e+03
-2.116655982873400035e+02 1.538886530878424765e+03
-1.967775022773592184e+02 1.557132896172383653e+03
-1.816152960024663514e+02 1.575058481877610802e+03
-1.661904405714709867e+02 1.592658388809933740e+03
-1.505144080446914643e+02 1.609928200385822038e+03
-1.345986604194541485e+02 1.626863974078117280e+03
-1.184546295182725402e+02 1.643462231999551932e+03
-1.020936978071193977e+02 1.659719950689511961e+03
-8.552718016538911172e+01 1.675634550179058579e+03
-6.876630662354651236e+01 1.691203882408365189e+03
-5.182220607911776256e+01 1.706426219069482613e+03
-3.470589099662949906e+01 1.721300238945759247e+03
-1.742824309231890112e+01 1.735825014817339024e+03
3.779634128323106608e-13 1.750000000000000455e+03
1.756825708968769462e+01 1.763825014582162339e+03
3.526611482822257670e+01 1.777300231422306524e+03
5.308333816142097561e+01 1.790426161966229529e+03
7.100987985316754703e+01 1.803203641940665648e+03
8.903588910174410387e+01 1.815633816976741855e+03
1.071517192723733416e+02 1.827718128213650516e+03
1.253479347718045602e+02 1.839458297929754735e+03
1.436153170927057658e+02 1.850856315245137694e+03
1.619448700572331177e+02 1.861914421936439794e+03
1.803278242905296622e+02 1.872635098401652613e+03
1.987556409559842052e+02 1.883021049809388842e+03
2.172200147849315499e+02 1.893075192464094243e+03
2.357128764340979501e+02 1.902800640415646058e+03
2.542263942044758096e+02 1.912200692338858289e+03
2.727529751555271105e+02 1.921278818705599406e+03
2.912852656486152227e+02 1.930038649269486086e+03
3.098161513534054734e+02 1.938483960880524364e+03
3.283387567506790106e+02 1.946618665644570683e+03
3.468464441645276111e+02 1.954446799440107043e+03
3.653328123563483700e+02 1.961972510802610486e+03
3.837916947123593445e+02 1.969200050184656902e+03
4.022171570555809126e+02 1.976133759597939161e+03
4.206034951123718315e+02 1.982778062641534689e+03
4.389452316626639572e+02 1.989137454919004767e+03
4.572371134020621639e+02 1.995216494845361240e+03
4.754741075429320745e+02 2.001019794843441332e+03
4.936513981805169919e+02 2.006552012927892065e+03
5.117643824490349971e+02 2.011817844673748596e+03
5.298086664915679194e+02 2.016822015565478068e+03
5.477800612664316304e+02 2.021569273721353966e+03
5.656745782115723387e+02 2.026064382987147610e+03
5.834884247873956156e+02 2.030312116392310600e+03
6.012179999173147280e+02 2.034317249961145535e+03
6.188598893441765085e+02 2.038084556870837332e+03
6.364108609196368889e+02 2.041618801947706743e+03
6.538678598424800157e+02 2.044924736492603188e+03
6.712280038608197401e+02 2.048007093425986113e+03
6.884885784521114829e+02 2.050870582742948045e+03
7.056470319938972580e+02 2.053519887268194907e+03
7.227009709372656516e+02 2.055959658700840464e+03
7.396481549940660898e+02 2.058194513938728960e+03
7.564864923480521384e+02 2.060229031671960911e+03
7.732140348992527379e+02 2.062067749235247447e+03
7.898289735500761708e+02 2.063715159708763622e+03
8.063296335408656432e+02 2.065175709257206108e+03
8.227144698418879898e+02 2.066453794696867590e+03
8.389820626080409056e+02 2.067553761280650178e+03
8.551311127018938123e+02 2.068479900691101193e+03
8.711604372900509361e+02 2.069236449231708775e+03
8.870689655172419634e+02 2.069827586206896740e+03
9.028557342619775454e+02 2.070257432481374963e+03
9.185198839770981749e+02 2.070530049209708523e+03
9.340606546180435998e+02 2.070649436727214834e+03
9.494773816612246264e+02 2.070619533593556753e+03
9.647694922144467000e+02 2.070444215780629293e+03
9.799365012209452743e+02 2.070127295996626799e+03
9.949780077582249760e+02 2.069672523138429369e+03
1.009893691432552714e+03 2.069083581864723328e+03
1.024683308869646680e+03 2.068364092282540241e+03
1.039346690301815443e+03 2.067517609740169064e+03
1.053883736251534629e+03 2.066547624719681153e+03
1.068294414311219953e+03 2.065457562822560703e+03
1.082578756018710692e+03 2.064250784842208759e+03
1.096736853827812865e+03 2.062930586917362234e+03
1.110768858173041053e+03 2.061500200760709959e+03
1.124674974627559777e+03 2.059962793957267422e+03
1.138455461153160741e+03 2.058321470327291991e+03
1.152110625440998774e+03 2.056579270348803675e+03
1.165640822341687908e+03 2.054739171634976628e+03
1.179046451383258727e+03 2.052804089461923013e+03
1.192327954375394938e+03 2.050776877342611442e+03
1.205485813098285917e+03 2.048660327642876382e+03
1.218520547074376736e+03 2.046457172235689086e+03
1.231432711421231033e+03 2.044170083190064588e+03
1.244222894783692709e+03 2.041801673491186875e+03
1.256891717343482696e+03 2.039354497788504204e+03
1.269439828904352225e+03 2.036831053168744575e+03
1.281867907050887652e+03 2.034233779950986673e+03
1.294176655379045087e+03 2.031565062501059856e+03
1.306366801796498066e+03 2.028827230062742956e+03
1.318439096890872406e+03 2.026022557603369251e+03
1.330394312363947392e+03 2.023153266671591382e+03
1.342233239529908815e+03 2.020221526265212560e+03
1.353956687875763691e+03 2.017229453707118864e+03
1.365565483682026297e+03 2.014179115527483646e+03
1.377060468701820582e+03 2.011072528350526682e+03
1.388442498896559982e+03 2.007911659784240101e+03
1.399712443226391542e+03 2.004698429311601785e+03
1.410871182493619017e+03 2.001434709181893140e+03
1.421919608237355533e+03 1.998122325300858392e+03
1.432858621677678684e+03 1.994763058118516710e+03
1.443689132707607769e+03 1.991358643513544166e+03
1.454412058931239699e+03 1.987910773673219410e+03
1.465028324746435601e+03 1.984421097968019012e+03
1.475538860470471491e+03 1.980891223820006644e+03
1.485944601507108246e+03 1.977322717564251434e+03
1.496246487553583165e+03 1.973717105302566097e+03
1.506445461846045873e+03 1.970075873748934100e+03
1.516542470442015201e+03 1.966400471066025148e+03
1.526538461538461888e+03 1.962692307692307622e+03
1.536434384824174231e+03 1.958952757159252315e+03
1.546231190865078133e+03 1.955183156898243396e+03
1.555929830521248505e+03 1.951384809036796923e+03
1.565531254394365988e+03 1.947558981183776950e+03
1.575036412304426221e+03 1.943706907203315950e+03
1.584446252794523843e+03 1.939829787977183059e+03
1.593761722662601642e+03 1.935928792155415294e+03
1.602983766519061646e+03 1.932005056894999370e+03
1.612113326369182687e+03 1.928059688586484299e+03
1.621151341219328970e+03 1.924093763568394934e+03
1.630098746705956728e+03 1.920108328829355969e+03
1.638956474746468302e+03 1.916104402697873184e+03
1.647725453210990509e+03 1.912082975519714182e+03
1.656406605614188720e+03 1.908045010322878852e+03
1.665000850826254919e+03 1.903991443470165905e+03
1.673509102802248890e+03 1.899923185299330271e+03
1.681932270328987215e+03 1.895841120750901609e+03
1.690271256788712435e+03 1.891746109983681890e+03
1.698526959938804112e+03 1.887638988978015277e+03
1.706700271706812828e+03 1.883520570126887606e+03
1.714792078000131141e+03 1.879391642814961870e+03
1.722803258529642790e+03 1.875252973985641347e+03
1.730734686646708724e+03 1.871105308696282918e+03
1.738587229192881068e+03 1.866949370661666080e+03
1.746361746361746555e+03 1.862785862785862719e+03
1.754059091572356692e+03 1.858615467682630651e+03
1.761680111353666007e+03 1.854438848184481003e+03
1.769225645239486312e+03 1.850256647840567439e+03
1.776696525673437236e+03 1.846069491403542770e+03
1.784093577923417797e+03 1.841877985305552329e+03
1.791417620005130857e+03 1.837682718123513496e+03
1.798669462614226177e+03 1.833484261033857138e+03
1.805849909066620285e+03 1.829283168256887393e+03
1.812959755246602072e+03 1.825079977490942838e+03
1.819999789562313708e+03 1.820875210336514101e+03
1.826970792908252179e+03 1.816669372710505968e+03
1.833873538634404440e+03 1.812462955250811092e+03
1.840708792521702435e+03 1.808256433711368345e+03
1.847477312763435975e+03 1.804050269347883159e+03
1.854179849952332916e+03 1.799844909294388572e+03
1.860817147072983971e+03 1.795640786930814329e+03
1.867389939499333650e+03 1.791438322241743663e+03
1.873898954996956718e+03 1.787237922166530780e+03
1.880344913729849395e+03 1.783039980940953001e+03
1.886728528271490404e+03 1.778844880430562625e+03
1.893050503619916981e+03 1.774652990455919735e+03
1.899311537216594616e+03 1.770464669109866691e+03
1.905512318968850877e+03 1.766280263067011219e+03
1.911653531275663909e+03 1.762100107885592479e+03
1.917735849056603911e+03 1.757924528301886539e+03
1.923759939783726850e+03 1.753753838517311351e+03
1.929726463516246667e+03 1.749588342478398090e+03
1.935636072937800918e+03 1.745428334149786906e+03
1.941489413396141117e+03 1.741274097780388729e+03
1.947287122945094097e+03 1.737125908162887754e+03
1.953029832388633167e+03 1.732984030886717846e+03
1.958718165326914686e+03 1.728848722584672259e+03
1.964352738204145908e+03 1.724720231173284901e+03
1.969934160358145846e+03 1.720598796087137998e+03
1.975463034071468655e+03 1.716484648507221209e+03
1.980939954623984249e+03 1.712378011583502030e+03
1.986365510346779956e+03 1.708279100651821409e+03
1.991740282677290907e+03 1.704188123445267593e+03
1.997064846215554326e+03 1.700105280300150753e+03
2.002339768781469957e+03 1.696030764356703685e+03
2.007565611473002946e+03 1.691964761754644769e+03
2.012742928725207094e+03 1.687907451823720976e+03
2.017872268370016172e+03 1.683859007269351196e+03
2.022954171696691219e+03 1.679819594353496541e+03
2.027989173512873322e+03 1.675789373070861529e+03
2.032977802206152091e+03 1.671768497320556662e+03
2.037920579806087517e+03 1.667757115073316072e+03
2.042818022046623582e+03 1.663755368534398940e+03
2.047670638428822485e+03 1.659763394302260394e+03
2.052478932283869199e+03 1.655781323523121273e+03
2.057243400836283399e+03 1.651809282041509505e+03
2.061964535267295105e+03 1.647847390546905672e+03
2.066642820778328769e+03 1.643895764716564145e+03
2.071278736654546719e+03 1.639954515354617115e+03
2.075872756328410105e+03 1.636023748527557927e+03
2.080425347443223927e+03 1.632103565696187388e+03
2.084936971916607035e+03 1.628194063844114908e+03
2.089408086003874359e+03 1.624295335602905652e+03
2.093839140361269983e+03 1.620407469373954200e+03
2.098230580109046514e+03 1.616530549447168141e+03
2.102582844894332538e+03 1.612664656116546666e+03
2.106896368953779074e+03 1.608809865792726214e+03
2.111171581175949541e+03 1.604966251112581404e+03
2.115408905163426425e+03 1.601133881045945373e+03
2.119608759294613719e+03 1.597312820999529094e+03
2.123771556785213306e+03 1.593503132918111760e+03
2.127897705749353918e+03 1.589704875383072022e+03
2.131987609260347654e+03 1.585918103708325361e+03
2.136041665411065424e+03 1.582142870033737154e+03
2.140060267373909483e+03 1.578379223416078503e+03
2.144043803460363961e+03 1.574627209917581922e+03
2.147992657180121114e+03 1.570886872692170073e+03
2.151907207299749189e+03 1.567158252069396667e+03
2.155787827900916454e+03 1.563441385636191853e+03
2.159634888438133657e+03 1.559736308316429813e+03
2.163448753796026267e+03 1.556043052448411117e+03
2.167229784346110137e+03 1.552361647860286439e+03
2.170978336003075583e+03 1.548692121943494158e+03
2.174694760280561695e+03 1.545034499724248008e+03
2.178379404346422234e+03 1.541388803933142299e+03
2.182032611077472666e+03 1.537755055072907908e+03
2.185654719113707415e+03 1.534133271484372699e+03
2.189246062911998706e+03 1.530523469410680946e+03
2.192806972799251980e+03 1.526925663059803810e+03
2.196337775025035171e+03 1.523339864665397045e+03
2.199838791813656826e+03 1.519766084546038883e+03
2.203310341415712628e+03 1.516204331162899507e+03
2.206752738159082583e+03 1.512654611175878927e+03
2.210166292499382507e+03 1.509116929498249419e+03
2.213551311069870280e+03 1.505591289349848694e+03
2.216908096730802754e+03 1.502077692308860833e+03
2.220236948618248789e+03 1.498576138362211850e+03
2.223538162192350683e+03 1.495086625954630335e+03
2.226812029285039898e+03 1.491609152036400019e+03
2.230058838147206643e+03 1.488143712109838134e+03
2.233278873495327389e+03 1.484690300274535275e+03
2.236472416557541692e+03 1.481248909271390630e+03
2.239639745119193776e+03 1.477819530525468281e+03
2.242781133567828874e+03 1.474402154187711176e+03
2.245896852937657513e+03 1.470996769175541203e+03
2.248987170953479108e+03 1.467603363212372642e+03
2.252052352074076225e+03 1.464221922866067416e+03
2.255092657535075887e+03 1.460852433586364441e+03
2.258108345391288822e+03 1.457494879741302611e+03
2.261099670558518483e+03 1.454149244652670404e+03
2.264066884854858017e+03 1.450815510630503695e+03
2.267010237041463824e+03 1.447493659006657481e+03
2.269929972862817067e+03 1.444183670167477203e+03
2.272826335086482686e+03 1.440885523585588771e+03
2.275699563542352280e+03 1.437599197850838664e+03
2.278549895161394943e+03 1.434324670700396609e+03
2.281377564013907886e+03 1.431061919048049958e+03
2.284182801347270924e+03 1.427810919012707245e+03
2.286965835623221665e+03 1.424571645946133231e+03
2.289726892554632741e+03 1.421344074459933609e+03
2.292466195141824755e+03 1.418128178451813710e+03
2.295183963708389456e+03 1.414923931131120980e+03
2.297880415936556346e+03 1.411731305043702605e+03
2.300555766902079085e+03 1.408550272096082836e+03
2.303210229108676685e+03 1.405380803578990253e+03
2.305844012521999048e+03 1.402222870190239746e+03
2.308457324603160032e+03 1.399076442056998530e+03
2.311050370341810321e+03 1.395941488757441221e+03
2.313623352288771002e+03 1.392817979341816681e+03
2.316176470588235588e+03 1.389705882352941217e+03
2.318709923009528211e+03 1.386605165846128557e+03
2.321223904978445262e+03 1.383515797408578237e+03
2.323718609608167753e+03 1.380437744178230560e+03
2.326194227729755767e+03 1.377370972862106555e+03
2.328650947922230444e+03 1.374315449754140900e+03
2.331088956542252618e+03 1.371271140752528936e+03
2.333508437753384896e+03 1.368238011376592112e+03
2.335909573554969029e+03 1.365216026783179132e+03
2.338292543810599000e+03 1.362205151782615303e+03
2.340657526276212593e+03 1.359205350854210337e+03
2.343004696627790054e+03 1.356216588161334585e+03
2.345334228488680765e+03 1.353238827566077134e+03
2.347646293456551120e+03 1.350272032643499642e+03
2.349941061129960417e+03 1.347316166695487482e+03
2.352218699134573853e+03 1.344371192764218677e+03
2.354479373149014918e+03 1.341437073645253577e+03
2.356723246930357163e+03 1.338513771900260053e+03
2.358950482339270820e+03 1.335601249869378762e+03
2.361161239364810626e+03 1.332699469683241659e+03
2.363355676148877592e+03 1.329808393274653099e+03
2.365533949010326069e+03 1.326927982389938506e+03
2.367696212468744761e+03 1.324058198599971320e+03
2.369842619267911232e+03 1.321199003310891158e+03
2.371973320398910801e+03 1.318350357774510030e+03
2.374088465122948037e+03 1.315512223098429558e+03
2.376188200993827650e+03 1.312684560255861243e+03
2.378272673880135244e+03 1.309867330095170246e+03
2.380342027987104302e+03 1.307060493349142462e+03
2.382396405878175756e+03 1.304264010643986239e+03
2.384435948496268338e+03 1.301477842508070580e+03
2.386460795184741073e+03 1.298701949380413680e+03
2.388471083708072001e+03 1.295936291618921132e+03
2.390466950272248596e+03 1.293180829508386068e+03
2.392448529544870325e+03 1.290435523268254201e+03
2.394415954674975183e+03 1.287700333060160574e+03
2.396369357312591092e+03 1.284975218995244404e+03
2.398308867628009466e+03 1.282260141141248141e+03
2.400234614330798649e+03 1.279555059529404161e+03
2.402146724688545419e+03 1.276859934161118190e+03
2.404045324545340918e+03 1.274174725014452861e+03
2.405930538340006933e+03 1.271499392050413007e+03
2.407802489124067961e+03 1.268833895219047236e+03
2.409661298579475897e+03 1.266178194465359411e+03
2.411507087036085068e+03 1.263532249735043024e+03
2.413339973488889882e+03 1.260896020980045023e+03
2.415160075615012374e+03 1.258269468163944111e+03
2.416967509790468739e+03 1.255652551267184435e+03
2.418762391106684845e+03 1.253045230292126689e+03
2.420544833386803020e+03 1.250447465267959615e+03
2.422314949201741456e+03 1.247859216255442334e+03
2.424072849886050335e+03 1.245280443351510939e+03
2.425818645553528768e+03 1.242711106693728652e+03
2.427552445112646637e+03 1.240151166464603648e+03
2.429274356281729524e+03 1.237600582895760226e+03
2.430984485603953999e+03 1.235059316271983334e+03
2.432682938462124184e+03 1.232527326935128713e+03
2.434369819093241404e+03 1.230004575287902526e+03
2.436045230602885567e+03 1.227491021797525491e+03
2.437709274979381917e+03 1.224986626999266491e+03
2.439362053107784504e+03 1.222491351499868870e+03
2.441003664783658678e+03 1.220005155980850759e+03
2.442634208726679390e+03 1.217528001201705138e+03
2.444253782594037148e+03 1.215059848002982790e+03
2.445862482993662070e+03 1.212600657309275903e+03
2.447460405497265583e+03 1.210150390132093435e+03
2.449047644653201587e+03 1.207709007572641440e+03
2.450624293999154361e+03 1.205276470824502212e+03
2.452190446074646388e+03 1.202852741176220661e+03
2.453746192433378383e+03 1.200437780013795191e+03
2.455291623655401963e+03 1.198031548823085359e+03
2.456826829359120438e+03 1.195634009192123585e+03
2.458351898213127697e+03 1.193245122813347507e+03
2.459866917947887032e+03 1.190864851485747522e+03
2.461371975367248069e+03 1.188493157116933389e+03
2.462867156359806813e+03 1.186130001725123975e+03
2.464352545910109257e+03 1.183775347441056510e+03
2.465828228109708562e+03 1.181429156509826726e+03
2.467294286168060808e+03 1.179091391292652816e+03
2.468750802423284767e+03 1.176762014268570283e+03
2.470197858352762978e+03 1.174440988036057433e+03
2.471635534583611388e+03 1.172128275314596294e+03
2.473063910902996213e+03 1.169823838946165324e+03
2.474483066268317089e+03 1.167527641896670957e+03
2.475893078817252899e+03 1.165239647257319803e+03
2.477294025877662534e+03 1.162959818245923998e+03
2.478685983977368323e+03 1.160688118208157448e+03
2.480069028853788495e+03 1.158424510618747718e+03
2.481443235463457313e+03 1.156168959082619722e+03
2.482808677991401510e+03 1.153921427335978024e+03
2.484165429860403037e+03 1.151681879247345250e+03
2.485513563740127665e+03 1.149450278818543438e+03
2.486853151556139437e+03 1.147226590185630130e+03
2.488184264498784160e+03 1.145010777619782630e+03
2.489506973031967846e+03 1.142802805528142699e+03
2.490821346901800553e+03 1.140602638454606222e+03
2.492127455145138356e+03 1.138410241080575361e+03
2.493425366098004815e+03 1.136225578225670461e+03
2.494715147403905121e+03 1.134048614848390116e+03
2.495996866022018821e+03 1.131879316046741451e+03
2.497270588235293872e+03 1.129717647058823331e+03
2.498536379658434271e+03 1.127563573263378657e+03
2.499794305245768555e+03 1.125417060180300041e+03
2.501044429299028252e+03 1.123278073471110247e+03
2.502286815475014919e+03 1.121146578939398069e+03
2.503521526793166231e+03 1.119022542531225326e+03
2.504748625643031119e+03 1.116905930335500670e+03
2.505968173791627123e+03 1.114796708584316548e+03
2.507180232390724996e+03 1.112694843653263888e+03
2.508384861984014151e+03 1.110600302061704497e+03
2.509582122514191724e+03 1.108513050473026397e+03
2.510772073329946579e+03 1.106433055694859149e+03
2.511954773192860102e+03 1.104360284679271672e+03
2.513130280284207856e+03 1.102294704522933444e+03
2.514298652211681656e+03 1.100236282467258661e+03
2.515459946016016147e+03 1.098184985898516970e+03
2.516614218177532621e+03 1.096140782347924642e+03
2.517761524622595061e+03 1.094103639491710055e+03
2.518901920729984340e+03 1.092073525151155764e+03
2.520035461337191919e+03 1.090050407292619639e+03
2.521162200746619419e+03 1.088034254027529414e+03
2.522282192731718624e+03 1.086025033612365405e+03
2.523395490543028700e+03 1.084022714448609122e+03
2.524502146914154764e+03 1.082027265082686881e+03
2.525602214067654131e+03 1.080038654205881585e+03
2.526695743720860719e+03 1.078056850654233585e+03
2.527782787091617138e+03 1.076081823408418586e+03
2.528863394903951303e+03 1.074113541593613036e+03
2.529937617393668461e+03 1.072151974479337241e+03
2.531005504313870915e+03 1.070197091479284609e+03
2.532067104940414993e+03 1.068248862151135654e+03
2.533122468077288431e+03 1.066307256196353592e+03
2.534171642061929106e+03 1.064372243459969241e+03
2.535214674770465535e+03 1.062443793930346374e+03
2.536251613622896457e+03 1.060521877738937746e+03
2.537282505588209006e+03 1.058606465160025891e+03
2.538307397189414132e+03 1.056697526610446175e+03
2.539326334508540185e+03 1.054795032649307132e+03
