npts 513 dfreq 1.000000000000000021e-02
0.000000000000000000e+00 -0.000000000000000000e+00
-1.329528663174171191e-04 1.701905748300200605e-06
-5.316521571306002773e-04 1.361378145243980412e-05
-1.195619923525070415e-03 4.593826923691813295e-05
-2.124059503464010255e-03 1.088633315104030227e-04
-3.315855405023168147e-03 2.125548511279184408e-04
-4.769573150916027113e-03 3.671491600056973220e-04
-6.483459092278387632e-03 5.827454730543168201e-04
-8.455440201919309229e-03 8.693982049093332753e-04
-1.068312385945307738e-02 1.237109147706807848e-03
-1.316379764289720387e-02 1.695819489074365961e-03
-1.589442914344667973e-02 2.255401650587632572e-03
-1.887166582220631966e-02 2.925650928177256100e-03
-2.209183492967261436e-02 3.716276917364116656e-03
-2.555094351069412545e-02 4.636894707749389388e-03
-2.924467851949595631e-02 5.697015832892238403e-03
-3.316840707111768510e-02 6.906038963570222504e-03
-3.731717685727515416e-02 8.273240334434670343e-03
-4.168571675620157124e-02 9.807763896244076074e-03
-4.626843766744200004e-02 1.151861118818002516e-02
-5.105943360385136603e-02 1.341463092721827122e-02
-5.605248307417060039e-02 1.550450831413968493e-02
-6.124105079050869843e-02 1.779675405851313674e-02
-6.661828973583219793e-02 2.029969312786127425e-02
-7.217704362713810162e-02 2.302145322921980014e-02
-7.790984981034951296e-02 2.596995303441197375e-02
-8.380894262311081033e-02 2.915289016357221555e-02
-8.986625726155507421e-02 3.257772894475027131e-02
-9.607343418675647062e-02 3.625168797079789812e-02
-1.024218241059545037e-01 4.018172747816432105e-02
-1.089024935627269375e-01 4.437453657568760090e-02
-1.155062311690860100e-01 4.883652035494415178e-02
-1.222235545109698895e-01 5.357378691718703290e-02
-1.290447177567811687e-01 5.859213435533939390e-02
-1.359597199964907299e-01 6.389703773288672728e-02
-1.429583143363634123e-01 6.949363610480197018e-02
-1.500300177715765126e-01 7.538671962881358934e-02
-1.571641218558882391e-01 8.158071681835236955e-02
-1.643497041840774886e-01 8.807968199136347043e-02
-1.715756406991222061e-01 9.488728297180515359e-02
-1.788306188320220591e-01 1.020067891030479873e-01
-1.861031514778139495e-01 1.094410596344989051e-01
-1.933815918066953687e-01 1.171925325445738464e-01
-2.006541489042759085e-01 1.252632138645951299e-01
-2.079089042298537249e-01 1.336546675692640851e-01
-2.151338288762801032e-01 1.423680061000242025e-01
-2.223168016094729804e-01 1.514038815878580579e-01
-2.294456276599989575e-01 1.607624778418249301e-01
-2.365080582334052606e-01 1.704435031689193192e-01
-2.434918107001911858e-01 1.804461840896012526e-01
-2.503845894205097844e-01 1.907692600115903636e-01
-2.571741071529308198e-01 2.014109789222240932e-01
-2.638481069909323073e-01 2.123690941568463497e-01
-2.703943847652690025e-01 2.236408622973088678e-01
-2.768008118450482891e-01 2.352230422507525509e-01
-2.830553582652850508e-01 2.471118955543766815e-01
-2.891461161039557970e-01 2.593031879469386292e-01
-2.950613230271953991e-01 2.717921922422628089e-01
-3.007893859173217388e-01 2.845736925341082468e-01
-3.063189044948815831e-01 2.976419897553800320e-01
-3.116386948429540338e-01 3.109909086079212237e-01
-3.167378127395492626e-01 3.246138058720173247e-01
-3.216055767021481770e-01 3.385035800973577036e-01
-3.262315906472891269e-01 3.526526826695621231e-01
-3.306057660676338661e-01 3.670531302385795502e-01
-3.347183436291733538e-01 3.816965184873469252e-01
-3.385599140921743411e-01 3.965740372111338230e-01
-3.421214384611362402e-01 4.116764866700718950e-01
-3.453942672714183093e-01 4.269942951695362421e-01
-3.483701589233078044e-01 4.425175378153846095e-01
-3.510412969781244175e-01 4.582359563836611582e-01
-3.534003063354506091e-01 4.741389802372680262e-01
-3.554402682157397630e-01 4.902157482154105295e-01
-3.571547338783260250e-01 5.064551314153752370e-01
-3.585377370112021733e-01 5.228457567804530859e-01
-3.595838047357970413e-01 5.393760314026757596e-01
-3.602879671773090431e-01 5.560341674444813087e-01
-3.606457655588745093e-01 5.728082075795649653e-01
-3.606532587859049288e-01 5.896860508500164633e-01
-3.603070284952318847e-01 6.066554788344029614e-01
-3.596041825522003910e-01 6.237041820198173658e-01
-3.585423569874399141e-01 6.408197862700009129e-01
-3.571197163736760660e-01 6.579898792815414010e-01
-3.553349526515195977e-01 6.752020369208162620e-01
-3.531872824216206186e-01 6.924438493357595314e-01
-3.506764427288229236e-01 7.097029467387102608e-01
-3.478026853719375922e-01 7.269670247594687273e-01
-3.445667697803850849e-01 7.442238692712580539e-01
-3.409699545061986581e-01 7.614613805964717264e-01
-3.370139873866557223e-01 7.786675970038822170e-01
-3.327010944390739744e-01 7.958307174143052221e-01
-3.280339675550204559e-01 8.129391232375015042e-01
-3.230157510663059783e-01 8.299813992693269027e-01
-3.176500272596406438e-01 8.469463535846898372e-01
-3.119408009206752208e-01 8.638230363687297020e-01
-3.058924829913606258e-01 8.806007576356974509e-01
-2.995098734270835172e-01 8.972691037922188029e-01
-2.927981433419019619e-01 9.138179530089403091e-01
-2.857628165314119451e-01 9.302374893718465820e-01
-2.784097504633282205e-01 9.465182157918192729e-01
-2.707451168257996588e-01 9.626509656581745400e-01
-2.627753817228036803e-01 9.786269132288988315e-01
-2.545072856047183030e-01 9.944375827571093618e-01
-2.459478230203979154e-01 1.010074856359782114e+00
-2.371042222747860029e-01 1.025530980641003564e+00
-2.279839250733723122e-01 1.040798572087908713e+00
-2.185945662316431115e-01 1.055870621262937625e+00
-2.089439535241587043e-01 1.070740495821188798e+00
-1.990400477440537885e-01 1.085401942386299279e+00
-1.888909430396416289e-01 1.099849087322549268e+00
-1.785048475904694731e-01 1.114076436444686902e+00
-1.678900646806561758e-01 1.128078873710300023e+00
-1.570549742226922951e-01 1.141851658942477199e+00
-1.460080147801501582e-01 1.155390424632911861e+00
-1.347576661329630832e-01 1.168691171877628499e+00
-1.233124324241464814e-01 1.181750265499048158e+00
-1.116808259220720412e-01 1.194564428409267576e+00
-9.987135142771073892e-02 1.207130735270181665e+00
-8.789249135166531113e-02 1.219446605506415704e+00
-7.575269148133453867e-02 1.231509795727071976e+00
-6.346034745423385914e-02 1.243318391611939244e+00
-5.102379194934163198e-02 1.254870799317202801e+00
-3.845128260437644108e-02 1.266165736454742730e+00
-2.575099066316605470e-02 1.277202222697953138e+00
-1.293099035371899665e-02 1.287979570065596269e+00
7.510056859963425854e-07 1.298497372933588689e+00
1.303638217815686513e-02 1.308755497822839731e+00
2.616817646618687168e-02 1.318754073009310135e+00
3.938853946717758847e-02 1.328493478000392525e+00
5.269001614002587208e-02 1.337974332919557474e+00
6.606529719841644499e-02 1.347197487838939889e+00
7.950722484834493731e-02 1.356164012097245131e+00
9.300879788903639034e-02 1.364875183638012635e+00
1.065631761978586972e-01 1.373332478400893564e+00
1.201636846210261261e-01 1.381537559796250481e+00
1.338038162929091335e-01 1.389492268291018018e+00
1.474772354075712666e-01 1.397198611131457602e+00
1.611777794667808850e-01 1.404658752226133789e+00
1.748994610292095297e-01 1.411875002210230878e+00
1.886364689858120169e-01 1.418849808710142657e+00
2.023831693865402181e-01 1.425585746825178690e+00
2.161341058435436169e-01 1.432085509841206195e+00
2.298839995358958610e-01 1.438351900189114296e+00
2.436277488406573544e-01 1.444387820659133403e+00
2.573604286147412878e-01 1.450196265880288493e+00
2.710772891516342042e-01 1.455780314072596449e+00
2.847737548365116833e-01 1.461143119078076813e+00
2.984454225227062274e-01 1.466287902675129651e+00
3.120880596518571526e-01 1.471217947179515262e+00
3.256976021393646059e-01 1.475936588333853106e+00
3.392701520460492670e-01 1.480447208486395994e+00
3.528019750561404710e-01 1.484753230058748263e+00
3.662894977809181274e-01 1.488858109301195665e+00
3.797293049065210702e-01 1.492765330333395868e+00
3.931181362035875426e-01 1.496478399467380038e+00
4.064528834155691217e-01 1.500000839809053632e+00
4.197305870416970786e-01 1.503336186133721331e+00
4.329484330297501682e-01 1.506487980030590146e+00
4.461037493929279063e-01 1.509459765310666723e+00
4.591940027643081623e-01 1.512255083672032097e+00
4.722167949015529387e-01 1.514877470616070143e+00
4.851698591537318972e-01 1.517330451607925568e+00
4.980510569013461009e-01 1.519617538474164808e+00
5.108583739798894241e-01 1.521742226030414979e+00
5.235899170965334637e-01 1.523707988931574109e+00
5.362439102488287812e-01 1.525518278737059363e+00
5.488186911536105939e-01 1.527176521183467139e+00
5.613127076936635929e-01 1.528686113656983592e+00
5.737245143890388199e-01 1.530050422857840653e+00
5.860527688993404372e-01 1.531272782649165887e+00
5.982962285627027033e-01 1.532356492082569188e+00
6.104537469766438962e-01 1.533304813592930582e+00
6.225242706254575653e-01 1.534120971354888230e+00
6.345068355583035613e-01 1.534808149793681187e+00
6.464005641217120957e-01 1.535369492243104483e+00
6.582046617497553376e-01 1.535808099743475985e+00
6.699184138147444845e-01 1.536127029972684355e+00
6.815411825409163349e-01 1.536329296303538650e+00
6.930724039832106831e-01 1.536417866980828384e+00
7.045115850729003482e-01 1.536395664411673412e+00
7.158583007315291180e-01 1.536265564562949715e+00
7.271121910543056899e-01 1.536030396459756364e+00
7.382729585638447833e-01 1.535692941779093212e+00
7.493403655348819248e-01 1.535255934533127364e+00
7.603142313903670235e-01 1.534722060836609669e+00
7.711944301691251447e-01 1.534093958753228515e+00
7.819808880650712668e-01 1.533374218215868501e+00
7.926735810378049418e-01 1.532565381015954076e+00
8.032725324942230349e-01 1.531669940857259160e+00
8.137778110406638232e-01 1.530690343469747416e+00
8.241895283049514020e-01 1.529628986779212552e+00
8.345078368275880010e-01 1.528488221128679436e+00
8.447329280212432234e-01 1.527270349547693584e+00
8.548650301975829757e-01 1.525977628065836811e+00
8.649044066604036907e-01 1.524612266066955657e+00
8.748513538639608456e-01 1.523176426680785234e+00
8.847061996353149382e-01 1.521672227208799688e+00
8.944693014594681246e-01 1.520101739581297018e+00
9.041410448259999955e-01 1.518466990842870956e+00
9.137218416359011997e-01 1.516769963663587850e+00
9.232121286672380078e-01 1.515012596873318573e+00
9.326123660982792440e-01 1.513196786016832274e+00
9.419230360866824858e-01 1.511324383927378667e+00
9.511446414033302155e-01 1.509397201316628356e+00
9.602777041193923946e-01 1.507417007378968110e+00
9.693227643451884923e-01 1.505385530408249961e+00
9.782803790194187776e-01 1.503304458425230861e+00
9.871511207473480098e-01 1.501175439814040002e+00
9.959355766865124471e-01 1.499000083966110619e+00
1.004634347478550183e+00 1.496779961930124969e+00
1.013248046225754484e+00 1.494516607066611158e+00
1.021777297510971794e+00 1.492211515705920810e+00
1.030222736459480704e+00 1.489866147808408092e+00
1.038585007841501984e+00 1.487481927625709854e+00
1.046864765214025050e+00 1.485060244362108595e+00
1.055062670100641142e+00 1.482602452835026563e+00
1.063179391208112889e+00 1.480109874133789694e+00
1.071215603678421946e+00 1.477583796275835359e+00
1.079171988375070335e+00 1.475025474859637420e+00
1.087049231202437127e+00 1.472436133713652451e+00
1.094848022457013181e+00 1.469816965540668319e+00
1.102569056209372844e+00 1.467169132556976674e+00
1.110213029715761524e+00 1.464493767125848445e+00
1.117780642858213769e+00 1.461791972384837157e+00
1.125272597612139824e+00 1.459064822866480204e+00
1.132689597540343929e+00 1.456313365112010594e+00
1.140032347312483152e+00 1.453538618277727457e+00
1.147301552248979339e+00 1.450741574733720896e+00
1.154497917888440917e+00 1.447923200654668063e+00
1.161622149577681284e+00 1.445084436602461997e+00
1.168674952083436525e+00 1.442226198100461598e+00
1.175657029224921768e+00 1.439349376199171138e+00
1.182569083526388010e+00 1.436454838033204950e+00
1.189411815888872015e+00 1.433543427369390111e+00
1.196185925280354612e+00 1.430615965145914048e+00
1.202892108443567531e+00 1.427673250002418959e+00
1.209531059620719384e+00 1.424716058800976848e+00
1.216103470294431554e+00 1.421745147137907672e+00
1.222610028944199456e+00 1.418761249846394401e+00
1.229051420817719897e+00 1.415765081489894328e+00
1.235428327716447505e+00 1.412757336846335532e+00
1.241741427794766706e+00 1.409738691383122910e+00
1.247991395372185508e+00 1.406709801722971331e+00
1.254178900757980886e+00 1.403671306100609195e+00
1.260304610087741972e+00 1.400623824810400153e+00
1.266369185171292377e+00 1.397567960644943597e+00
1.272373283351463824e+00 1.394504299324713426e+00
1.278317557373247482e+00 1.391433409918821251e+00
1.284202655262837389e+00 1.388355845256983079e+00
1.290029220216119876e+00 1.385272142332773848e+00
1.295797890496166449e+00 1.382182822698272640e+00
1.301509299339312697e+00 1.379088392850194911e+00
1.307164074869420434e+00 1.375989344607621012e+00
1.312762840019931820e+00 1.372886155481427339e+00
1.318306212463342009e+00 1.369779289035534697e+00
1.323794804547741455e+00 1.366669195240094448e+00
1.329229223240071311e+00 1.363556310816725237e+00
1.334610070075773036e+00 1.360441059575930423e+00
1.339937941114508924e+00 1.357323852746812776e+00
1.345213426901655573e+00 1.354205089299220788e+00
1.350437112435274090e+00 1.351085156258443831e+00
1.355609577138284783e+00 1.347964429012595167e+00
1.360731394835567265e+00 1.344843271612801150e+00
1.365803133735749464e+00 1.341722037066339412e+00
1.370825356417416652e+00 1.338601067622837704e+00
1.375798619819524893e+00 1.335480695053684830e+00
1.380723475235781761e+00 1.332361240924763601e+00
1.385600468312785827e+00 1.329243016862651672e+00
1.390430139051715308e+00 1.326126324814403512e+00
1.395213021813369814e+00 1.323011457301059401e+00
1.399949645326374448e+00 1.319898697664988907e+00
1.404640532698373079e+00 1.316788320311216287e+00
1.409286201430023366e+00 1.313680590942832405e+00
1.413887163431648331e+00 1.310575766790638363e+00
1.418443925042369935e+00 1.307474096837121236e+00
1.422956987051584798e+00 1.304375822034908650e+00
1.427426844722628596e+00 1.301281175519795497e+00
1.431853987818506591e+00 1.298190382818487532e+00
1.436238900629539961e+00 1.295103662051155347e+00
1.440582062002822017e+00 1.292021224128935275e+00
1.444883945373351075e+00 1.288943272946471819e+00
1.449145018796730300e+00 1.285870005569632157e+00
1.453365744983332375e+00 1.282801612418484449e+00
1.457546581333811986e+00 1.279738277445663597e+00
1.461687979975883733e+00 1.276680178310224845e+00
1.465790387802255790e+00 1.273627486547087795e+00
1.469854246509643581e+00 1.270580367732181859e+00
1.473879992638767344e+00 1.267538981643382856e+00
1.477868057615257857e+00 1.264503482417351554e+00
1.481818867791395711e+00 1.261474018702364974e+00
1.485732844488603543e+00 1.258450733807238597e+00
1.489610404040627722e+00 1.255433765846432292e+00
1.493451957837337973e+00 1.252423247881432777e+00
1.497257912369088784e+00 1.249419308058498768e+00
1.501028669271576854e+00 1.246422069742869398e+00
1.504764625371135978e+00 1.243431651649502756e+00
1.508466172730427157e+00 1.240448167970450433e+00
1.512133698694454464e+00 1.237471728498931167e+00
1.515767585936880435e+00 1.234502438750205044e+00
1.519368212506569282e+00 1.231540400079304876e+00
1.522935951874342164e+00 1.228585709795726455e+00
1.526471172979878999e+00 1.225638461275134983e+00
1.529974240278740405e+00 1.222698744068167365e+00
1.533445513789476911e+00 1.219766644006410772e+00
1.536885349140774570e+00 1.216842243305616078e+00
1.540294097618622793e+00 1.213925620666226113e+00
1.543672106213459072e+00 1.211016851371278902e+00
1.547019717667267535e+00 1.208116007381756063e+00
1.550337270520605992e+00 1.205223157429440528e+00
1.553625099159527956e+00 1.202338367107346651e+00
1.556883533862385427e+00 1.199461698957785094e+00
1.560112900846477801e+00 1.196593212558117791e+00
1.563313522314534465e+00 1.193732964604270252e+00
1.566485716501009984e+00 1.190881008992054291e+00
1.569629797718164577e+00 1.188037396896350906e+00
1.572746076401926318e+00 1.185202176848223710e+00
1.575834859157500434e+00 1.182375394809997093e+00
1.578896448804732566e+00 1.179557094248368854e+00
1.581931144423185387e+00 1.176747316205592364e+00
1.584939241396943199e+00 1.173946099368794016e+00
1.587921031459105459e+00 1.171153480137456349e+00
1.590876802735977646e+00 1.168369492689130373e+00
1.593806839790939067e+00 1.165594169043413286e+00
1.596711423667980245e+00 1.162827539124236864e+00
1.599590831934897484e+00 1.160069630820517395e+00
1.602445338726146140e+00 1.157320470045198668e+00
1.605275214785329752e+00 1.154580080792741104e+00
1.608080727507330332e+00 1.151848485195086758e+00
1.610862140980073631e+00 1.149125703576149293e+00
1.613619716025907813e+00 1.146411754504858438e+00
1.616353710242617092e+00 1.143706654846806225e+00
1.619064378044039687e+00 1.141010419814521670e+00
1.621751970700298751e+00 1.138323063016412506e+00
1.624416736377646941e+00 1.135644596504418180e+00
1.627058920177906876e+00 1.132975030820389195e+00
1.629678764177522998e+00 1.130314375041245656e+00
1.632276507466203119e+00 1.127662636822929665e+00
1.634852386185167150e+00 1.125019822443199535e+00
1.637406633564983283e+00 1.122385936843277365e+00
1.639939479963007818e+00 1.119760983668401044e+00
1.642451152900412437e+00 1.117144965307287796e+00
1.644941877098807570e+00 1.114537882930557000e+00
1.647411874516463204e+00 1.111939736528126055e+00
1.649861364384116014e+00 1.109350524945608818e+00
1.652290563240377486e+00 1.106770245919751483e+00
1.654699684966731699e+00 1.104198896112916550e+00
1.657088940822133649e+00 1.101636471146653973e+00
1.659458539477197458e+00 1.099082965634370801e+00
1.661808687047989119e+00 1.096538373213134188e+00
1.664139587129413789e+00 1.094002686574620631e+00
1.666451440828208730e+00 1.091475897495243208e+00
1.668744446795531911e+00 1.088957996865467015e+00
1.671018801259164244e+00 1.086448974718347449e+00
1.673274698055309040e+00 1.083948820257297330e+00
1.675512328660011541e+00 1.081457521883117945e+00
1.677731882220176773e+00 1.078975067220298012e+00
1.679933545584216814e+00 1.076501443142613423e+00
1.682117503332299924e+00 1.074036635798037098e+00
1.684283937806228648e+00 1.071580630632979370e+00
1.686433029138937112e+00 1.069133412415879114e+00
1.688564955283612612e+00 1.066694965260156946e+00
1.690679892042447285e+00 1.064265272646555793e+00
1.692778013095019185e+00 1.061844317444873953e+00
1.694859490026308757e+00 1.059432081935115511e+00
1.696924492354351832e+00 1.057028547828070097e+00
1.698973187557535569e+00 1.054633696285335764e+00
1.701005741101535573e+00 1.052247507938799842e+00
1.703022316465902408e+00 1.049869962909597110e+00
1.705023075170297497e+00 1.047501040826546825e+00
1.707008176800386856e+00 1.045140720844099036e+00
1.708977779033386879e+00 1.042788981659786396e+00
1.710932037663276173e+00 1.040445801531206582e+00
1.712871106625669215e+00 1.038111158292539971e+00
1.714795138022361387e+00 1.035785029370620114e+00
1.716704282145541383e+00 1.033467391800564572e+00
1.718598687501684097e+00 1.031158222240980082e+00
1.720478500835117330e+00 1.028857496988751619e+00
1.722343867151274965e+00 1.026565191993427328e+00
1.724194929739636395e+00 1.024281282871210230e+00
1.726031830196349981e+00 1.022005744918563774e+00
1.727854708446558529e+00 1.019738553125447922e+00
1.729663702766415456e+00 1.017479682188186851e+00
1.731458949804800529e+00 1.015229106521982727e+00
1.733240584604748058e+00 1.012986800273091070e+00
1.735008740624569779e+00 1.010752737330646633e+00
1.736763549758702174e+00 1.008526891338177078e+00
1.738505142358256483e+00 1.006309235704784477e+00
1.740233647251298477e+00 1.004099743616026830e+00
1.741949191762838911e+00 1.001898388044488275e+00
1.743651901734556642e+00 9.997051417600615331e-01
1.745341901544248175e+00 9.975199773399389125e-01
1.747019314125007883e+00 9.953428671783267623e-01
1.748684260984144867e+00 9.931737834958850319e-01
1.750336862221840262e+00 9.910126983489043750e-01
1.751977236549542960e+00 9.888595836382234605e-01
1.753605501308115544e+00 9.867144111178952626e-01
1.755221772485724419e+00 9.845771524036085465e-01
1.756826164735487250e+00 9.824477789808703232e-01
1.758418791392869274e+00 9.803262622129566006e-01
1.759999764492846230e+00 9.782125733486362051e-01
1.761569194786823500e+00 9.761066835296756672e-01
1.763127191759322976e+00 9.740085637981279465e-01
1.764673863644433682e+00 9.719181851034111030e-01
1.766209317442043236e+00 9.698355183091876830e-01
1.767733658933834162e+00 9.677605342000403787e-01
1.769246992699062382e+00 9.656932034879591731e-01
1.770749422130115214e+00 9.636334968186358596e-01
1.772241049447857097e+00 9.615813847775825929e-01
1.773721975716750832e+00 9.595368378960604794e-01
1.775192300859783190e+00 9.574998266568480743e-01
1.776652123673169381e+00 9.554703214998289118e-01
1.778101541840862998e+00 9.534482928274210511e-01
1.779540651948858354e+00 9.514337110098448624e-01
1.780969549499294091e+00 9.494265463902317181e-01
1.782388328924364274e+00 9.474267692895841364e-01
1.783797083600031641e+00 9.454343500115847121e-01
1.785195905859551235e+00 9.434492588472626062e-01
1.786584887006808842e+00 9.414714660795184820e-01
1.787964117329469804e+00 9.395009419875121059e-01
1.789333686111946431e+00 9.375376568509171671e-01
1.790693681648187097e+00 9.355815809540465322e-01
1.792044191254284602e+00 9.336326845898497151e-01
1.793385301280911115e+00 9.316909380637884430e-01
1.794717097125579697e+00 9.297563116975907649e-01
1.796039663244735074e+00 9.278287758328899182e-01
1.797353083165680543e+00 9.259083008347489541e-01
1.798657439498332566e+00 9.239948570950736739e-01
1.799952813946816832e+00 9.220884150359178744e-01
1.801239287320904658e+00 9.201889451126850084e-01
1.802516939547285535e+00 9.182964178172249303e-01
1.803785849680690445e+00 9.164108036808337188e-01
1.805046095914855986e+00 9.145320732771550221e-01
1.806297755593339049e+00 9.126601972249860362e-01
1.807540905220179850e+00 9.107951461909928881e-01
1.808775620470423284e+00 9.089368908923378676e-01
1.810001976200485974e+00 9.070854020992146216e-01
1.811220046458390076e+00 9.052406506373049666e-01
1.812429904493845889e+00 9.034026073901455511e-01
1.813631622768206775e+00 9.015712433014224647e-01
1.814825272964274872e+00 8.997465293771786943e-01
1.816010925995981351e+00 8.979284366879525248e-01
1.817188652017931005e+00 8.961169363708380020e-01
1.818358520434809611e+00 8.943119996314726761e-01
1.819520599910675385e+00 8.925135977459588421e-01
1.820674958378103225e+00 8.907217020627089532e-01
1.821821663047227036e+00 8.889362840042344116e-01
1.822960780414638826e+00 8.871573150688585319e-01
1.824092376272174798e+00 8.853847668323759912e-01
1.825216515715580190e+00 8.836186109496427799e-01
1.826333263153055331e+00 8.818588191561129719e-01
1.827442682313685340e+00 8.801053632693123241e-01
1.828544836255752593e+00 8.783582151902560309e-01
1.829639787374940374e+00 8.766173469048154088e-01
1.830727597412418195e+00 8.748827304850235187e-01
1.831808327462826291e+00 8.731543380903364904e-01
1.832882037982141776e+00 8.714321419688368930e-01
1.833948788795443319e+00 8.697161144583925863e-01
1.835008639104571238e+00 8.680062279877648335e-01
1.836061647495681681e+00 8.663024550776706745e-01
1.837107871946698001e+00 8.646047683417992236e-01
1.838147369834661760e+00 8.629131404877832257e-01
1.839180197942986705e+00 8.612275443181279799e-01
1.840206412468612829e+00 8.595479527310988521e-01
1.841226069029061607e+00 8.578743387215665983e-01
1.842239222669401544e+00 8.562066753818132758e-01
1.843245927869115786e+00 8.545449359023011837e-01
1.844246238548878036e+00 8.528890935724008360e-01
1.845240208077240318e+00 8.512391217810870714e-01
1.846227889277225920e+00 8.495949940175938631e-01
1.847209334432838190e+00 8.479566838720399291e-01
1.848184595295481847e+00 8.463241650360184831e-01
1.849153723090294799e+00 8.446974113031515685e-01
1.850116768522400923e+00 8.430763965696191908e-01
1.851073781783073802e+00 8.414610948346500363e-01
1.852024812555823630e+00 8.398514802009888758e-01
1.852969910022396638e+00 8.382475268753287745e-01
1.853909122868702797e+00 8.366492091687207644e-01
1.854842499290656255e+00 8.350565014969499877e-01
1.855770086999946722e+00 8.334693783808911904e-01
1.856691933229726255e+00 8.318878144468325742e-01
1.857608084740226539e+00 8.303117844267776659e-01
1.858518587824301127e+00 8.287412631587227629e-01
1.859423488312889505e+00 8.271762255869076208e-01
1.860322831580417446e+00 8.256166467620468241e-01
1.861216662550116974e+00 8.240625018415344005e-01
1.862105025699286598e+00 8.225137660896317815e-01
1.862987965064470730e+00 8.209704148776280075e-01
1.863865524246582028e+00 8.194324236839864994e-01
1.864737746415949138e+00 8.178997680944648518e-01
1.865604674317301370e+00 8.163724238022204149e-01
1.866466350274688102e+00 8.148503666078953378e-01
1.867322816196333335e+00 8.133335724196807393e-01
1.868174113579427642e+00 8.118220172533684442e-01
1.869020283514855052e+00 8.103156772323798496e-01
1.869861366691863758e+00 8.088145285877823554e-01
1.870697403402669767e+00 8.073185476582868114e-01
1.871528433547005932e+00 8.058277108902310859e-01
1.872354496636609023e+00 8.043419948375465367e-01
1.873175631799648633e+00 8.028613761617118261e-01
1.873991877785101678e+00 8.013858316316906372e-01
1.874803272967068057e+00 7.999153381238564009e-01
1.875609855349028576e+00 7.984498726219029230e-01
1.876411662568054695e+00 7.969894122167424655e-01
1.877208731898955651e+00 7.955339341063913938e-01
1.878001100258379630e+00 7.940834155958428342e-01
1.878788804208857854e+00 7.926378340969281178e-01
1.879571879962797176e+00 7.911971671281659013e-01
1.880350363386424917e+00 7.897613923146017401e-01
1.881124290003679089e+00 7.883304873876348928e-01
1.881893695000051547e+00 7.869044301848365786e-01
1.882658613226380506e+00 7.854831986497569085e-01
1.883419079202597102e+00 7.840667708317223816e-01
1.884175127121421101e+00 7.826551248856244980e-01
