npts 513 dfreq 1.000000000000000021e-02
0.000000000000000000e+00 -0.000000000000000000e+00
-1.760966279560713943e+00 1.384981654734299683e-01
-7.106900015469572729e+00 1.150339402770983899e+00
-1.618958412898398436e+01 4.130487296134601749e+00
-2.909997596197384695e+01 1.065738830960368766e+01
-4.547445225271998481e+01 2.309203416109356866e+01
-6.360423556615153018e+01 4.473040427446422740e+01
-7.885006751775377154e+01 7.909895195760699949e+01
-8.225922300319770386e+01 1.269128983524383187e+02
-6.327533108861589994e+01 1.805875380929203686e+02
-1.973180442634593135e+01 2.235453475150636393e+02
3.587271277491834809e+01 2.425093284315950655e+02
8.701449339438141806e+01 2.386130479086739342e+02
1.255984140161078528e+02 2.217273797601147862e+02
1.517532348899336512e+02 2.006023783283249600e+02
1.686095571025932713e+02 1.799233501371531929e+02
1.792507571310237040e+02 1.614710957279050660e+02
1.859153747607604430e+02 1.456091733077845447e+02
1.900667162627447055e+02 1.321496761974111678e+02
1.926268290704135779e+02 1.207456143296296602e+02
1.941722050540389546e+02 1.110443069662348989e+02
1.950651415575243277e+02 1.027375340849505676e+02
1.955357550563382745e+02 9.557117591975534765e+01
1.957320305887029974e+02 8.934069146092335245e+01
1.957503114351623310e+02 8.388283451250609346e+01
1.956540211300652459e+02 7.906740306756185532e+01
1.954853024637624515e+02 7.479019313671862790e+01
1.952723560659549094e+02 7.096733952928025246e+01
1.950341351178690559e+02 6.753089310577725257e+01
1.947833914914488957e+02 6.442540412132967731e+01
1.945286788569942189e+02 6.160529173232072964e+01
1.942756863570700432e+02 5.903281647088730466e+01
1.940281366852032079e+02 5.667651164958402177e+01
1.937883970298683494e+02 5.450996349231063220e+01
1.935578984450044686e+02 5.251085673535685316e+01
1.933374259696516617e+02 5.066022310374160753e+01
1.931273206476958251e+02 4.894184561720978621e+01
1.929276209359711345e+02 4.734178328316253470e+01
1.927381620617839530e+02 4.584798936811143477e+01
1.925586459890601532e+02 4.445000286876030060e+01
1.923886907072234749e+02 4.313869760483743221e+01
1.922278648923661990e+02 4.190607695547793554e+01
1.920757121731266750e+02 4.074510497315416302e+01
1.919317679832084593e+02 3.964956666370645877e+01
1.917955711147081956e+02 3.861395178623140367e+01
1.916666714795372286e+02 3.763335772590539108e+01
1.915446351587415563e+02 3.670340791714472317e+01
1.914290475164210363e+02 3.582018301100526259e+01
1.913195149387454137e+02 3.498016253929942110e+01
1.912156656035030835e+02 3.418017526579505727e+01
1.911171495738684314e+02 3.341735676000775612e+01
1.910236384291947331e+02 3.268911300258643138e+01
1.909348245868860943e+02 3.199308904911463358e+01
1.908504204265918247e+02 3.132714195350029485e+01
1.907701572967028198e+02 3.068931729235401562e+01
1.906937844602564951e+02 3.007782874506478876e+01
1.906210680206132793e+02 2.949104027625087454e+01
1.905517898550100426e+02 2.892745054223861700e+01
1.904857465751331915e+02 2.838567920459716731e+01
1.904227485273217155e+02 2.786445488420726235e+01
1.903626188402612627e+02 2.736260453097054324e+01
1.903051925246084295e+02 2.687904401874867943e+01
1.902503156265327107e+02 2.641276980378748718e+01
1.901978444354369060e+02 2.596285150879721115e+01
1.901476447449171019e+02 2.552842531488096256e+01
1.900995911652156281e+02 2.510868806031808376e+01
1.900535664849012676e+02 2.470289195937855453e+01
1.900094610791945229e+02 2.431033986631869581e+01
1.899671723621948729e+02 2.393038101986042321e+01
1.899266042802119614e+02 2.356240721208661881e+01
1.898876668434212718e+02 2.320584933304333930e+01
1.898502756931389399e+02 2.286017424862980008e+01
1.898143517021146636e+02 2.252488197474860243e+01
1.897798206053728052e+02 2.219950311532173259e+01
1.897466126592694593e+02 2.188359653576928210e+01
1.897146623265814469e+02 2.157674724699361235e+01
1.896839079855891441e+02 2.127856447789537953e+01
1.896542916612594354e+02 2.098867991703495761e+01
1.896257587767748873e+02 2.070674610630265278e+01
1.895982579237887649e+02 2.043243497142131915e+01
1.895717406499101969e+02 2.016543647581572785e+01
1.895461612620431140e+02 1.990545738588059521e+01
1.895214766443140491e+02 1.965222013699087000e+01
1.894976460894234549e+02 1.940546179075024469e+01
1.894746311423539566e+02 1.916493307498799226e+01
1.894523954554543650e+02 1.893039749890744261e+01
1.894309046540000736e+02 1.870163053657859820e+01
1.894101262114049860e+02 1.847841887266529781e+01
1.893900293333280160e+02 1.826055970489539959e+01
1.893705848499806734e+02 1.804786009833136262e+01
1.893517651159990010e+02 1.784013638698586490e+01
1.893335439172955148e+02 1.763721361876144300e+01
1.893158963843569609e+02 1.743892504008001509e+01
1.892987989114939751e+02 1.724511161691340178e+01
1.892822290815934991e+02 1.705562158923522986e+01
1.892661655959585403e+02 1.687031005619081370e+01
1.892505882088535998e+02 1.668903858952961272e+01
1.892354776664080589e+02 1.651167487306767967e+01
1.892208156495533160e+02 1.633809236614722238e+01
1.892065847206994249e+02 1.616816998924080551e+01
1.891927682738784711e+02 1.600179183000982519e+01
1.891793504881029264e+02 1.583884686827335742e+01
1.891663162837097332e+02 1.567922871847581767e+01
1.891536512814757600e+02 1.552283538836136145e+01
1.891413417643089474e+02 1.536956905267138573e+01
1.891293746413339818e+02 1.521933584077953583e+01
1.891177374142054077e+02 1.507204563726789637e+01
1.891064181454935635e+02 1.492761189452867754e+01
1.890954054290009196e+02 1.478595145654957932e+01
1.890846883618768004e+02 1.464698439310774525e+01
1.890742565184087027e+02 1.451063384365839681e+01
1.890640999253769508e+02 1.437682587025981640e+01
1.890542090388690895e+02 1.424548931892715409e+01
1.890445747224552804e+02 1.411655568885394629e+01
1.890351882266375583e+02 1.398995900898277966e+01
1.890260411694874847e+02 1.386563572144525658e+01
1.890171255183956021e+02 1.374352457142707351e+01
1.890084335728619749e+02 1.362356650304684713e+01
1.889999579482599756e+02 1.350570456086697746e+01
1.889916915605114411e+02 1.338988379668259121e+01
1.889836276116167824e+02 1.327605118125993222e+01
1.889757595759852791e+02 1.316415552071867268e+01
1.889680811875163613e+02 1.305414737727417673e+01
1.889605864273855786e+02 1.294597899407559538e+01
1.889532695124914028e+02 1.283960422389356459e+01
1.889461248845230443e+02 1.273497846142851664e+01
1.889391471996119378e+02 1.263205857902584484e+01
1.889323313185311406e+02 1.253080286559849377e+01
1.889256722974105571e+02 1.243117096857113246e+01
1.889191653789368956e+02 1.233312383867190398e+01
1.889128059840105891e+02 1.223662367740955048e+01
1.889065897038317701e+02 1.214163388708387536e+01
1.889005122923915678e+02 1.204811902318760453e+01
1.888945696593447678e+02 1.195604474906652293e+01
1.888887578632420059e+02 1.186537779271336746e+01
1.888830731051008627e+02 1.177608590557863977e+01
1.888775117222974700e+02 1.168813782328891016e+01
1.888720701827595576e+02 1.160150322816983781e+01
1.888667450794447120e+02 1.151615271347746905e+01
1.888615331250883571e+02 1.143205774924732943e+01
1.888564311472057682e+02 1.134919064967610502e+01
1.888514360833346757e+02 1.126752454195597508e+01
1.888465449765057826e+02 1.118703333648638676e+01
1.888417549709279228e+02 1.110769169839234927e+01
1.888370633078772585e+02 1.102947502028268723e+01
1.888324673217790917e+02 1.095235939618545373e+01
1.888279644364721719e+02 1.087632159660128295e+01
1.888235521616460915e+02 1.080133904461895433e+01
1.888192280894426176e+02 1.072738979304049778e+01
1.888149898912121785e+02 1.065445250246628639e+01
1.888108353144178295e+02 1.058250642029317312e+01
1.888067621796789979e+02 1.051153136058141691e+01
1.888027683779478139e+02 1.044150768474869295e+01
1.887988518678115213e+02 1.037241628305148566e+01
1.887950106729139463e+02 1.030423855681665302e+01
1.887912428794911079e+02 1.023695640138775076e+01
1.887875466340144897e+02 1.017055218975262498e+01
1.887839201409365444e+02 1.010500875682069299e+01
1.887803616605344530e+02 1.004030938431984765e+01
1.887768695068457987e+02 9.976437786284598985e+00
1.887734420456927467e+02 9.913378095108514643e+00
1.887700776927907782e+02 9.851114848135466673e+00
1.887667749119361247e+02 9.789632974765394735e+00
1.887635322132702527e+02 9.728917784051652973e+00
1.887603481516166823e+02 9.668954952768174849e+00
1.887572213248862170e+02 9.609730513925647699e+00
1.887541503725488212e+02 9.551230845717139317e+00
1.887511339741677148e+02 9.493442660874423566e+00
1.887481708479931513e+02 9.436352996417252115e+00
1.887452597496137798e+02 9.379949203778751965e+00
1.887423994706619794e+02 9.324218939290807029e+00
1.887395888375710911e+02 9.269150155014198589e+00
1.887368267103825872e+02 9.214731089898970495e+00
1.887341119816002504e+02 9.160950261261159966e+00
1.887314435750896564e+02 9.107796456562720522e+00
1.887288204450208866e+02 9.055258725482103088e+00
1.887262415748523381e+02 9.003326372263526167e+00
1.887237059763541254e+02 8.951988948333497120e+00
1.887212126886691976e+02 8.901236245173821615e+00
1.887187607774104379e+02 8.851058287440606520e+00
1.887163493337921238e+02 8.801445326319450757e+00
1.887139774737944720e+02 8.752387833107404091e+00
1.887116443373599566e+02 8.703876493012616677e+00
1.887093490876193869e+02 8.655902199163140409e+00
1.887070909101477127e+02 8.608456046816671758e+00
1.887048690122460641e+02 8.561529327763338415e+00
1.887026826222521549e+02 8.515113524914132981e+00
1.887005309888747320e+02 8.469200307067721312e+00
1.886984133805527506e+02 8.423781523848852260e+00
1.886963290848384531e+02 8.378849200811817610e+00
1.886942774078018488e+02 8.334395534702657926e+00
1.886922576734573624e+02 8.290412888874140407e+00
1.886902692232110326e+02 8.246893788847833306e+00
1.886883114153269787e+02 8.203830918017663620e+00
1.886863836244132244e+02 8.161217113489829700e+00
1.886844852409256532e+02 8.119045362053958215e+00
1.886826156706892164e+02 8.077308796280711078e+00
1.886807743344362223e+02 8.036000690741232688e+00
1.886789606673602862e+02 7.995114458343968167e+00
1.886771741186860538e+02 7.954643646784668398e+00
1.886754141512537046e+02 7.914581935105472255e+00
1.886736802411176654e+02 7.874923130359175794e+00
1.886719718771589669e+02 7.835661164374936760e+00
1.886702885607110147e+02 7.796790090621854574e+00
1.886686298051976678e+02 7.758304081166929045e+00
1.886669951357839636e+02 7.720197423724146191e+00
1.886653840890380138e+02 7.682464518791472408e+00
1.886637962126045807e+02 7.645099876872713196e+00
1.886622310648894540e+02 7.608098115781337434e+00
1.886606882147539466e+02 7.571453958023435682e+00
1.886591672412198477e+02 7.535162228257076933e+00
1.886576677331837288e+02 7.499217850825538711e+00
1.886561892891407695e+02 7.463615847361827704e+00
1.886547315169173658e+02 7.428351334462166555e+00
1.886532940334125499e+02 7.393419521426078944e+00
1.886518764643474242e+02 7.358815708060894245e+00
1.886504784440231504e+02 7.324535282548509940e+00
1.886490996150860155e+02 7.290573719372361872e+00
1.886477396283003714e+02 7.256926577302628800e+00
1.886463981423287350e+02 7.223589497437774121e+00
1.886450748235184278e+02 7.190558201300556895e+00
1.886437693456953184e+02 7.157828488986806903e+00
1.886424813899638764e+02 7.125396237365198004e+00
1.886412106445132508e+02 7.093257398326430874e+00
1.886399568044296302e+02 7.061407997080228149e+00
1.886387195715138887e+02 7.029844130498617005e+00
1.886374986541055137e+02 6.998561965504053184e+00
1.886362937669113364e+02 6.967557737500946757e+00
1.886351046308395780e+02 6.936827748849255570e+00
1.886339309728390958e+02 6.906368367378820317e+00
1.886327725257433769e+02 6.876176024943173815e+00
1.886316290281190220e+02 6.846247216011604131e+00
1.886305002241192312e+02 6.816578496298309808e+00
1.886293858633407581e+02 6.787166481427464149e+00
1.886282857006863196e+02 6.758007845633167143e+00
1.886271994962299914e+02 6.729099320493149072e+00
1.886261270150870928e+02 6.700437693695246999e+00
1.886250680272877105e+02 6.672019807835669170e+00
1.886240223076540019e+02 6.643842559248058777e+00
1.886229896356808524e+02 6.615902896862488447e+00
1.886219697954203411e+02 6.588197821093446649e+00
1.886209625753691341e+02 6.560724382755992679e+00
1.886199677683593734e+02 6.533479682009229350e+00
1.886189851714524650e+02 6.506460867326302022e+00
1.886180145858360504e+02 6.479665134490144140e+00
1.886170558167239903e+02 6.453089725614229444e+00
1.886161086732588217e+02 6.426731928187578546e+00
1.886151729684170846e+02 6.400589074143365309e+00
1.886142485189177194e+02 6.374658538950394693e+00
1.886133351451323108e+02 6.348937740726842804e+00
1.886124326709980608e+02 6.323424139375584119e+00
1.886115409239339442e+02 6.298115235740541884e+00
1.886106597347576042e+02 6.273008570783391136e+00
1.886097889376061119e+02 6.248101724780138255e+00
1.886089283698577788e+02 6.223392316536941138e+00
1.886080778720567537e+02 6.198878002624669925e+00
1.886072372878392969e+02 6.174556476631677171e+00
1.886064064638622426e+02 6.150425468434272069e+00
1.886055852497332808e+02 6.126482743484429783e+00
1.886047734979430288e+02 6.102726102114208295e+00
1.886039710637992926e+02 6.079153378856501533e+00
1.886031778053625203e+02 6.055762441781590510e+00
1.886023935833834742e+02 6.032551191849139904e+00
1.886016182612422654e+02 6.009517562275166647e+00
1.886008517048886972e+02 5.986659517913609285e+00
1.886000937827853363e+02 5.963975054652109975e+00
1.885993443658504987e+02 5.941462198821593432e+00
1.885986033274036799e+02 5.919119006619314227e+00
1.885978705431124638e+02 5.896943563544992273e+00
1.885971458909401974e+02 5.874933983849706998e+00
1.885964292510955431e+02 5.853088409997193153e+00
1.885957205059830244e+02 5.831405012137229171e+00
1.885950195401550786e+02 5.809881987590809871e+00
1.885943262402650475e+02 5.788517560346761570e+00
1.885936404950215604e+02 5.767309980569550909e+00
1.885929621951440254e+02 5.746257524117948101e+00
1.885922912333190880e+02 5.725358492074318129e+00
1.885916275041585664e+02 5.704611210284216583e+00
1.885909709041579845e+02 5.684014028906069882e+00
1.885903213316564688e+02 5.663565321970637889e+00
1.885896786867973560e+02 5.643263486950069741e+00
1.885890428714901930e+02 5.623106944336242030e+00
1.885884137893731065e+02 5.603094137228216809e+00
1.885877913457765089e+02 5.583223530928515643e+00
1.885871754476877982e+02 5.563493612548069400e+00
1.885865660037164560e+02 5.543902890619550661e+00
1.885859629240602260e+02 5.524449894718940435e+00
1.885853661204723721e+02 5.505133175095092923e+00
1.885847755062291924e+02 5.485951302307109145e+00
1.885841909960988971e+02 5.466902866869336464e+00
1.885836125063106010e+02 5.447986478903790619e+00
1.885830399545247644e+02 5.429200767799831517e+00
1.885824732598035496e+02 5.410544381880923126e+00
1.885819123425828536e+02 5.392015988078283861e+00
1.885813571246438869e+02 5.373614271611272031e+00
1.885808075290862291e+02 5.355337935674368666e+00
1.885802634803014826e+02 5.337185701130548132e+00
1.885797249039468397e+02 5.319156306210933494e+00
1.885791917269202145e+02 5.301248506220561652e+00
1.885786638773352593e+02 5.283461073250117934e+00
1.885781412844972635e+02 5.265792795893496248e+00
1.885776238788795069e+02 5.248242478971055114e+00
1.885771115921003229e+02 5.230808943258444366e+00
1.885766043569003045e+02 5.213491025220825748e+00
1.885761021071205619e+02 5.196287576752437687e+00
1.885756047776810931e+02 5.179197464921307059e+00
1.885751123045596387e+02 5.162219571719037781e+00
1.885746246247711895e+02 5.145352793815527015e+00
1.885741416763481766e+02 5.128596042318529946e+00
1.885736633983203774e+02 5.111948242537918574e+00
1.885731897306960434e+02 5.095408333754567032e+00
1.885727206144429147e+02 5.078975268993736414e+00
1.885722559914701151e+02 5.062648014802866747e+00
1.885717958046099056e+02 5.046425551033658863e+00
1.885713399976005746e+02 5.030306870628382221e+00
1.885708885150687024e+02 5.014290979410271909e+00
1.885704413025129327e+02 4.998376895877971293e+00
1.885699983062872320e+02 4.982563651003875549e+00
1.885695594735849170e+02 4.966850288036342320e+00
1.885691247524230505e+02 4.951235862305645163e+00
1.885686940916268668e+02 4.935719441033599608e+00
1.885682674408150490e+02 4.920300103146795223e+00
1.885678447503846371e+02 4.904976939093327992e+00
1.885674259714971299e+02 4.889749050662977936e+00
1.885670110560639330e+02 4.874615550810741382e+00
1.885665999567328015e+02 4.859575563483659266e+00
1.885661926268744253e+02 4.844628223450856197e+00
1.885657890205691842e+02 4.829772676136738774e+00
1.885653890925940743e+02 4.815008077457254565e+00
1.885649927984102590e+02 4.800333593659179776e+00
1.885646000941507339e+02 4.785748401162357446e+00
1.885642109366079353e+02 4.771251686404803571e+00
1.885638252832222008e+02 4.756842645690665172e+00
1.885634430920699458e+02 4.742520485040913947e+00
1.885630643218523517e+02 4.728284420046769299e+00
1.885626889318842814e+02 4.714133675725749484e+00
1.885623168820833087e+02 4.700067486380342885e+00
1.885619481329591167e+02 4.686085095459190164e+00
1.885615826456028685e+02 4.672185755420764863e+00
1.885612203816772308e+02 4.658368727599492054e+00
1.885608613034061136e+02 4.644633282074240199e+00
1.885605053735649221e+02 4.630978697539158695e+00
1.885601525554709212e+02 4.617404261176782931e+00
1.885598028129738566e+02 4.603909268533398880e+00
1.885594561104466607e+02 4.590493023396583716e+00
1.885591124127763862e+02 4.577154837674909160e+00
1.885587716853552251e+02 4.563894031279720487e+00
1.885584338940722091e+02 4.550709932009024961e+00
1.885580990053042001e+02 4.537601875433339593e+00
1.885577669859077616e+02 4.524569204783571053e+00
1.885574378032110303e+02 4.511611270840793608e+00
1.885571114250056723e+02 4.498727431827955314e+00
1.885567878195389255e+02 4.485917053303425384e+00
1.885564669555058686e+02 4.473179508056372100e+00
1.885561488020419745e+02 4.460514176003934850e+00
1.885558333287157780e+02 4.447920444090136094e+00
1.885555205055213719e+02 4.435397706186521738e+00
1.885552103028714441e+02 4.422945362994473939e+00
1.885549026915902289e+02 4.410562821949183920e+00
1.885545976429067423e+02 4.398249497125231500e+00
1.885542951284479898e+02 4.386004809143766003e+00
1.885539951202324289e+02 4.373828185081225506e+00
1.885536975906634041e+02 4.361719058379583736e+00
1.885534025125229789e+02 4.349676868758108661e+00
1.885531098589655983e+02 4.337701062126559037e+00
1.885528196035120629e+02 4.325791090499844671e+00
1.885525317200434188e+02 4.313946411914071355e+00
1.885522461827953293e+02 4.302166490344000671e+00
1.885519629663520789e+02 4.290450795621826074e+00
1.885516820456410301e+02 4.278798803357316771e+00
1.885514033959270819e+02 4.267209994859233468e+00
1.885511269928073261e+02 4.255683857058061292e+00
1.885508528122055338e+02 4.244219882429955959e+00
1.885505808303670392e+02 4.232817568921954710e+00
1.885503110238534248e+02 4.221476419878377406e+00
1.885500433695379741e+02 4.210195943968431109e+00
1.885497778446000723e+02 4.198975655114954186e+00
1.885495144265206022e+02 4.187815072424323937e+00
1.885492530930775388e+02 4.176713720117473549e+00
1.885489938223407194e+02 4.165671127462012180e+00
1.885487365926675523e+02 4.154686828705423274e+00
1.885484813826984123e+02 4.143760363009322489e+00
1.885482281713523491e+02 4.132891274384757452e+00
1.885479769378225683e+02 4.122079111628519144e+00
1.885477276615721678e+02 4.111323428260473811e+00
1.885474803223300455e+02 4.100623782461850553e+00
1.885472349000868917e+02 4.089979737014529881e+00
1.885469913750908688e+02 4.079390859241241785e+00
1.885467497278437463e+02 4.068856720946724792e+00
1.885465099390971204e+02 4.058376898359780327e+00
1.885462719898485204e+02 4.047950972076241882e+00
1.885460358613376002e+02 4.037578527002802176e+00
1.885458015350424716e+02 4.027259152301724043e+00
1.885455689926760385e+02 4.016992441336395991e+00
1.885453382161826426e+02 4.006777991617719081e+00
1.885451091877341696e+02 3.996615404751316714e+00
1.885448818897271224e+02 3.986504286385548212e+00
1.885446563047786697e+02 3.976444246160309781e+00
1.885444324157238611e+02 3.966434897656622383e+00
1.885442102056119893e+02 3.956475858346971464e+00
1.885439896577035483e+02 3.946566749546398523e+00
1.885437707554671931e+02 3.936707196364338746e+00
1.885435534825762716e+02 3.926896827657162525e+00
1.885433378229062100e+02 3.917135275981450171e+00
1.885431237605313584e+02 3.907422177547952291e+00
1.885429112797218352e+02 3.897757172176231411e+00
1.885427003649410835e+02 3.888139903249996365e+00
1.885424910008426593e+02 3.878570017673076631e+00
1.885422831722676449e+02 3.869047165826068557e+00
1.885420768642417784e+02 3.859571001523603773e+00
1.885418720619729527e+02 3.850141181972267290e+00
1.885416687508482312e+02 3.840757367729104033e+00
1.885414669164316877e+02 3.831419222660767954e+00
1.885412665444614220e+02 3.822126413903235598e+00
1.885410676208473433e+02 3.812878611822135611e+00
1.885408701316685836e+02 3.803675489973629364e+00
1.885406740631710534e+02 3.794516725065883556e+00
1.885404794017650261e+02 3.785401996921076595e+00
1.885402861340228924e+02 3.776330988437971659e+00
1.885400942466768015e+02 3.767303385555023088e+00
1.885399037266161884e+02 3.758318877214005482e+00
1.885397145608860114e+02 3.749377155324181476e+00
1.885395267366840244e+02 3.740477914726955344e+00
1.885393402413588717e+02 3.731620853161062179e+00
1.885391550624080708e+02 3.722805671228225588e+00
1.885389711874756813e+02 3.714032072359321646e+00
1.885387886043503443e+02 3.705299762781007367e+00
1.885386073009632639e+02 3.696608451482832791e+00
1.885384272653863036e+02 3.687957850184807818e+00
1.885382484858297971e+02 3.679347673305434441e+00
1.885380709506408152e+02 3.670777637930177306e+00
1.885378946483014317e+02 3.662247463780380574e+00
1.885377195674261372e+02 3.653756873182617326e+00
1.885375456967611001e+02 3.645305591038473736e+00
1.885373730251812958e+02 3.636893344794737803e+00
1.885372015416894271e+02 3.628519864414013973e+00
1.885370312354139060e+02 3.620184882345744981e+00
1.885368620956072618e+02 3.611888133497620945e+00
1.885366941116440387e+02 3.603629355207395690e+00
1.885365272730198569e+02 3.595408287215083210e+00
1.885363615693492250e+02 3.587224671635542705e+00
1.885361969903639192e+02 3.579078252931419346e+00
1.885360335259117051e+02 3.570968777886484702e+00
1.885358711659546316e+02 3.562895995579310249e+00
1.885357099005672410e+02 3.554859657357315683e+00
1.885355497199355455e+02 3.546859516811168511e+00
1.885353906143552081e+02 3.538895329749522034e+00
1.885352325742300650e+02 3.530966854174097058e+00
1.885350755900707611e+02 3.523073850255100226e+00
1.885349196524933859e+02 3.515216080306980739e+00
1.885347647522179670e+02 3.507393308764486850e+00
1.885346108800670777e+02 3.499605302159074949e+00
1.885344580269647565e+02 3.491851829095610871e+00
1.885343061839346888e+02 3.484132660229385614e+00
1.885341553420992682e+02 3.476447568243443254e+00
1.885340054926781477e+02 3.468796327826201953e+00
1.885338566269869602e+02 3.461178715649372517e+00
1.885337087364362390e+02 3.453594510346174484e+00
1.885335618125299106e+02 3.446043492489827997e+00
1.885334158468642727e+02 3.438525444572337442e+00
1.885332708311266572e+02 3.431040150983548642e+00
1.885331267570943226e+02 3.423587397990475623e+00
1.885329836166334303e+02 3.416166973716917798e+00
1.885328414016975387e+02 3.408778668123306321e+00
1.885327001043267785e+02 3.401422272986851958e+00
1.885325597166467162e+02 3.394097581881917236e+00
1.885324202308670749e+02 3.386804390160667477e+00
1.885322816392807965e+02 3.379542494933951424e+00
1.885321439342631038e+02 3.372311695052448322e+00
1.885320071082699940e+02 3.365111791088034821e+00
1.885318711538377272e+02 3.357942585315410344e+00
1.885317360635815760e+02 3.350803881693948050e+00
1.885316018301948873e+02 3.343695485849778049e+00
1.885314684464479171e+02 3.336617205058100666e+00
1.885313359051870350e+02 3.329568848225724853e+00
1.885312041993338141e+02 3.322550225873826424e+00
1.885310733218837811e+02 3.315561150120923894e+00
1.885309432659059894e+02 3.308601434666076813e+00
1.885308140245415984e+02 3.301670894772282150e+00
1.885306855910032482e+02 3.294769347250095404e+00
1.885305579585740929e+02 3.287896610441443102e+00
1.885304311206070054e+02 3.281052504203648468e+00
1.885303050705235535e+02 3.274236849893651602e+00
1.885301798018132615e+02 3.267449470352427277e+00
1.885300553080327575e+02 3.260690189889598578e+00
1.885299315828049203e+02 3.253958834268238398e+00
1.885298086198180840e+02 3.247255230689862771e+00
1.885296864128252423e+02 3.240579207779610282e+00
1.885295649556432807e+02 3.233930595571597788e+00
1.885294442421520102e+02 3.227309225494466638e+00
1.885293242662937416e+02 3.220714930357097661e+00
1.885292050220720910e+02 3.214147544334505557e+00
1.885290865035517243e+02 3.207606902953908268e+00
1.885289687048571636e+02 3.201092843080963313e+00
1.885288516201723610e+02 3.194605202906169783e+00
1.885287352437397885e+02 3.188143821931440414e+00
1.885286195698598988e+02 3.181708540956838416e+00
1.885285045928903571e+02 3.175299202067463966e+00
1.885283903072453029e+02 3.168915648620517889e+00
1.885282767073947525e+02 3.162557725232499894e+00
1.885281637878637753e+02 3.156225277766577797e+00
1.885280515432321806e+02 3.149918153320104164e+00
1.885279399681334667e+02 3.143636200212276854e+00
1.885278290572543085e+02 3.137379267971950547e+00
1.885277188053341604e+02 3.131147207325605919e+00
1.885276092071643177e+02 3.124939870185438284e+00
1.885275002575874339e+02 3.118757109637607439e+00
1.885273919514969236e+02 3.112598779930623394e+00
1.885272842838363090e+02 3.106464736463863119e+00
1.885271772495987932e+02 3.100354835776230278e+00
1.885270708438264080e+02 3.094268935534942422e+00
1.885269650616097579e+02 3.088206894524464285e+00
1.885268598980870252e+02 3.082168572635541004e+00
