npts 513 dfreq 1.000000000000000021e-02
0.000000000000000000e+00 0.000000000000000000e+00
-1.033181194312405154e-01 1.895370691965793733e-02
-1.789584482892569162e-01 2.902186943847624989e-01
-3.080826931468212682e-02 5.828461044117586587e-01
2.752600580411020403e-01 7.647291949330914385e-01
6.514249012224354596e-01 7.587128425148368382e-01
9.630313253912977656e-01 5.558037388443501925e-01
1.110573797467325541e+00 2.535828792521841457e-01
1.103388346940153530e+00 -2.800088039664902148e-02
1.010085419431703491e+00 -2.331728035817374478e-01
8.888497098919598827e-01 -3.627789069396734623e-01
7.699236130755551244e-01 -4.368654877172489792e-01
6.645844476287612324e-01 -4.747594892521149190e-01
5.750974749643034123e-01 -4.902723446387582396e-01
5.002742920642708757e-01 -4.923067367861677646e-01
4.379423330318643059e-01 -4.863867999252988739e-01
3.859002490807121877e-01 -4.759000874918503654e-01
3.422281548958597819e-01 -4.629209342442358044e-01
3.053463655972486479e-01 -4.487209455372234146e-01
2.739864820110455845e-01 -4.340789230573612878e-01
2.471392548501753772e-01 -4.194687066583772106e-01
2.240027354512393321e-01 -4.051738110525398562e-01
2.039379777696454232e-01 -3.913581246222016530e-01
1.864334304515468943e-01 -3.781100165471982244e-01
1.710770867205619050e-01 -3.654701631264691830e-01
1.575349576223191717e-01 -3.534492786894514738e-01
1.455344948684044459e-01 -3.420395065924617950e-01
1.348518157432447850e-01 -3.312217806225951078e-01
1.253018255212910437e-01 -3.209705970560460808e-01
1.167305437319901273e-01 -3.112571068062711666e-01
1.090091091718742855e-01 -3.020511088914819009e-01
1.020290681916277004e-01 -2.933223208414682537e-01
9.569864859831309079e-02 -2.850411712340436554e-01
8.993979467027536645e-02 -2.771792758329519324e-01
8.468579333237105655e-02 -2.697097044729303561e-01
7.987936223042139960e-02 -2.626071102298223048e-01
7.547110087310808513e-02 -2.558477688622547430e-01
7.141822885194941406e-02 -2.494095608080354742e-01
6.768355237681290826e-02 -2.432719174739544077e-01
6.423461342296377108e-02 -2.374157464350642732e-01
6.104298573812413919e-02 -2.318233453252832865e-01
5.808368958531889836e-02 -2.264783109086249968e-01
5.533470297527830900e-02 -2.213654475732903526e-01
5.277655169718259431e-02 -2.164706779567592831e-01
5.039196400564398270e-02 -2.117809573644713894e-01
4.816557860198265179e-02 -2.072841929351564583e-01
4.608369673704230257e-02 -2.029691680280606703e-01
4.413407099540203604e-02 -1.988254719895367340e-01
4.230572469885453962e-02 -1.948434352491904831e-01
4.058879696825187788e-02 -1.910140695646845577e-01
3.897440936693156305e-02 -1.873290131555155336e-01
3.745455076190806060e-02 -1.837804804229717925e-01
3.602197761646238477e-02 -1.803612159344379351e-01
3.467012739739885191e-02 -1.770644523471580634e-01
3.339304316373120640e-02 -1.738838719538588207e-01
3.218530771793323697e-02 -1.708135715463718618e-01
3.104198595956710049e-02 -1.678480303108789706e-01
2.995857429472905537e-02 -1.649820804878034952e-01
2.893095613179046816e-02 -1.622108805494356931e-01
2.795536264112968849e-02 -1.595298906683051410e-01
2.702833807936853155e-02 -1.569348502685594393e-01
2.614670908141923308e-02 -1.544217574708720564e-01
2.530755740993878219e-02 -1.519868502584926229e-01
2.450819572444580541e-02 -1.496265892079036430e-01
2.374614599370714757e-02 -1.473376416421278978e-01
2.301912022695270718e-02 -1.451168670780827730e-01
2.232500324358613342e-02 -1.429613038515424317e-01
2.166183723860735585e-02 -1.408681568143236584e-01
2.102780793300847509e-02 -1.388347860083291307e-01
2.042123212581926917e-02 -1.368586962301459042e-01
1.984054648798972559e-02 -1.349375274080853448e-01
1.928429745850491692e-02 -1.330690457209415256e-01
1.875113212053745523e-02 -1.312511353944120496e-01
1.823978995047288026e-02 -1.294817911171353975e-01
1.774909534564848151e-02 -1.277591110237190075e-01
1.727795084791996713e-02 -1.260812901970142230e-01
1.682533098996590384e-02 -1.244466146463012873e-01
1.639027669976437021e-02 -1.228534557220144069e-01
1.597189020611160248e-02 -1.213002649312227010e-01
1.556933039454777568e-02 -1.197855691213128293e-01
1.518180856874022308e-02 -1.183079660022385154e-01
1.480858457735954349e-02 -1.168661199803388284e-01
1.444896327086165819e-02 -1.154587582791091332e-01
1.410229125644069624e-02 -1.140846673244643589e-01
1.376795392281164425e-02 -1.127426893739856550e-01
1.344537270947646773e-02 -1.114317193714054050e-01
1.313400259777588314e-02 -1.101507020091900130e-01
1.283332980337195325e-02 -1.088986289835279925e-01
1.254286965188538931e-02 -1.076745364273517941e-01
1.226216462125595194e-02 -1.064775025082165399e-01
1.199078253603461791e-02 -1.053066451789475000e-01
1.172831490027661377e-02 -1.041611200699576328e-01
1.147437535700615574e-02 -1.030401185130363911e-01
1.122859826338593221e-02 -1.019428656872335831e-01
1.099063737176283334e-02 -1.008686188782073057e-01
1.076016460769106155e-02 -9.981666584308969414e-02
1.053686893686674869e-02 -9.878632327354729126e-02
1.032045531365485130e-02 -9.777693535028025851e-02
1.011064370456063802e-02 -9.678787238272820725e-02
9.907168180601043719e-03 -9.581852952822461633e-02
9.709776073074360622e-03 -9.486832558527921733e-02
9.518227187716159221e-03 -9.393670185606767253e-02
9.332293072670812262e-03 -9.302312107357357807e-02
9.151756336106658604e-03 -9.212706638916623447e-02
8.976410009663312456e-03 -9.124804041670440957e-02
8.806056954245754936e-03 -9.038556432954281128e-02
8.640509304975233645e-03 -8.953917700707690608e-02
8.479587952374894461e-03 -8.870843422770410824e-02
8.323122057111227712e-03 -8.789290790529977193e-02
8.170948595833022604e-03 -8.709218536651051890e-02
8.022911935850569540e-03 -8.630586866635581167e-02
7.878863436580450449e-03 -8.553357393980272338e-02
7.738661075847559113e-03 -8.477493078713785324e-02
7.602169099288067985e-03 -8.402958169111078568e-02
7.469257691235034469e-03 -8.329718146395734268e-02
7.339802665595194717e-03 -8.257739672254080232e-02
7.213685175340762805e-03 -8.186990538996430367e-02
7.090791439345746350e-03 -8.117439622211691796e-02
6.971012485393194777e-03 -8.049056835771731255e-02
6.854243908268167589e-03 -7.981813089051080501e-02
6.740385641932715964e-03 -7.915680246236392326e-02
6.629341744853490918e-03 -7.850631087607963521e-02
6.521020197621095471e-03 -7.786639272683176793e-02
6.415332712063342470e-03 -7.723679305118684446e-02
6.312194551112094466e-03 -7.661726499274526536e-02
6.211524358736842701e-03 -7.600756948349486619e-02
6.113243999307040738e-03 -7.540747494002524032e-02
6.017278405790295499e-03 -7.481675697380320289e-02
5.923555436235307045e-03 -7.423519811475907948e-02
5.832005738026598517e-03 -7.366258754747777304e-02
5.742562619433773906e-03 -7.309872085933188934e-02
5.655161928010570861e-03 -7.254339979993251752e-02
5.569741935429407126e-03 -7.199643205131144030e-02
5.486243228364977124e-03 -7.145763100828139702e-02
5.404608605066439642e-03 -7.092681556845450985e-02
5.324782977281759117e-03 -7.040380993142834887e-02
5.246713277219879068e-03 -6.988844340667771382e-02
5.170348369257145651e-03 -6.938055022971592600e-02
5.095638966113398040e-03 -6.887996938611458397e-02
5.022537549241003901e-03 -6.838654444299435697e-02
4.950998293186497506e-03 -6.790012338761923505e-02
4.880976993699873666e-03 -6.742055847274980307e-02
4.812430999380725230e-03 -6.694770606842696814e-02
4.745319146663794403e-03 -6.648142651987833107e-02
4.679601697958693692e-03 -6.602158401125451936e-02
4.615240282770107297e-03 -6.556804643491875861e-02
4.552197841635450583e-03 -6.512068526602847462e-02
4.490438572726952911e-03 -6.467937544216116608e-02
4.429927880974354401e-03 -6.424399524774997150e-02
4.370632329573184878e-03 -6.381442620310669167e-02
4.312519593751548697e-03 -6.339055295782171362e-02
4.255558416676072549e-03 -6.297226318834149572e-02
4.199718567384510756e-03 -6.255944749953379347e-02
4.144970800639331300e-03 -6.215199933006164412e-02
4.091286818602602772e-03 -6.174981486139496933e-02
4.038639234238384883e-03 -6.135279293029879955e-02
3.987001536354168978e-03 -6.096083494464387548e-02
3.936348056198012493e-03 -6.057384480239403485e-02
3.886653935532705887e-03 -6.019172881363141214e-02
3.837895096112832558e-03 -5.981439562548792471e-02
3.790048210494662787e-03 -5.944175614985760386e-02
3.743090674112796532e-03 -5.907372349377047749e-02
3.697000578561092897e-03 -5.871021289231481005e-02
3.651756686018864037e-03 -5.835114164399927278e-02
3.607338404766636305e-03 -5.799642904845317415e-02
3.563725765738640257e-03 -5.764599634636578124e-02
3.520899400062260307e-03 -5.729976666157269444e-02
3.478840517537136814e-03 -5.695766494519930584e-02
3.437530886009365107e-03 -5.661961792177776925e-02
3.396952811598387845e-03 -5.628555403725594292e-02
3.357089119736620959e-03 -5.595540340882211583e-02
3.317923136983761540e-03 -5.562909777647124382e-02
3.279438673579880212e-03 -5.530657045624354923e-02
3.241620006703167280e-03 -5.498775629506804513e-02
3.204451864399964888e-03 -5.467259162714734749e-02
3.167919410156459954e-03 -5.436101423182298359e-02
3.132008228082868925e-03 -5.405296329286276430e-02
3.096704308682500170e-03 -5.374837935911477849e-02
3.061994035179456310e-03 -5.344720430647487835e-02
3.027864170380042443e-03 -5.314938130111670350e-02
2.994301844044200411e-03 -5.285485476393592119e-02
2.961294540744471068e-03 -5.256357033616197716e-02
2.928830088191079761e-03 -5.227547484609314232e-02
2.896896646002817578e-03 -5.199051627691232691e-02
2.865482694904345796e-03 -5.170864373554270865e-02
2.834577026331541565e-03 -5.142980742250474746e-02
2.804168732427344147e-03 -5.115395860273673490e-02
2.774247196411419765e-03 -5.088104957734351785e-02
2.744802083307792701e-03 -5.061103365623915301e-02
2.715823331015279445e-03 -5.034386513165056698e-02
2.687301141706337649e-03 -5.007949925245092082e-02
2.659225973540596533e-03 -4.981789219929257106e-02
2.631588532679969821e-03 -4.955900106051070592e-02
2.604379765592868164e-03 -4.930278380876992883e-02
2.577590851635632070e-03 -4.904919927842744248e-02
2.551213195899799946e-03 -4.879820714358710371e-02
2.525238422314389584e-03 -4.854976789681984123e-02
2.499658366992877582e-03 -4.830384282852753092e-02
2.474465071814952333e-03 -4.806039400692690283e-02
2.449650778233688261e-03 -4.781938425863273973e-02
2.425207921299066087e-03 -4.758077714981891887e-02
2.401129123889303874e-03 -4.734453696793775729e-02
2.377407191141732001e-03 -4.711062870397820374e-02
2.354035105075404088e-03 -4.687901803524467670e-02
2.331006019397905641e-03 -4.664967130863872935e-02
2.308313254489191210e-03 -4.642255552442645095e-02
2.285950292555602274e-03 -4.619763832047538848e-02
2.263910772947468671e-03 -4.597488795694509162e-02
2.242188487634045983e-03 -4.575427330141621646e-02
2.220777376829747695e-03 -4.553576381444366522e-02
2.199671524765932796e-03 -4.531932953551960630e-02
2.178865155602737174e-03 -4.510494106943295500e-02
2.158352629475665703e-03 -4.489256957301240164e-02
2.138128438671896975e-03 -4.468218674224032350e-02
2.118187203931463838e-03 -4.447376479972563884e-02
2.098523670868652439e-03 -4.426727648252398728e-02
2.079132706509203166e-03 -4.406269503029416890e-02
2.060009295939011810e-03 -4.385999417377974691e-02
2.041148539060288168e-03 -4.365914812360582181e-02
2.022545647451223436e-03 -4.346013155938085321e-02
2.004195941325413299e-03 -4.326291961909380784e-02
1.986094846587443691e-03 -4.306748788879737749e-02
1.968237891981157190e-03 -4.287381239256836396e-02
1.950620706327309490e-03 -4.268186958273659237e-02
1.933239015847399139e-03 -4.249163633037398441e-02
1.916088641570628691e-03 -4.230308991603568686e-02
1.899165496821051497e-03 -4.211620802074562270e-02
1.882465584782094760e-03 -4.193096871721903318e-02
1.865984996135726425e-03 -4.174735046131444749e-02
1.849719906773676431e-03 -4.156533208370852966e-02
1.833666575578221441e-03 -4.138489278178689168e-02
1.817821342270091239e-03 -4.120601211174414885e-02
1.802180625321225154e-03 -4.102866998088737505e-02
1.786740919930135093e-03 -4.085284664013662942e-02
1.771498796057731058e-03 -4.067852267671653865e-02
1.756450896521581694e-03 -4.050567900703377910e-02
1.741593935146594756e-03 -4.033429686973437345e-02
1.726924694970250309e-03 -4.016435781893605561e-02
1.712440026500531556e-03 -3.999584371763018759e-02
1.698136846024803429e-03 -3.982873673124850272e-02
1.684012133967943432e-03 -3.966301932138997788e-02
1.670062933298084801e-03 -3.949867423970285230e-02
1.656286347978405075e-03 -3.933568452191772008e-02
1.642679541463452821e-03 -3.917403348202722763e-02
1.629239735238537361e-03 -3.901370470660806694e-02
1.615964207400795438e-03 -3.885468204928140684e-02
1.602850291280568740e-03 -3.869694962530774440e-02
1.589895374101798608e-03 -3.854049180631249905e-02
1.577096895680172445e-03 -3.838529321513848430e-02
1.564452347157810558e-03 -3.823133872082184331e-02
1.551959269773338975e-03 -3.807861343368807577e-02
1.539615253666201363e-03 -3.792710270056463828e-02
1.527417936714145583e-03 -3.777679210010705807e-02
1.515365003402818897e-03 -3.762766743823538207e-02
1.503454183726478247e-03 -3.747971474367787353e-02
1.491683252118825541e-03 -3.733292026361912513e-02
1.480050026413040707e-03 -3.718727045944975051e-02
1.468552366830094217e-03 -3.704275200261474693e-02
1.457188174994479730e-03 -3.689935177055808646e-02
1.445955392976494298e-03 -3.675705684276081575e-02
1.434852002360278338e-03 -3.661585449687012467e-02
1.423876023336811351e-03 -3.647573220491709400e-02
1.413025513821101814e-03 -3.633667762962065895e-02
1.402298568592850493e-03 -3.619867862077551929e-02
1.391693318459848606e-03 -3.606172321172172734e-02
1.381207929443469852e-03 -3.592579961589414256e-02
1.370840601985533159e-03 -3.579089622344889393e-02
1.360589570175966710e-03 -3.565700159796601765e-02
1.350453101000582187e-03 -3.552410447322487674e-02
1.340429493608424503e-03 -3.539219375005186324e-02
1.330517078598064283e-03 -3.526125849323737127e-02
1.320714217322321773e-03 -3.513128792852109050e-02
1.311019301210844101e-03 -3.500227143964331628e-02
1.301430751110035618e-03 -3.487419856546101343e-02
1.291947016639822437e-03 -3.474705899712651064e-02
1.282566575566776923e-03 -3.462084257532786757e-02
1.273287933193102120e-03 -3.449553928758857663e-02
1.264109621761057159e-03 -3.437113926562596761e-02
1.255030199872343363e-03 -3.424763278276608813e-02
1.246048251922037952e-03 -3.412501025141406741e-02
1.237162387546672905e-03 -3.400326222057858949e-02
1.228371241086028114e-03 -3.388237937344883849e-02
1.219673471058273879e-03 -3.376235252502290257e-02
1.211067759648083069e-03 -3.364317261978636009e-02
1.202552812207330433e-03 -3.352483072943957670e-02
1.194127356768049904e-03 -3.340731805067272131e-02
1.185790143567288417e-03 -3.329062590298736274e-02
1.177539944583544428e-03 -3.317474572656341214e-02
1.169375553084442670e-03 -3.305966908017024530e-02
1.161295783185365207e-03 -3.294538763912122775e-02
1.153299469418708756e-03 -3.283189319327022709e-02
1.145385466313502852e-03 -3.271917764504943260e-02
1.137552647985084001e-03 -3.260723300754726772e-02
1.129799907734554748e-03 -3.249605140262553510e-02
1.122126157657785030e-03 -3.238562505907494060e-02
1.114530328263658304e-03 -3.227594631080789311e-02
1.107011368101349725e-03 -3.216700759508787921e-02
1.099568243396363163e-03 -3.205880145079442745e-02
1.092199937695126051e-03 -3.195132051672307932e-02
1.084905451517868607e-03 -3.184455752991902783e-02
1.077683802019617021e-03 -3.173850532404430547e-02
1.070534022659041682e-03 -3.163315682777723820e-02
1.063455162874980906e-03 -3.152850506324360313e-02
1.056446287770425709e-03 -3.142454314447884478e-02
1.049506477803769169e-03 -3.132126427592041296e-02
1.042634828487137583e-03 -3.121866175092980616e-02
1.035830450091610204e-03 -3.111672895034340441e-02
1.029092467359153011e-03 -3.101545934105155722e-02
1.022420019221089143e-03 -3.091484647460530921e-02
1.015812258522943339e-03 -3.081488398585001745e-02
1.009268351755485864e-03 -3.071556559158546487e-02
1.002787478791827575e-03 -3.061688508925156094e-02
9.963688326304041571e-04 -3.051883635563941780e-02
9.900116191436966577e-04 -3.042141334562695892e-02
9.837150568325569132e-04 -3.032461009093863694e-02
9.774783765859735001e-04 -3.022842069892870201e-02
9.713008214461633970e-04 -3.013283935138756295e-02
9.651816463788355071e-04 -3.003786030337056087e-02
9.591201180485132852e-04 -2.994347788204892308e-02
9.531155145987730290e-04 -2.984968648558211299e-02
9.471671254372899564e-04 -2.975648058201134372e-02
9.412742510255642410e-04 -2.966385470817381118e-02
9.354362026732092631e-04 -2.957180346863683834e-02
9.296523023366986410e-04 -2.948032153465205904e-02
9.239218824224482282e-04 -2.938940364312870451e-02
9.182442855941434128e-04 -2.929904459562591296e-02
9.126188645841892041e-04 -2.920923925736346183e-02
9.070449820091998393e-04 -2.911998255625062801e-02
9.015220101894137446e-04 -2.903126948193280460e-02
8.960493309719522095e-04 -2.894309508485535046e-02
8.906263355578195344e-04 -2.885545447534456839e-02
8.852524243325575904e-04 -2.876834282270514589e-02
8.799270067004682713e-04 -2.868175535433396817e-02
8.746495009223122230e-04 -2.859568735484981084e-02
8.694193339564120762e-04 -2.851013416523862087e-02
8.642359413030635800e-04 -2.842509118201411167e-02
8.590987668521927285e-04 -2.834055385639324201e-02
8.540072627341666143e-04 -2.825651769348642289e-02
8.489608891736928490e-04 -2.817297825150192822e-02
8.439591143467342583e-04 -2.808993114096453372e-02
8.390014142403633916e-04 -2.800737202394774916e-02
8.340872725154892990e-04 -2.792529661331958485e-02
8.292161803723978146e-04 -2.784370067200161308e-02
8.243876364190191484e-04 -2.776258001224068961e-02
8.196011465418902645e-04 -2.768193049489371324e-02
8.148562237797166326e-04 -2.760174802872446959e-02
8.101523881994982272e-04 -2.752202856971283640e-02
8.054891667751495161e-04 -2.744276812037581628e-02
8.008660932685567361e-04 -2.736396272910028918e-02
7.962827081130184614e-04 -2.728560848948717241e-02
7.917385582990160145e-04 -2.720770153970683211e-02
7.872331972622575568e-04 -2.713023806186545817e-02
7.827661847739488064e-04 -2.705321428138225334e-02
7.783370868332320502e-04 -2.697662646637711062e-02
7.739454755617543140e-04 -2.690047092706873005e-02
7.695909291003124285e-04 -2.682474401518283522e-02
7.652730315075224107e-04 -2.674944212337034694e-02
7.609913726604811742e-04 -2.667456168463533395e-02
7.567455481573610475e-04 -2.660009917177249064e-02
7.525351592219069576e-04 -2.652605109681404477e-02
7.483598126097844565e-04 -2.645241401048578980e-02
7.442191205167453033e-04 -2.637918450167223150e-02
7.401127004885656082e-04 -2.630635919689055038e-02
7.360401753327139307e-04 -2.623393475977310596e-02
7.320011730317267781e-04 -2.616190789055872906e-02
7.279953266582305741e-04 -2.609027532559205290e-02
7.240222742915989294e-04 -2.601903383683128526e-02
7.200816589361900286e-04 -2.594818023136384946e-02
7.161731284411398469e-04 -2.587771135092995639e-02
7.122963354216765028e-04 -2.580762407145393081e-02
7.084509371819202933e-04 -2.573791530258310797e-02
7.046365956391372094e-04 -2.566858198723413059e-02
7.008529772494207812e-04 -2.559962110114663222e-02
6.970997529347618083e-04 -2.553102965244397407e-02
6.933765980114852713e-04 -2.546280468120111842e-02
6.896831921200198339e-04 -2.539494325901935079e-02
6.860192191559735938e-04 -2.532744248860777786e-02
6.823843672024902749e-04 -2.526029950337148333e-02
6.787783284638516023e-04 -2.519351146700617161e-02
6.752007992003125235e-04 -2.512707557309930284e-02
6.716514796641265576e-04 -2.506098904473740355e-02
6.681300740367528178e-04 -2.499524913411960841e-02
6.646362903672083837e-04 -2.492985312217729441e-02
6.611698405115465100e-04 -2.486479831819956784e-02
6.577304400734370346e-04 -2.480008205946464261e-02
6.543178083458300138e-04 -2.473570171087702621e-02
6.509316682536678885e-04 -2.467165466461016324e-02
6.475717462976407620e-04 -2.460793833975478961e-02
6.442377724989506362e-04 -2.454455018197256727e-02
6.409294803450705114e-04 -2.448148766315517630e-02
6.376466067364750401e-04 -2.441874828108850717e-02
6.343888919343233269e-04 -2.435632955912212308e-02
6.311560795090783707e-04 -2.429422904584372517e-02
6.279479162900359355e-04 -2.423244431475853403e-02
6.247641523157519000e-04 -2.417097296397360123e-02
6.216045407853475939e-04 -2.410981261588687058e-02
6.184688380106731715e-04 -2.404896091688100632e-02
6.153568033693148200e-04 -2.398841553702173168e-02
6.122681992584275883e-04 -2.392817416976081649e-02
6.092027910493769214e-04 -2.386823453164345701e-02
6.061603470431723133e-04 -2.380859436202002397e-02
6.031406384266806099e-04 -2.374925142276223047e-02
6.001434392295986863e-04 -2.369020349798334549e-02
5.971685262821732490e-04 -2.363144839376273704e-02
5.942156791736520399e-04 -2.357298393787437066e-02
5.912846802114547339e-04 -2.351480797951944687e-02
5.883753143810441233e-04 -2.345691838906285159e-02
5.854873693064891306e-04 -2.339931305777359291e-02
5.826206352116999193e-04 -2.334198989756895715e-02
5.797749048823317396e-04 -2.328494684076250557e-02
5.769499736283342003e-04 -2.322818183981569320e-02
5.741456392471376178e-04 -2.317169286709310633e-02
5.713617019874663592e-04 -2.311547791462125606e-02
5.685979645137645422e-04 -2.305953499385095251e-02
5.658542318712208663e-04 -2.300386213542296443e-02
5.631303114513836828e-04 -2.294845738893721079e-02
5.604260129583568716e-04 -2.289331882272519977e-02
5.577411483755558182e-04 -2.283844452362570124e-02
5.550755319330281500e-04 -2.278383259676376379e-02
5.524289800753120214e-04 -2.272948116533273291e-02
5.498013114298358484e-04 -2.267538837037950603e-02
5.471923467758372682e-04 -2.262155237059275403e-02
5.446019090138030580e-04 -2.256797134209422712e-02
5.420298231354082202e-04 -2.251464347823290552e-02
5.394759161939561860e-04 -2.246156698938221383e-02
5.369400172753017054e-04 -2.240874010273995187e-02
5.344219574692541481e-04 -2.235616106213111909e-02
5.319215698414440831e-04 -2.230382812781343815e-02
5.294386894056566078e-04 -2.225173957628572702e-02
5.269731530966089827e-04 -2.219989370009874119e-02
5.245247997431771265e-04 -2.214828880766892341e-02
5.220934700420490696e-04 -2.209692322309444665e-02
5.196790065318129554e-04 -2.204579528597404997e-02
5.172812535674580154e-04 -2.199490335122825102e-02
5.149000572952877565e-04 -2.194424578892303912e-02
5.125352656282377737e-04 -2.189382098409605945e-02
5.101867282215888626e-04 -2.184362733658513564e-02
5.078542964490659990e-04 -2.179366326085908218e-02
5.055378233793245959e-04 -2.174392718585101483e-02
5.032371637528053896e-04 -2.169441755479371847e-02
5.009521739589618567e-04 -2.164513282505741570e-02
4.986827120138457442e-04 -2.159607146798966926e-02
4.964286375380485422e-04 -2.154723196875745969e-02
4.941898117349902272e-04 -2.149861282619140376e-02
4.919660973695510467e-04 -2.145021255263206833e-02
4.897573587470403821e-04 -2.140202967377841797e-02
4.875634616924915776e-04 -2.135406272853818815e-02
4.853842735302824627e-04 -2.130631026888031229e-02
4.832196630640769614e-04 -2.125877085968937152e-02
4.810695005570739106e-04 -2.121144307862191797e-02
4.789336577125673689e-04 -2.116432551596476169e-02
4.768120076548051358e-04 -2.111741677449505139e-02
4.747044249101449388e-04 -2.107071546934235345e-02
4.726107853885024869e-04 -2.102422022785243802e-02
4.705309663650824475e-04 -2.097792968945290035e-02
4.684648464623931583e-04 -2.093184250552054121e-02
4.664123056325355891e-04 -2.088595733925054793e-02
4.643732251397630819e-04 -2.084027286552726788e-02
4.623474875433091608e-04 -2.079478777079682081e-02
4.603349766804748998e-04 -2.074950075294126894e-02
4.583355776499742763e-04 -2.070441052115443506e-02
4.563491767955330652e-04 -2.065951579581942060e-02
4.543756616897342811e-04 -2.061481530838757750e-02
4.524149211181088120e-04 -2.057030780125916614e-02
4.504668450634658253e-04 -2.052599202766548780e-02
4.485313246904583905e-04 -2.048186675155257153e-02
4.466082523303809048e-04 -2.043793074746633187e-02
4.446975214661939846e-04 -2.039418280043917703e-02
4.427990267177734610e-04 -2.035062170587814342e-02
4.409126638273791433e-04 -2.030724626945440772e-02
4.390383296453412364e-04 -2.026405530699421087e-02
4.371759221159553037e-04 -2.022104764437115954e-02
4.353253402635909276e-04 -2.017822211739992572e-02
4.334864841790027346e-04 -2.013557757173127516e-02
4.316592550058454144e-04 -2.009311286274842456e-02
4.298435549273844913e-04 -2.005082685546470678e-02
4.280392871534063177e-04 -2.000871842442254050e-02
4.262463559073152546e-04 -1.996678645359360044e-02
4.244646664134243833e-04 -1.992502983628036475e-02
4.226941248844282538e-04 -1.988344747501876245e-02
4.209346385090598935e-04 -1.984203828148212861e-02
4.191861154399266552e-04 -1.980080117638629775e-02
4.174484647815223564e-04 -1.975973508939592518e-02
4.157215965784147337e-04 -1.971883895903192921e-02
4.140054218036005700e-04 -1.967811173258010235e-02
4.122998523470314193e-04 -1.963755236600085025e-02
4.106048010043028855e-04 -1.959715982384003727e-02
4.089201814655078846e-04 -1.955693307914092849e-02
4.072459083042477145e-04 -1.951687111335724187e-02
4.055818969668009287e-04 -1.947697291626718230e-02
4.039280637614484450e-04 -1.943723748588864833e-02
4.022843258479478937e-04 -1.939766382839536521e-02
4.006506012271605129e-04 -1.935825095803412124e-02
3.990268087308224067e-04 -1.931899789704294435e-02
3.974128680114633614e-04 -1.927990367557032292e-02
3.958086995324649289e-04 -1.924096733159535652e-02
3.942142245582624916e-04 -1.920218791084893004e-02
3.926293651446813348e-04 -1.916356446673577255e-02
3.910540441294117677e-04 -1.912509606025751541e-02
3.894881851226156505e-04 -1.908678175993663503e-02
3.879317124976647052e-04 -1.904862064174132549e-02
3.863845513820086063e-04 -1.901061178901122112e-02
3.848466276481697602e-04 -1.897275429238412525e-02
3.833178679048649903e-04 -1.893504724972347106e-02
3.817981994882462676e-04 -1.889748976604672254e-02
3.802875504532679681e-04 -1.886008095345462557e-02
3.787858495651707895e-04 -1.882281993106129162e-02
3.772930262910805942e-04 -1.878570582492502389e-02
3.758090107917305255e-04 -1.874873776798017741e-02
3.743337339132867740e-04 -1.871191489996951174e-02
3.728671271792954487e-04 -1.867523636737763656e-02
3.714091227827348335e-04 -1.863870132336504712e-02
3.699596535781756292e-04 -1.860230892770296796e-02
