npts 513 dfreq 1.000000000000000021e-02
0.000000000000000000e+00 0.000000000000000000e+00
-4.252834792656860992e-08 -1.549343314252072909e-06
-6.801331058768564248e-07 -1.237948708468952036e-05
-3.440471260398330228e-06 -4.169499396051119865e-05
-1.086163868867455423e-05 -9.854822763919154666e-05
-2.648019975403634102e-05 -1.917639438965760125e-04
-5.481448503304301351e-05 -3.298647070175373145e-04
-1.013432130060711099e-04 -5.209974014536622369e-04
-1.724795068426572672e-04 -7.728611040596267048e-04
-2.755403922339618979e-04 -1.092636576757982430e-03
-4.187118764738073737e-04 -1.486917633012528606e-03
-6.110097225802440428e-04 -1.961644624123180022e-03
-8.622360451032753384e-04 -2.522040283169582967e-03
-1.182931866312570855e-03 -3.172548155514873843e-03
-1.584325782643311847e-03 -3.916773835230402331e-03
-2.078278901551774884e-03 -4.757429216719179579e-03
-2.677226218259854632e-03 -5.696279960307736381e-03
-3.394114610226947690e-03 -6.734096359754037503e-03
-4.242337634569549355e-03 -7.870607788597735674e-03
-5.235667320057705437e-03 -9.104460891173029452e-03
-6.388183150771299494e-03 -1.043318167302935071e-02
-7.714198443030615901e-03 -1.185314163457438889e-02
-9.228184320870195384e-03 -1.335952808107777195e-02
-1.094469149816354285e-02 -1.494631873185827894e-02
-1.287827007760183710e-02 -1.660626074162193516e-02
-1.504338757816950020e-02 -1.833085423761472363e-02
-1.745434540364373607e-02 -2.011034046758538099e-02
-2.012519396508477207e-02 -2.193369464559190296e-02
-2.306964667040279846e-02 -2.378862357549062223e-02
-2.630099299402054863e-02 -2.566156812556533509e-02
-2.983201083953992971e-02 -2.753771062221656643e-02
-3.367487840831923790e-02 -2.940098722595226727e-02
-3.784108578713518689e-02 -3.123410534909848088e-02
-4.234134646880215874e-02 -3.301856617165675745e-02
-4.718550902092393667e-02 -3.473469230953292464e-02
-5.238246912002693378e-02 -3.636166068788098532e-02
-5.794008217134367922e-02 -3.787754067145823050e-02
-6.386507673864827428e-02 -3.925933750355770774e-02
-7.016296901395918661e-02 -4.048304110513296916e-02
-7.683797856377397317e-02 -4.152368028598762278e-02
-8.389294559693596942e-02 -4.235538242017680699e-02
-9.132925000938681148e-02 -4.295143863783126847e-02
-9.914673247304769954e-02 -4.328437458521657011e-02
-1.073436178499943272e-01 -4.332602680369721654e-02
-1.159164412290097784e-01 -4.304762477607224774e-02
-1.248599768995612286e-01 -4.241987868514870280e-02
-1.341671705982475371e-01 -4.141307292405057433e-02
-1.438290753847706882e-01 -3.999716539022558914e-02
-1.538347915284044576e-01 -3.814189258499870588e-02
-1.641714108116336113e-01 -3.581688052737868472e-02
-1.748239656849080448e-01 -3.299176147421024191e-02
-1.857753837350417658e-01 -2.963629641819817695e-02
-1.970064479593322260e-01 -2.572050331035335285e-02
-2.084957633675728339e-01 -2.121479092354773208e-02
-2.202197304642660725e-01 -1.609009823866850569e-02
-2.321525261929173745e-01 -1.031803919390138213e-02
-2.442660929526102587e-01 -3.871052590557902753e-03
-2.565301363233365994e-01 3.277443104740600851e-03
-2.689121321598799685e-01 1.115289038207223186e-02
-2.813773437334410876e-01 1.977942912225928371e-02
-2.938888496145527496e-01 2.917972930509296972e-02
-3.064075829989739708e-01 3.937482053512512958e-02
-3.188923831789143848e-01 5.038391901638836906e-02
-3.313000598537952923e-01 6.222425270172601830e-02
-3.435854709564093445e-01 7.491088544248034053e-02
-3.557016146404040069e-01 8.845654106930535276e-02
-3.675997360320722995e-01 1.028714284437737964e-01
-3.792294492921287619e-01 1.181630686319284917e-01
-3.905388754602033829e-01 1.343361254633993751e-01
-4.014747964650161594e-01 1.513922408512777817e-01
-4.119828255756647906e-01 1.693298763564786147e-01
-4.220075944433608894e-01 1.881441625833367437e-01
-4.314929567378889552e-01 2.078267580880136800e-01
-4.403822082188936782e-01 2.283657195649431981e-01
-4.486183228991485472e-01 2.497453851458679430e-01
-4.561442047560478330e-01 2.719462726977338596e-01
-4.629029542299568645e-01 2.949449950363606243e-01
-4.688381485157186446e-01 3.187141939790558154e-01
-4.738941344090268903e-01 3.432224951378231581e-01
-4.780163322157367500e-01 3.684344853024324462e-01
-4.811515489732616224e-01 3.943107141765591073e-01
-4.832482989734949719e-01 4.208077221080738228e-01
-4.842571293211937467e-01 4.478780952945922711e-01
-4.841309480160456702e-01 4.754705497464425390e-01
-4.828253518167357483e-01 5.035300450510045156e-01
-4.802989509374960275e-01 5.319979287056079142e-01
-4.765136874484033891e-01 5.608121114724669010e-01
-4.714351441064910109e-01 5.899072738613986289e-01
-4.650328402418694718e-01 6.192151034681764310e-01
-4.572805112673032912e-01 6.486645624935210019e-01
-4.481563683762764816e-01 6.781821843461699473e-01
-4.376433350478090567e-01 7.076923978004853177e-01
-4.257292570893602135e-01 7.371178767429622525e-01
-4.124070831240342905e-01 7.663799131117292607e-01
-3.976750126654261530e-01 7.953988102182679709e-01
-3.815366092216847527e-01 8.240942932509505159e-01
-3.640008762269222875e-01 8.523859334053597303e-01
-3.450822940084232737e-01 8.801935817763273384e-01
-3.248008164560047262e-01 9.074378088899214267e-01
-3.031818265575823568e-01 9.340403455582715342e-01
-2.802560504932831154e-01 9.599245206126905128e-01
-2.560594305289763950e-01 9.850156910161612656e-01
-2.306329575075311555e-01 1.009241659878303388e+00
-2.040224642906321717e-01 1.032533077995741344e+00
-1.762783820434881132e-01 1.054823824717860958e+00
-1.474554617673387302e-01 1.076051364189502868e+00
-1.176124639589542359e-01 1.096157073343540844e+00
-8.681181970182444418e-02 1.115086538401008687e+00
-5.511926686132567060e-02 1.132789817076065519e+00
-2.260346535808650803e-02 1.149221664168107893e+00
1.066440427576626632e-02 1.164341718742741838e+00
4.461105469776082549e-02 1.178114651645667088e+00
7.916151347623236190e-02 1.190510272646749357e+00
1.142395482935335826e-01 1.201503597063674933e+00
1.497680912679092147e-01 1.211074872253997015e+00
1.856696581761740072e-01 1.219209564880141761e+00
2.218667585702915612e-01 1.225898310334153418e+00
2.582822930501997294e-01 1.231136826148995445e+00
2.948399342745248730e-01 1.234925791613912471e+00
3.314644886512406741e-01 1.237270696147181992e+00
3.680822360421461270e-01 1.238181659256622602e+00
4.046212452286909733e-01 1.237673225134363619e+00
4.410116633123892238e-01 1.235764135087001669e+00
4.771859776516624851e-01 1.232477081096412297e+00
5.130792493597764459e-01 1.227838443842461436e+00
5.486293177977434876e-01 1.221878018500309970e+00
5.837769758848185830e-01 1.214628731556386843e+00
6.184661164117192245e-01 1.206126351773856076e+00
6.526438498732504145e-01 1.196409198286361386e+00
6.862605946341797658e-01 1.185517848614204617e+00
7.192701405024559680e-01 1.173494849186355715e+00
7.516296870059909763e-01 1.160384430720987403e+00
7.832998578527964328e-01 1.146232230572787891e+00
8.142446931998437165e-01 1.131085023902806075e+00
8.444316214648627250e-01 1.114990465271346709e+00
8.738314124894119850e-01 1.097996842001204509e+00
9.024181139032909638e-01 1.080152840411457316e+00
9.301689725526105512e-01 1.061507325784707190e+00
9.570643428396831132e-01 1.042109136705889449e+00
9.830875837855390653e-01 1.022006894201019422e+00
1.008224946568682778e+00 1.001248825911008833e+00
1.032465454219898549e+00 9.798826053603387765e-01
1.055800775065694364e+00 9.579552062234376608e-01
1.078225091415349279e+00 9.355127713533547551e-01
1.099734964881265098e+00 9.126004962176073043e-01
1.120329199612054127e+00 8.892625262843631972e-01
1.140008704604756673e+00 8.655418678177180247e-01
1.158776356148842890e+00 8.414803114727077427e-01
1.176636861341987528e+00 8.171183680278120143e-01
1.193596623507434451e+00 7.924952155537760001e-01
1.209663610236438647e+00 7.676486572913360229e-01
1.224847224677644064e+00 7.426150894955442228e-01
1.239158180599191139e+00 7.174294784995568497e-01
1.252608381659365611e+00 6.921253462546225199e-01
1.265210805238069725e+00 6.667347636144438372e-01
1.276979391104540618e+00 6.412883506497560893e-01
1.287928935126682051e+00 6.158152833019518990e-01
1.298074988163964383e+00 5.903433057116740379e-01
1.307433760229104847e+00 5.648987475887348175e-01
1.316022029953252792e+00 5.395065460225619836e-01
1.323857059345121101e+00 5.141902711668996373e-01
1.330956513795883422e+00 4.889721552680798555e-01
1.337338387248493632e+00 4.638731245422278993e-01
1.343020932421931990e+00 4.389128334427840339e-01
1.348022595957347969e+00 4.141097008953438796e-01
1.352361958333802239e+00 3.894809481116406902e-01
1.356057678385846899e+00 3.650426376282754348e-01
1.359128442243246804e+00 3.408097132483253744e-01
1.361592916504241080e+00 3.167960405950410729e-01
1.363469705447637459e+00 2.930144480163540122e-01
1.364777312085332150e+00 2.694767676068036688e-01
1.365534102855246790e+00 2.461938761396557929e-01
1.365758275754909157e+00 2.231757357264522457e-01
1.365467831717693814e+00 2.004314340439773690e-01
1.364680549036859647e+00 1.779692239896772388e-01
1.363413960646706169e+00 1.557965626459555386e-01
1.361685334075319664e+00 1.339201494515901425e-01
1.359511653889175609e+00 1.123459634947462510e-01
1.356909606456310646e+00 9.107929985687354679e-02
1.353895566861571531e+00 7.012480495016404358e-02
1.350485587814630239e+00 4.948651080332473057e-02
1.346695390398754411e+00 2.916786826128142315e-02
1.342540356515810496e+00 9.171779074108675489e-03
1.338035522890424378e+00 -1.049937314086641683e-02
1.333195576503682700e+00 -2.984369307223713047e-02
1.328034851334111366e+00 -4.885974502467563263e-02
1.322567326290846834e+00 -6.754652536191448065e-02
1.316806624230983269e+00 -8.590343607330054587e-02
1.310766011959869637e+00 -1.039302594502310856e-01
1.304458401119735322e+00 -1.216271338550494463e-01
1.297896349878343791e+00 -1.389945305617769078e-01
1.291092065335477823e+00 -1.560332316453849899e-01
1.284057406570817239e+00 -1.727443088941382210e-01
1.276803888262338260e+00 -1.891291037177340872e-01
1.269342684809589672e+00 -2.051892080225967974e-01
1.261684634901158120e+00 -2.209264460245951023e-01
1.253840246470357744e+00 -2.363428569686910341e-01
1.245819701987579187e+00 -2.514406787245301311e-01
1.237632864041913194e+00 -2.662223322266801806e-01
1.229289281168556514e+00 -2.806904067281665860e-01
1.220798193882180804e+00 -2.948476458360363428e-01
1.212168540879865253e+00 -3.086969342979252184e-01
1.203408965380385665e+00 -3.222412855089766270e-01
1.194527821569647319e+00 -3.354838297089369759e-01
1.185533181124802216e+00 -3.484278028398237748e-01
1.176432839792186158e+00 -3.610765360352082842e-01
1.167234323996596324e+00 -3.734334457128625218e-01
1.157944897461639533e+00 -3.855020242432786182e-01
1.148571567822939787e+00 -3.972858311673588272e-01
1.139121093217886793e+00 -4.087884849374069374e-01
1.129599988837348912e+00 -4.200136551563920517e-01
1.120014533426381798e+00 -4.309650552913097399e-01
1.110370775722466785e+00 -4.416464358373465848e-01
1.100674540821131364e+00 -4.520615779103951959e-01
1.090931436460108594e+00 -4.622142872463546048e-01
1.081146859214274780e+00 -4.721083885864844065e-01
1.071326000594714944e+00 -4.817477204289435933e-01
1.061473853046155824e+00 -4.911361301274548286e-01
1.051595215837944020e+00 -5.002774693188647426e-01
1.041694700844478794e+00 -5.091755896621499300e-01
1.031776738211782396e+00 -5.178343388722085328e-01
1.021845581907513179e+00 -5.262575570325102037e-01
1.011905315152326068e+00 -5.344490731714236498e-01
1.001959855731040294e+00 -5.424127020877426153e-01
9.920129611825219129e-01 -5.501522414116031268e-01
9.820682338676651746e-01 -5.576714688876645010e-01
9.721291259152115005e-01 -5.649741398680454552e-01
9.621989440455169795e-01 -5.720639850031212781e-01
9.522808542726831638e-01 -5.789447081188803246e-01
9.423778864857418336e-01 -5.856199842700942071e-01
9.324929389098375321e-01 -5.920934579591070612e-01
9.226287824485535083e-01 -5.983687415105494178e-01
9.127880649087450893e-01 -6.044494135928019096e-01
9.029733151093713994e-01 -6.103390178774819042e-01
8.931869468760028630e-01 -6.160410618287006645e-01
8.834312629227701885e-01 -6.215590156142537515e-01
8.737084586236514294e-01 -6.268963111313337055e-01
8.640206256750699865e-01 -6.320563411397357445e-01
8.543697556518536906e-01 -6.370424584959066827e-01
8.447577434586718281e-01 -6.418579754815481042e-01
8.351863906791016090e-01 -6.465061632208103370e-01
8.256574088245306475e-01 -6.509902511804580572e-01
8.161724224851135689e-01 -6.553134267476711239e-01
8.067329723850302781e-01 -6.594788348804559996e-01
7.973405183442956456e-01 -6.634895778259090049e-01
7.879964421493810267e-01 -6.673487149018386688e-01
7.787020503348941469e-01 -6.710592623375075672e-01
7.694585768785716651e-01 -6.746241931694842986e-01
7.602671858118024151e-01 -6.780464371888282882e-01
7.511289737479002193e-01 -6.813288809360372733e-01
7.420449723303143008e-01 -6.844743677403952731e-01
7.330161506029332363e-01 -6.874856978005475794e-01
7.240434173046247368e-01 -6.903656283033069441e-01
7.151276230901074671e-01 -6.931168735778749923e-01
7.062695626792226955e-01 -6.957421052828236530e-01
6.974699769366422553e-01 -6.982439526233265026e-01
6.887295548840026704e-01 -7.006250025962916794e-01
6.800489356464253232e-01 -7.028878002611727016e-01
6.714287103353383523e-01 -7.050348490343700814e-01
6.628694238694778917e-01 -7.070686110052635254e-01
6.543715767359005175e-01 -7.089915072720192057e-01
6.459356266928059087e-01 -7.108059182954468147e-01
6.375619904159193219e-01 -7.125141842692637173e-01
6.292510450901402930e-01 -7.141186055052390902e-01
6.210031299481343359e-01 -7.156214428317788645e-01
6.128185477574878970e-01 -7.170249180045967785e-01
6.046975662580136301e-01 -7.183312141282045538e-01
5.966404195507494235e-01 -7.195424760870350323e-01
5.886473094401553086e-01 -7.206608109850781707e-01
5.807184067309700826e-01 -7.216882885929921665e-01
5.728538524811505050e-01 -7.226269418017050583e-01
5.650537592122750752e-01 -7.234787670815956417e-01
5.573182120787636418e-01 -7.242457249463968294e-01
5.496472699972070330e-01 -7.249297404210197637e-01
5.420409667370909013e-01 -7.255327035125519464e-01
5.344993119741359155e-01 -7.260564696837304988e-01
5.270222923074556753e-01 -7.265028603282402964e-01
5.196098722416928606e-01 -7.268736632472292403e-01
5.122619951352636036e-01 -7.271706331264772283e-01
5.049785841157968802e-01 -7.273954920136856961e-01
4.977595429638406732e-01 -7.275499297954117761e-01
4.906047569658523178e-01 -7.276356046731791150e-01
4.835140937374806658e-01 -7.276541436383523465e-01
4.764874040180974712e-01 -7.276071429453818684e-01
4.695245224375269588e-01 -7.274961685830607649e-01
4.626252682558688045e-01 -7.273227567434550345e-01
4.557894460773076473e-01 -7.270884142882042545e-01
4.490168465387512908e-01 -7.267946192119053572e-01
4.423072469741333723e-01 -7.264428211023244986e-01
4.356604120551713644e-01 -7.260344415971889953e-01
4.290760944093626184e-01 -7.255708748373493888e-01
4.225540352159656288e-01 -7.250534879161070201e-01
4.160939647806954356e-01 -7.244836213245265943e-01
4.096956030898312173e-01 -7.238625893925666466e-01
4.033586603444261343e-01 -7.231916807258830238e-01
3.970828374752729539e-01 -7.224721586381662730e-01
3.908678266392654477e-01 -7.217052615788938086e-01
3.847133116977733414e-01 -7.208922035563908315e-01
3.786189686776305630e-01 -7.200341745561039675e-01
3.725844662153128817e-01 -7.191323409540006928e-01
3.666094659848675996e-01 -7.181878459250262692e-01
3.606936231101363077e-01 -7.172018098465525737e-01
3.548365865617963966e-01 -7.161753306967638677e-01
3.490379995397260293e-01 -7.151094844479389812e-01
3.432974998411856271e-01 -7.140053254545862815e-01
3.376147202152947613e-01 -7.128638868364119974e-01
3.319892887042548146e-01 -7.116861808560895897e-01
3.264208289717724365e-01 -7.104731992918241756e-01
3.209089606191059540e-01 -7.092259138046962397e-01
3.154532994891568465e-01 -7.079452763007871852e-01
3.100534579590043527e-01 -7.066322192880849506e-01
3.047090452212754541e-01 -7.052876562281780171e-01
2.994196675547277087e-01 -7.039124818827529051e-01
2.941849285844038153e-01 -7.025075726549065980e-01
2.890044295317185652e-01 -7.010737869252962051e-01
2.838777694548124120e-01 -6.996119653831546215e-01
2.788045454795050060e-01 -6.981229313521899460e-01
2.737843530211654386e-01 -6.966074911114084056e-01
2.688167859978102259e-01 -6.950664342108899829e-01
2.639014370347238514e-01 -6.935005337825528304e-01
2.590378976608946338e-01 -6.919105468459467723e-01
2.542257584975408657e-01 -6.902972146091170824e-01
2.494646094390007285e-01 -6.886612627645770646e-01
2.447540398262440242e-01 -6.870034017804418358e-01
2.400936386132590528e-01 -6.853243271867616171e-01
2.354829945265619895e-01 -6.836247198571108186e-01
2.309216962180580535e-01 -6.819052462854718888e-01
2.264093324114905270e-01 -6.801665588584778765e-01
2.219454920426915667e-01 -6.784092961230510088e-01
2.175297643938542413e-01 -6.766340830495016778e-01
2.131617392220271356e-01 -6.748415312901350216e-01
2.088410068820358012e-01 -6.730322394334201652e-01
2.045671584440207080e-01 -6.712067932537784110e-01
2.003397858057795466e-01 -6.693657659570451113e-01
1.961584818000964292e-01 -6.675097184216606250e-01
1.920228402972288806e-01 -6.656391994356459785e-01
1.879324563027251760e-01 -6.637547459294220742e-01
1.838869260507329517e-01 -6.618568832045254036e-01
1.798858470929582398e-01 -6.599461251582809940e-01
1.759288183834260832e-01 -6.580229745044861023e-01
1.720154403591937498e-01 -6.560879229901636078e-01
1.681453150171551836e-01 -6.541414516084398389e-01
1.643180459870778043e-01 -6.521840308076074511e-01
1.605332386010024648e-01 -6.502161206964227613e-01
1.567904999591402948e-01 -6.482381712457030432e-01
1.530894389923858623e-01 -6.462506224862712978e-01
1.494296665215704145e-01 -6.442539047033116750e-01
1.458107953135715507e-01 -6.422484386271820611e-01
1.422324401343917910e-01 -6.402346356207506695e-01
1.386942177993162328e-01 -6.382128978633007099e-01
1.351957472202513222e-01 -6.361836185310629777e-01
1.317366494503527385e-01 -6.341471819744297633e-01
1.283165477260349852e-01 -6.321039638919025982e-01
1.249350675064615779e-01 -6.300543315008265699e-01
1.215918365106076066e-01 -6.279986437049653869e-01
1.182864847519820573e-01 -6.259372512589671533e-01
1.150186445710991712e-01 -6.238704969297748093e-01
1.117879506657782351e-01 -6.217987156550285333e-01
1.085940401193559030e-01 -6.197222346985149510e-01
1.054365524268868204e-01 -6.176413738027082267e-01
1.023151295194082988e-01 -6.155564453384579915e-01
9.922941578634320026e-02 -6.134677544518648551e-01
9.617905809610767520e-02 -6.113755992084018986e-01
9.316370581499627823e-02 -6.092802707343182300e-01
9.018301082440757788e-02 -6.071820533553820010e-01
8.723662753647339063e-02 -6.050812247330003002e-01
8.432421290815568515e-02 -6.029780559977692134e-01
8.144542645386619595e-02 -6.008728118804923524e-01
7.859993025667172395e-02 -5.987657508407174811e-01
7.578738897813432074e-02 -5.966571251928323161e-01
7.300746986684568396e-02 -5.945471812297628000e-01
7.025984276570376719e-02 -5.924361593443177032e-01
6.754418011798236920e-02 -5.903242941482208517e-01
6.486015697224353782e-02 -5.882118145888705074e-01
6.220745098613732205e-02 -5.860989440638725290e-01
5.958574242913634161e-02 -5.839859005333774000e-01
5.699471418424709862e-02 -5.818728966302713079e-01
5.443405174873931773e-02 -5.797601397682538016e-01
5.190344323393768222e-02 -5.776478322478412197e-01
4.940257936411120154e-02 -5.755361713603350804e-01
4.693115347450042829e-02 -5.734253494897922909e-01
4.448886150851896065e-02 -5.713155542130312625e-01
4.207540201416413300e-02 -5.692069683977143413e-01
3.969047613967114502e-02 -5.670997702985364208e-01
3.733378762844529603e-02 -5.649941336515614809e-01
3.500504281330028139e-02 -5.628902277667326981e-01
3.270395061003961851e-02 -5.607882176185977618e-01
3.043022251040382320e-02 -5.586882639352774849e-01
2.818357257441783323e-02 -5.565905232857124574e-01
2.596371742216322179e-02 -5.544951481652191649e-01
2.377037622500436168e-02 -5.524022870793865447e-01
2.160327069629003685e-02 -5.503120846263441779e-01
1.946212508156211843e-02 -5.482246815774344251e-01
1.734666614828838521e-02 -5.461402149563145958e-01
1.525662317514874314e-02 -5.440588181165210147e-01
1.319172794089271995e-02 -5.419806208175254048e-01
1.115171471279259759e-02 -5.399057492993069030e-01
9.136320234711458460e-03 -5.378343263554737907e-01
7.145283714808351068e-03 -5.357664714049555910e-01
5.178346812897009592e-03 -5.337023005622996141e-01
3.235253627480095227e-03 -5.316419267065931598e-01
1.315750682473884560e-03 -5.295854595490377958e-01
-5.804130863558506397e-04 -5.275330056992040273e-01
-2.453486345233554800e-03 -5.254846687299896679e-01
-4.303715376469462867e-03 -5.234405492413052308e-01
-6.131344092798669300e-03 -5.214007449225132040e-01
-7.936614051945357559e-03 -5.193653506136425291e-01
-9.719764471401581493e-03 -5.173344583654028161e-01
-1.148103224340241667e-02 -5.153081574980217239e-01
-1.322065195008775666e-02 -5.132865346589254862e-01
-1.493885587883441238e-02 -5.112696738792879003e-01
-1.663587403775004803e-02 -5.092576566294666485e-01
-1.831193417131230655e-02 -5.072505618733498256e-01
-1.996726177614574840e-02 -5.052484661216336548e-01
-2.160208011692220376e-02 -5.032514434840493767e-01
-2.321661024237617679e-02 -5.012595657205634048e-01
-2.481107100142363256e-02 -4.992729022915666781e-01
-2.638567905937496544e-02 -4.972915204070760264e-01
-2.794064891423177557e-02 -4.953154850749618698e-01
-2.947619291305970599e-02 -4.933448591482269552e-01
-3.099252126842637692e-02 -4.913797033713500628e-01
-3.248984207489829384e-02 -4.894200764257123359e-01
-3.396836132558720550e-02 -4.874660349741278820e-01
-3.542828292873810569e-02 -4.855176337044908030e-01
-3.686980872435155487e-02 -4.835749253725611929e-01
-3.829313850083381626e-02 -4.816379608439012583e-01
-3.969847001166625089e-02 -4.797067891349816593e-01
-4.108599899208978390e-02 -4.777814574534729464e-01
-4.245591917579465135e-02 -4.758620112377369149e-01
-4.380842231161317935e-02 -4.739484941955350861e-01
-4.514369818020626951e-02 -4.720409483419685248e-01
-4.646193461074082237e-02 -4.701394140366635388e-01
-4.776331749755037548e-02 -4.682439300202170807e-01
-4.904803081677560489e-02 -4.663545334499205608e-01
-5.031625664297854211e-02 -4.644712599347686210e-01
-5.156817516572633625e-02 -4.625941435697742965e-01
-5.280396470614009269e-02 -4.607232169695980595e-01
-5.402380173340451397e-02 -4.588585113015085093e-01
-5.522786088123329828e-02 -4.570000563176843111e-01
-5.641631496428815840e-02 -4.551478803868718725e-01
-5.758933499454575028e-02 -4.533020105254118026e-01
-5.874709019761055473e-02 -4.514624724276441459e-01
-5.988974802896929184e-02 -4.496292904957068792e-01
-6.101747419018323237e-02 -4.478024878687376642e-01
-6.213043264501749707e-02 -4.459820864514921768e-01
-6.322878563550134168e-02 -4.441681069423883410e-01
-6.431269369791910162e-02 -4.423605688609887343e-01
-6.538231567872759831e-02 -4.405594905749336543e-01
-6.643780875039896616e-02 -4.387648893263308425e-01
-6.747932842718416813e-02 -4.369767812576180743e-01
-6.850702858079796287e-02 -4.351951814369059979e-01
-6.952106145602035547e-02 -4.334201038828090491e-01
-7.052157768621468426e-02 -4.316515615887814850e-01
-7.150872630875797220e-02 -4.298895665469584793e-01
-7.248265478038559695e-02 -4.281341297715218763e-01
-7.344350899244384001e-02 -4.263852613215911580e-01
-7.439143328605254957e-02 -4.246429703236553332e-01
-7.532657046717411431e-02 -4.229072649935515238e-01
-7.624906182158902590e-02 -4.211781526579986834e-01
-7.715904712977497693e-02 -4.194556397756978305e-01
-7.805666468168974415e-02 -4.177397319580041790e-01
-7.894205129145577537e-02 -4.160304339891814362e-01
-7.981534231194568896e-02 -4.143277498462462627e-01
-8.067667164926856094e-02 -4.126316827184103864e-01
-8.152617177715396068e-02 -4.109422350261268120e-01
-8.236397375123501174e-02 -4.092594084397522258e-01
-8.319020722322945094e-02 -4.075832038978282612e-01
-8.400500045501596569e-02 -4.059136216249910056e-01
-8.480848033260812713e-02 -4.042506611495174651e-01
-8.560077238002292144e-02 -4.025943213205133153e-01
-8.638200077304492019e-02 -4.009446003247510437e-01
-8.715228835288478526e-02 -3.993014957031647549e-01
-8.791175663973166410e-02 -3.976650043670069135e-01
-8.866052584620011390e-02 -3.960351226136763492e-01
-8.939871489067006960e-02 -3.944118461422223554e-01
-9.012644141051996682e-02 -3.927951700685308745e-01
-9.084382177525367197e-02 -3.911850889401989328e-01
-9.155097109951979006e-02 -3.895815967511050970e-01
-9.224800325602364182e-02 -3.879846869556803912e-01
-9.293503088833268699e-02 -3.863943524828863385e-01
-9.361216542357429782e-02 -3.848105857499036775e-01
-9.427951708502591011e-02 -3.832333786755416916e-01
-9.493719490459920363e-02 -3.816627226933689832e-01
-9.558530673521528631e-02 -3.800986087645750744e-01
-9.622395926307490688e-02 -3.785410273905644440e-01
-9.685325801982053173e-02 -3.769899686252922155e-01
-9.747330739459170168e-02 -3.754454220873419401e-01
-9.808421064597493133e-02 -3.739073769717560225e-01
-9.868606991384669402e-02 -3.723758220616174563e-01
-9.927898623111024168e-02 -3.708507457393940276e-01
-9.986305953532736979e-02 -3.693321359980439311e-01
-1.004383886802446696e-01 -3.678199804518916816e-01
-1.010050714472143230e-01 -3.663142663472772620e-01
-1.015632045565113550e-01 -3.648149805729821171e-01
-1.021128836785452215e-01 -3.633221096704377651e-01
-1.026542034449685337e-01 -3.618356398437200250e-01
-1.031872574596823661e-01 -3.603555569693357441e-01
-1.037121383097382721e-01 -3.588818466058014689e-01
-1.042289375761375758e-01 -3.574144940030226092e-01
-1.047377458445292037e-01 -3.559534841114752601e-01
-1.052386527158059581e-01 -3.544988015911926804e-01
-1.057317468165990537e-01 -3.530504308205648645e-01
-1.062171158096732043e-01 -3.516083559049498208e-01
-1.066948464042207362e-01 -3.501725606851039396e-01
-1.071650243660571822e-01 -3.487430287454327815e-01
-1.076277345277172892e-01 -3.473197434220671176e-01
-1.080830607984532565e-01 -3.459026878107678837e-01
-1.085310861741351079e-01 -3.444918447746607715e-01
-1.089718927470541970e-01 -3.430871969518078379e-01
-1.094055617156295401e-01 -3.416887267626171343e-01
-1.098321733940194056e-01 -3.402964164170914074e-01
-1.102518072216363693e-01 -3.389102479219253117e-01
-1.106645417725690417e-01 -3.375302030874449688e-01
