npts 513 dfreq 1.000000000000000021e-02
0.000000000000000000e+00 0.000000000000000000e+00
-3.565611743194260455e-08 -1.394253380584413783e-06
-5.702901201544348770e-07 -1.114242641920457079e-05
-2.885341029939626990e-06 -3.754046352828553461e-05
-9.111349076861806950e-06 -8.876848875402684866e-05
-2.222017418166722196e-05 -1.728332209519192265e-04
-4.601411322364864072e-05 -2.975107795229587856e-04
-8.511192750854181834e-05 -4.702900111181010129e-04
-1.449317951450194064e-04 -6.983164679143148658e-04
-2.316712063594096745e-04 -9.883371683184639239e-04
-3.522838231349690956e-04 -1.346646271270126542e-03
-5.144533279645886487e-04 -1.779031795696909331e-03
-7.265642899662006458e-04 -2.290723517131711736e-03
-9.976700801423439135e-04 -2.886342174036723041e-03
-1.337457871185535616e-03 -3.569850116999390924e-03
-1.756210760957757112e-03 -4.344503534676482336e-03
-2.264767062626577530e-03 -5.212806391167884926e-03
-2.874476808445652811e-03 -6.176466210404938512e-03
-3.597155518349834293e-03 -7.236351844140209363e-03
-4.445035288923778957e-03 -8.392453361225783032e-03
-5.430713262928870723e-03 -9.643844197061572296e-03
-6.567097544470942329e-03 -1.098864570337776750e-02
-7.867350630096208233e-03 -1.242399423987515517e-02
-9.344830431654177830e-03 -1.394601095067014677e-02
-1.101302897270390289e-02 -1.554977436995793987e-02
-1.288550884660538166e-02 -1.722929600279349965e-02
-1.497583753127519450e-02 -1.897749902836581501e-02
-1.729751966293632121e-02 -2.078620027456916028e-02
-1.986392737910211773e-02 -2.264609561401380311e-02
-2.268822884954487321e-02 -2.454674893281614742e-02
-2.578331512315299931e-02 -2.647658482450735568e-02
-2.916172542841608331e-02 -2.842288516213362440e-02
-3.283557107583112700e-02 -3.037178970201507774e-02
-3.681645812182669786e-02 -3.230830087260198880e-02
-4.111540896588250504e-02 -3.421629290132126300e-02
-4.574278306539935474e-02 -3.607852543114570959e-02
-5.070819696656021780e-02 -3.787666177672792400e-02
-5.602044386392072278e-02 -3.959129196720513610e-02
-6.168741291676788779e-02 -4.120196071906939012e-02
-6.771600856636944554e-02 -4.268720047767558812e-02
-7.411207011506583398e-02 -4.402456965988278681e-02
-8.088029184568450158e-02 -4.519069622284307974e-02
-8.802414397791129275e-02 -4.616132667491152503e-02
-9.554579477695042400e-02 -4.691138063389074103e-02
-1.034460341489299162e-01 -4.741501102518358435e-02
-1.117241990769383825e-01 -4.764566999774476341e-02
-1.203781012711487020e-01 -4.757618061883838595e-02
-1.294039574260160697e-01 -4.717881438936682298e-02
-1.387963224968248033e-01 -4.642537459979342168e-02
-1.485480264266579309e-01 -4.528728552229648041e-02
-1.586501147729162120e-01 -4.373568740764977730e-02
-1.690917936995204596e-01 -4.174153722531864785e-02
-1.798603798165694101e-01 -3.927571505231655657e-02
-1.909412553631464338e-01 -3.630913598043238044e-02
-2.023178292407919188e-01 -3.281286737249828472e-02
-2.139715044144765155e-01 -2.875825125644189753e-02
-2.258816522043082253e-01 -2.411703160102406443e-02
-2.380255939942318155e-01 -1.886148616951385110e-02
-2.503785908831737683e-01 -1.296456259726628570e-02
-2.629138417989915766e-01 -6.400018286478762093e-03
-2.756024905857292207e-01 8.574363434105588275e-04
-2.884136425595921205e-01 8.831991767784317868e-03
-3.013143910083024846e-01 1.754659100736067831e-02
-3.142698540816348252e-01 2.702277965186776487e-02
-3.272432224875860829e-01 3.728055495053616414e-02
-3.401958183684450909e-01 4.833821472160455129e-02
-3.530871656837200057e-01 6.021220689042531410e-02
-3.658750723722131171e-01 7.291698052119206797e-02
-3.785157245033970996e-01 8.646483925994814801e-02
-3.909637925585722207e-01 1.008657981554021144e-01
-4.031725499051567740e-01 1.161274448682563243e-01
-4.150940034430584125e-01 1.322548063181658018e-01
-4.266790363107126338e-01 1.492502218491037758e-01
-4.378775624405296663e-01 1.671132240177384543e-01
-4.486386926497223371e-01 1.858404281243781764e-01
-4.589109118436376922e-01 2.054254316111490397e-01
-4.686422667956055554e-01 2.258587244463177435e-01
-4.777805638511127273e-01 2.471276115962402209e-01
-4.862735757859767971e-01 2.692161486564936257e-01
-4.940692569295385139e-01 2.921050916706741107e-01
-5.011159655462074092e-01 3.157718621086661459e-01
-5.073626923536129762e-01 3.401905279055233433e-01
-5.127592939448522014e-01 3.653318013773742545e-01
-5.172567297776760054e-01 3.911630547320549822e-01
-5.208073012967597837e-01 4.176483537797974210e-01
-5.233648916682955843e-01 4.447485103238857929e-01
-5.248852045308607384e-01 4.724211535735460266e-01
-5.253260001045839678e-01 5.006208207725889592e-01
-5.246473269537369477e-01 5.292990670788514374e-01
-5.228117476674843944e-01 5.584045945628859364e-01
-5.197845567109896647e-01 5.878834000215427125e-01
-5.155339887054528614e-01 6.176789411250723782e-01
-5.100314154217959750e-01 6.477323202375125932e-01
-5.032515298191680975e-01 6.779824850717440787e-01
-4.951725155263654865e-01 7.083664451652674776e-01
-4.857762002516148314e-01 7.388195029930954005e-01
-4.750481917133679288e-01 7.692754983726525220e-01
-4.629779948110371302e-01 7.996670646649708392e-01
-4.495591088986990447e-01 8.299258951390331429e-01
-4.347891041851862370e-01 8.599830177443296142e-01
-4.186696764587674036e-01 8.897690764325728585e-01
-4.012066795216314707e-01 9.192146170849279097e-01
-3.824101349161637686e-01 9.482503760376950197e-01
-3.622942187289233673e-01 9.768075691582406295e-01
-3.408772254664220180e-01 1.004818179405072343e+00
-3.181815092064008144e-01 1.032215240811686918e+00
-2.942334024362729394e-01 1.058933116863264745e+00
-2.690631131938233667e-01 1.084907771288113221e+00
-2.427046013212124931e-01 1.110077029361154155e+00
-2.151954348291006958e-01 1.134380827913637368e+00
-1.865766275406799124e-01 1.157761452360067889e+00
-1.568924593433193293e-01 1.180163759188247452e+00
-1.261902805162872510e-01 1.201535382509256067e+00
-9.452030172495519411e-02 1.221826923428662726e+00
-6.193537137362743750e-02 1.240992121175874319e+00
-2.849074208971126218e-02 1.258988005112409825e+00
5.756171829287198838e-03 1.275775026929486522e+00
4.074604413767640015e-02 1.291317172537639113e+00
7.641789164919242372e-02 1.305582053343595561e+00
1.127093326535185819e-01 1.318540976799573938e+00
1.495568468917714000e-01 1.330168996295036044e+00
1.868960352872398867e-01 1.340444940638504612e+00
2.246618776917722882e-01 1.349351423545127826e+00
2.627889869885759455e-01 1.356874833702474747e+00
3.012118579870442514e-01 1.363005306131029659e+00
3.398651096524889503e-01 1.367736675685651493e+00
3.786837193314143701e-01 1.371066413659010941e+00
4.176032477590039815e-01 1.372995548546930511e+00
4.565600537677685367e-01 1.373528572118343227e+00
4.954914977527491993e-01 1.372673331998981672e+00
5.343361330872609116e-01 1.370440912028288327e+00
5.730338848220389858e-01 1.366845501683523922e+00
6.115262151380400635e-01 1.361904255884468506e+00
6.497562751574563755e-01 1.355637146497081780e+00
6.876690428472265193e-01 1.348066806846045962e+00
7.252114468733336095e-01 1.339218370525304014e+00
7.623324763812396876e-01 1.329119305763651449e+00
7.989832767871652974e-01 1.317799246560441118e+00
8.351172317658127620e-01 1.305289821755711177e+00
8.706900317120211952e-01 1.291624483140920265e+00
9.056597290364845065e-01 1.276838333652163371e+00
9.399867807287459742e-01 1.260967956618538999e+00
9.736340786842573314e-01 1.244051246965470758e+00
1.006566968346479074e+00 1.226127245197319304e+00
1.038753256259881130e+00 1.207235974906686771e+00
1.070163207165803820e+00 1.187418284480365793e+00
1.100769531300693549e+00 1.166715693594823300e+00
1.130547362575788028e+00 1.145170245018199973e+00
1.159474228329462120e+00 1.122824362161807477e+00
1.187530011348603143e+00 1.099720712752566110e+00
1.214696904854371429e+00 1.075902078929279693e+00
1.240959361140887118e+00 1.051411234000513062e+00
1.266304034543613843e+00 1.026290826040436643e+00
1.290719719397968479e+00 1.000583268441587181e+00
1.314197283628592450e+00 9.743306374902550582e-01
1.336729598586414047e+00 9.475745769812136121e-01
1.358311465724594935e+00 9.203562098438088368e-01
1.378939540676267450e+00 8.927160567110842271e-01
1.398612255267091431e+00 8.646939613274028380e-01
1.417329737964537095e+00 8.363290226580692988e-01
1.435093733233896662e+00 8.076595335363683237e-01
1.451907520238642890e+00 7.787229256592741455e-01
1.467775831290299093e+00 7.495557207225164165e-01
1.482704770420703921e+00 7.201934874685558263e-01
1.496701732417722530e+00 6.906708044071393493e-01
1.509775322634338668e+00 6.610212279571798799e-01
1.521935277850771540e+00 6.312772657505737461e-01
1.533192388440034026e+00 6.014703548329303207e-01
1.543558422059254864e+00 5.716308444929205645e-01
1.553046049062292155e+00 5.417879834506905690e-01
1.561668769803670642e+00 5.119699111364320876e-01
1.569440843979797329e+00 4.822036527925104843e-01
1.576377222130769029e+00 4.525151181362582209e-01
1.582493479404881276e+00 4.229291033256069587e-01
1.587805751668179832e+00 3.934692959757832287e-01
1.592330674023112680e+00 3.641582829823512557e-01
1.596085321783422772e+00 3.350175609136691879e-01
1.599087153936910477e+00 3.060675487442368059e-01
1.601353959113520853e+00 2.773276027093554696e-01
1.602903804063334992e+00 2.488160330707969714e-01
1.603754984637401293e+00 2.205501225927623543e-01
1.603925979253874035e+00 1.925461465371529901e-01
1.603435404822625143e+00 1.648193939970128141e-01
1.602301975093171515e+00 1.373841903968598677e-01
1.600544461383558215e+00 1.102539209984188390e-01
1.598181655641423005e+00 8.344105525994921502e-02
1.595232335783088429e+00 5.695717190691552273e-02
1.591715233251806527e+00 3.081298458103627971e-02
1.587649002732430148e+00 5.018367943870500995e-03
1.583052193956578924e+00 -2.041761588010581122e-02
1.577943225529767624e+00 -4.548669062744910979e-02
1.572340360710032359e+00 -7.018133908502331708e-02
1.566261685066088205e+00 -9.449477623502855472e-02
1.559725085942122780e+00 -1.184209224386388037e-01
1.552748233655756538e+00 -1.419543767339265516e-01
1.545348564355588650e+00 -1.650903903168750020e-01
1.537543264464915627e+00 -1.878248402677765438e-01
1.529349256638760091e+00 -2.101542035791582608e-01
1.520783187162092487e+00 -2.320755315355398640e-01
1.511861414718196128e+00 -2.535864244898624609e-01
1.502600000457325891e+00 -2.746850070762668627e-01
1.493014699297253944e+00 -2.953699038940613697e-01
1.483120952388853109e+00 -3.156402156932178737e-01
1.472933880681558172e+00 -3.354954960874969028e-01
1.462468279525384052e+00 -3.549357288173941027e-01
1.451738614248021975e+00 -3.739613055814458575e-01
1.440759016647556789e+00 -3.925730044510568062e-01
1.429543282343301414e+00 -4.107719688808979530e-01
1.418104868929335405e+00 -4.285596873240359872e-01
1.406456894877396557e+00 -4.459379734583219790e-01
1.394612139137845652e+00 -4.629089470281449459e-01
1.382583041389527700e+00 -4.794750153034363915e-01
1.370381702891408038e+00 -4.956388551558035260e-01
1.358019887890946409e+00 -5.114033957498339555e-01
1.345509025546163251e+00 -5.267718018459633944e-01
1.332860212320408744e+00 -5.417474577098146948e-01
1.320084214810751000e+00 -5.563339516215617397e-01
1.307191472972873081e+00 -5.705350609777127824e-01
1.294192103707209940e+00 -5.843547379766116379e-01
1.281095904772914684e+00 -5.977970958780692845e-01
1.267912358997993261e+00 -6.108663958266769001e-01
1.254650638755701708e+00 -6.235670342276893319e-01
1.241319610678941698e+00 -6.359035306637378371e-01
1.227927840586016561e+00 -6.478805163401141209e-01
1.214483598592683178e+00 -6.595027230459720169e-01
1.200994864386888406e+00 -6.707749726183988015e-01
1.187469332644074393e+00 -6.817021668960847602e-01
1.173914418562283846e+00 -6.922892781490641578e-01
1.160337263497636107e+00 -7.025413399708823059e-01
1.146744740682013264e+00 -7.124634386194358404e-01
1.133143461006018704e+00 -7.220607047927011246e-01
1.119539778851415868e+00 -7.313383058255574776e-01
1.105939797958371384e+00 -7.403014382939580029e-01
1.092349377313886150e+00 -7.489553210127961602e-01
1.078774137048781112e+00 -7.573051884139030410e-01
1.065219464331585097e+00 -7.653562842907835062e-01
1.051690519248550837e+00 -7.731138558968486674e-01
1.038192240659899124e+00 -7.805831483841008112e-01
1.024729352023205919e+00 -7.877693995694494689e-01
1.011306367175598853e+00 -7.946778350160551563e-01
9.979275960671762924e-01 -8.013136634173499973e-01
9.845971504387330819e-01 -8.076820722716518963e-01
9.713189494375371602e-01 -8.137882238355432785e-01
9.580967251654927130e-01 -8.196372513444795116e-01
9.449340281546211306e-01 -8.252342554893733473e-01
9.318342327653050816e-01 -8.305843011381909280e-01
9.188005425032678142e-01 -8.356924142919048837e-01
9.058359952517229807e-01 -8.405635792644338133e-01
8.929434684155693747e-01 -8.452027360765068664e-01
8.801256839749367344e-01 -8.496147780537052219e-01
8.673852134457527008e-01 -8.538045496192079309e-01
8.547244827453890359e-01 -8.577768442721067643e-01
8.421457769617507472e-01 -8.615364027424099458e-01
8.296512450245214776e-01 -8.650879113142023735e-01
8.172429042775329888e-01 -8.684360003086737390e-01
8.049226449515203274e-01 -8.715852427190481366e-01
7.926922345367624079e-01 -8.745401529897218751e-01
7.805533220553443341e-01 -8.773051859321950863e-01
7.685074422329807309e-01 -8.798847357706607308e-01
7.565560195705516300e-01 -8.822831353103867125e-01
7.447003723156556676e-01 -8.845046552222822767e-01
7.329417163346778619e-01 -8.865535034373034362e-01
7.212811688860043535e-01 -8.884338246446106258e-01
7.097197522951429471e-01 -8.901496998876189393e-01
6.982583975326609460e-01 -8.917051462523370997e-01
6.868979476959363728e-01 -8.931041166426220146e-01
6.756391613958351305e-01 -8.943504996371849369e-01
6.644827160495121454e-01 -8.954481194234354957e-01
6.534292110806115828e-01 -8.964007358034277173e-01
6.424791710282292678e-01 -8.972120442674095253e-01
6.316330485660397454e-01 -8.978856761306504009e-01
6.208912274330664616e-01 -8.984251987294439301e-01
6.102540252776137431e-01 -8.988341156723378411e-01
5.997216964159124419e-01 -8.991158671428515214e-01
5.892944345070866285e-01 -8.992738302500975500e-01
5.789723751460522649e-01 -8.993113194239027441e-01
5.687555983760045342e-01 -8.992315868511839838e-01
5.586441311221511663e-01 -8.990378229504814023e-01
5.486379495483758584e-01 -8.987331568817213956e-01
5.387369813385145534e-01 -8.983206570884068043e-01
5.289411079039427754e-01 -8.978033318695831655e-01
5.192501665191613380e-01 -8.971841299790606072e-01
5.096639523870808430e-01 -8.964659412495005197e-01
5.001822206356798528e-01 -8.956515972390948210e-01
4.908046882477324346e-01 -8.947438718986958639e-01
4.815310359252552574e-01 -8.937454822573536184e-01
4.723609098903467363e-01 -8.926590891243396664e-01
4.632939236240457004e-01 -8.914872978058344666e-01
4.543296595448415576e-01 -8.902326588345534919e-01
4.454676706284383947e-01 -8.888976687106917574e-01
4.367074819703573030e-01 -8.874847706526480806e-01
4.280485922929413434e-01 -8.859963553560858962e-01
4.194904753983064172e-01 -8.844347617599671585e-01
4.110325815687475015e-01 -8.828022778182739172e-01
4.026743389161004383e-01 -8.811011412762195238e-01
3.944151546815231058e-01 -8.793335404498073826e-01
3.862544164871332120e-01 -8.775016150076813126e-01
3.781914935409211864e-01 -8.756074567542678766e-01
3.702257377963188989e-01 -8.736531104132737591e-01
3.623564850677882254e-01 -8.716405744106756615e-01
3.545830561037560114e-01 -8.695718016563750430e-01
3.469047576181977233e-01 -8.674487003237624227e-01
3.393208832821473786e-01 -8.652731346264855850e-01
3.318307146763730398e-01 -8.630469255917557758e-01
3.244335222064412272e-01 -8.607718518295821575e-01
3.171285659813545821e-01 -8.584496502973703036e-01
3.099150966569236276e-01 -8.560820170593523848e-01
3.027923562450088868e-01 -8.536706080403699826e-01
2.957595788897284805e-01 -8.512170397735601135e-01
2.888159916117191695e-01 -8.487228901415335702e-01
2.819608150214896192e-01 -8.461896991106714339e-01
2.751932640028936228e-01 -8.436189694581894827e-01
2.685125483677169300e-01 -8.410121674916689605e-01
2.619178734823425780e-01 -8.383707237607546103e-01
2.554084408674425766e-01 -8.356960337607771683e-01
2.489834487716074685e-01 -8.329894586280595092e-01
2.426420927198079669e-01 -8.302523258267066053e-01
2.363835660375523395e-01 -8.274859298266931118e-01
2.302070603515821434e-01 -8.246915327730872658e-01
2.241117660679248780e-01 -8.218703651462724302e-01
2.180968728280940350e-01 -8.190236264130411614e-01
2.121615699442121472e-01 -8.161524856684655438e-01
2.063050468138002413e-01 -8.132580822684475352e-01
2.005264933149610573e-01 -8.103415264528890383e-01
1.948251001826617201e-01 -8.074038999594205235e-01
1.892000593667966524e-01 -8.044462566276506799e-01
1.836505643726922821e-01 -8.014696229939067829e-01
1.781758105846976692e-01 -7.984749988764543449e-01
1.727749955734803333e-01 -7.954633579511877217e-01
1.674473193876306332e-01 -7.924356483178016664e-01
1.621919848301587030e-01 -7.893927930564627049e-01
1.570081977204496881e-01 -7.863356907750024272e-01
1.518951671422202887e-01 -7.832652161466728824e-01
1.468521056780127121e-01 -7.801822204385012727e-01
1.418782296307333213e-01 -7.770875320303032296e-01
1.369727592327344701e-01 -7.739819569244057451e-01
1.321349188429189192e-01 -7.708662792461461466e-01
1.273639371323302127e-01 -7.677412617352169510e-01
1.226590472586788633e-01 -7.646076462279370878e-01
1.180194870302372356e-01 -7.614661541305172143e-01
1.134444990595237374e-01 -7.583174868834229310e-01
1.089333309071805755e-01 -7.551623264169063932e-01
1.044852352164368087e-01 -7.520013355978134584e-01
1.000994698385366533e-01 -7.488351586677526317e-01
9.577529794949657393e-02 -7.456644216727355001e-01
9.151198815854698354e-02 -7.424897328843815814e-01
8.730881460859443721e-02 -7.393116832127955007e-01
8.316505706904182837e-02 -7.361308466112259641e-01
7.908000102127366038e-02 -7.329477804726143297e-01
7.505293773712398697e-02 -7.297630260181372508e-01
7.108316435061366734e-02 -7.265771086778655130e-01
6.716998392325021494e-02 -7.233905384636427627e-01
6.331270550315799828e-02 -7.202038103343024744e-01
5.951064417831211650e-02 -7.170174045533390661e-01
5.576312112412639549e-02 -7.138317870391455155e-01
5.206946364564475627e-02 -7.106474097079319430e-01
4.842900521457515345e-02 -7.074647108094487269e-01
4.484108550139252747e-02 -7.042841152556202911e-01
4.130505040273536183e-02 -7.011060349422141291e-01
3.782025206430662811e-02 -6.979308690636542023e-01
3.438604889948483623e-02 -6.947590044211013893e-01
3.100180560384480435e-02 -6.915908157239093468e-01
2.766689316577538096e-02 -6.884266658845762388e-01
2.438068887337965091e-02 -6.852669063073016931e-01
2.114257631783540009e-02 -6.821118771702685546e-01
1.795194539338194201e-02 -6.789619077017539084e-01
1.480819229410098095e-02 -6.758173164501937169e-01
1.171071950764603249e-02 -6.726784115482948856e-01
8.658935806073105382e-03 -6.695454909713234315e-01
5.652256233918856107e-03 -6.664188427896641231e-01
2.690102093664076700e-03 -6.632987454157667218e-01
-2.280990712790618080e-04 -6.601854678455825187e-01
-3.102913495931256243e-03 -6.570792698945980836e-01
-5.934901215332290432e-03 -6.539804024285713613e-01
-8.724616088234365269e-03 -6.508891075890733680e-01
-1.147260582278310931e-02 -6.478056190139338533e-01
-1.417941200407963828e-02 -6.447301620526982857e-01
-1.684557012351441466e-02 -6.416629539771895319e-01
-1.947160960977437072e-02 -6.386042041872759256e-01
-2.205805386142138322e-02 -6.355541144119406516e-01
-2.460542028095294084e-02 -6.325128789057476997e-01
-2.711422031025010476e-02 -6.294806846408009804e-01
-2.958495946733070980e-02 -6.264577114942836422e-01
-3.201813738432168766e-02 -6.234441324316751798e-01
-3.441424784657177299e-02 -6.204401136857307097e-01
-3.677377883283040189e-02 -6.174458149313153399e-01
-3.909721255641585014e-02 -6.144613894561746781e-01
-4.138502550730664004e-02 -6.114869843277325190e-01
-4.363768849508582737e-02 -6.085227405559978653e-01
-4.585566669267599621e-02 -6.055687932526614414e-01
-4.803941968080183839e-02 -6.026252717864651887e-01
-5.018940149312379334e-02 -5.996922999349267869e-01
-5.230606066198276866e-02 -5.967699960324911457e-01
-5.438984026470509298e-02 -5.938584731151921314e-01
-5.644117797041480616e-02 -5.909578390618968058e-01
-5.846050608730392339e-02 -5.880681967322085590e-01
-6.044825161031329441e-02 -5.851896441010970840e-01
-6.240483626918023885e-02 -5.823222743903352372e-01
-6.433067657680800744e-02 -5.794661761968034064e-01
-6.622618387791776029e-02 -5.766214336177380995e-01
-6.809176439794158153e-02 -5.737881263729877057e-01
-6.992781929212288361e-02 -5.709663299243424861e-01
-7.173474469478365034e-02 -5.681561155920047401e-01
-7.351293176872854274e-02 -5.653575506682627649e-01
-7.526276675475075673e-02 -5.625706985284304462e-01
-7.698463102121089197e-02 -5.597956187391138760e-01
-7.867890111365725969e-02 -5.570323671638631735e-01
-8.034594880446127574e-02 -5.542809960662741231e-01
-8.198614114244069662e-02 -5.515415542105894797e-01
-8.359984050244595455e-02 -5.488140869598611138e-01
-8.518740463488340409e-02 -5.460986363717287295e-01
-8.674918671515692570e-02 -5.433952412918664487e-01
-8.828553539300126873e-02 -5.407039374451515501e-01
-8.979679484169052206e-02 -5.380247575246082103e-01
-9.128330480709993811e-02 -5.353577312781767628e-01
-9.274540065660463739e-02 -5.327028855933565454e-01
-9.418341342779540382e-02 -5.300602445797729656e-01
-9.559766987699709617e-02 -5.274298296497166305e-01
-9.698849252757361927e-02 -5.248116595966992870e-01
-9.835619971800504957e-02 -5.222057506720745312e-01
-9.970110564972109457e-02 -5.196121166597674756e-01
-1.010235204346823373e-01 -5.170307689491537850e-01
-1.023237501426913082e-01 -5.144617166061388192e-01
-1.036020968484273191e-01 -5.119049664424684121e-01
-1.048588586781904752e-01 -5.093605230833223585e-01
-1.060943298563465781e-01 -5.068283890332215824e-01
-1.073088007514638592e-01 -5.043085647402981708e-01
-1.085025579221310793e-01 -5.018010486589548069e-01
-1.096758841624507069e-01 -4.993058373109630077e-01
-1.108290585471975592e-01 -4.968229253450262561e-01
-1.119623564766389495e-01 -4.943523055948559897e-01
-1.130760497210057253e-01 -4.918939691357798183e-01
-1.141704064646125033e-01 -4.894479053399322654e-01
-1.152456913496174989e-01 -4.870141019300507357e-01
-1.163021655194201587e-01 -4.845925450319131800e-01
-1.173400866616907401e-01 -4.821832192254518201e-01
-1.183597090510269123e-01 -4.797861075945690223e-01
-1.193612835912346015e-01 -4.774011917756910139e-01
-1.203450578572299590e-01 -4.750284520050853665e-01
-1.213112761365581216e-01 -4.726678671649758301e-01
-1.222601794705272110e-01 -4.703194148284792764e-01
-1.231920056949550590e-01 -4.679830713033931167e-01
-1.241069894805263002e-01 -4.656588116748638373e-01
-1.250053623727584162e-01 -4.633466098469598560e-01
-1.258873528315750390e-01 -4.610464385831762879e-01
-1.267531862704858459e-01 -4.587582695458969906e-01
-1.276030850953720763e-01 -4.564820733348385340e-01
-1.284372687428764204e-01 -4.542178195245004657e-01
-1.292559537183977370e-01 -4.519654767006475171e-01
-1.300593536336899225e-01 -4.497250124958419026e-01
-1.308476792440658176e-01 -4.474963936240560769e-01
-1.316211384852048749e-01 -4.452795859143798274e-01
-1.323799365095667813e-01 -4.430745543438512901e-01
-1.331242757224106177e-01 -4.408812630694258217e-01
-1.338543558174208337e-01 -4.386996754591097059e-01
-1.345703738119406745e-01 -4.365297541222739053e-01
-1.352725240818148655e-01 -4.343714609391702286e-01
-1.359609983958429413e-01 -4.322247570896710078e-01
-1.366359859498420815e-01 -4.300896030812441651e-01
-1.372976734003265586e-01 -4.279659587761919792e-01
-1.379462448977988309e-01 -4.258537834181617687e-01
-1.385818821196602713e-01 -4.237530356579526924e-01
-1.392047643027381210e-01 -4.216636735786347678e-01
-1.398150682754353558e-01 -4.195856547199920961e-01
-1.404129684895022712e-01 -4.175189361023144419e-01
-1.409986370514335896e-01 -4.154634742495449951e-01
-1.415722437534932820e-01 -4.134192252118074618e-01
-1.421339561043695188e-01 -4.113861445873212563e-01
-1.426839393594612759e-01 -4.093641875437230571e-01
-1.432223565508007890e-01 -4.073533088388112122e-01
-1.437493685166133517e-01 -4.053534628407194917e-01
-1.442651339305175417e-01 -4.033646035475451086e-01
-1.447698093303681766e-01 -4.013866846064332305e-01
-1.452635491467458573e-01 -3.994196593321408528e-01
-1.457465057310945444e-01 -3.974634807250848056e-01
-1.462188293835108288e-01 -3.955181014888928814e-01
-1.466806683801884503e-01 -3.935834740474666305e-01
-1.471321690005197580e-01 -3.916595505615693695e-01
-1.475734755538574972e-01 -3.897462829449489519e-01
-1.480047304059410596e-01 -3.878436228800116181e-01
-1.484260740049880845e-01 -3.859515218330510922e-01
-1.488376449074571284e-01 -3.840699310690507962e-01
-1.492395798034822640e-01 -3.821988016660645138e-01
-1.496320135419835218e-01 -3.803380845291882695e-01
-1.500150791554577256e-01 -3.784877304041348034e-01
-1.503889078844496408e-01 -3.766476898904169146e-01
-1.507536292017097879e-01 -3.748179134541522739e-01
-1.511093708360410626e-01 -3.729983514404985878e-01
-1.514562587958358797e-01 -3.711889540857276071e-01
-1.517944173923095885e-01 -3.693896715289474719e-01
-1.521239692624308526e-01 -3.676004538234813879e-01
-1.524450353915546008e-01 -3.658212509479129015e-01
-1.527577351357582991e-01 -3.640520128168037717e-01
-1.530621862438868164e-01 -3.622926892910958707e-01
-1.533585048793074113e-01 -3.605432301882007251e-01
-1.536468056413796135e-01 -3.588035852917879076e-01
-1.539272015866413601e-01 -3.570737043612792205e-01
-1.541998042497164934e-01 -3.553535371410550536e-01
-1.544647236639450361e-01 -3.536430333693806882e-01
-1.547220683817402687e-01 -3.519421427870594865e-01
-1.549719454946763830e-01 -3.502508151458205710e-01
-1.552144606533074345e-01 -3.485690002164464896e-01
-1.554497180867243367e-01 -3.468966477966486384e-01
-1.556778206218487892e-01 -3.452337077186952152e-01
-1.558988697024716596e-01 -3.435801298568010309e-01
-1.561129654080337381e-01 -3.419358641342797323e-01
-1.563202064721582740e-01 -3.403008605304725376e-01
-1.565206903009313255e-01 -3.386750690874502090e-01
-1.567145129909386647e-01 -3.370584399165006961e-01
-1.569017693470585451e-01 -3.354509232044059486e-01
-1.570825529000158538e-01 -3.338524692195107280e-01
-1.572569559236985104e-01 -3.322630283175942445e-01
-1.574250694522395799e-01 -3.306825509475420088e-01
