npts 513 dfreq 1.000000000000000021e-02
0.000000000000000000e+00 0.000000000000000000e+00
-1.357596112691950713e-02 -2.218560920177685761e-02
-2.077596771925893371e-01 -1.179900339387312397e-02
-3.455761939209402445e-01 4.658771775763549949e-01
2.377775733470267050e-01 8.661717216584260415e-01
8.404720436080964641e-01 5.418540347714021488e-01
9.462981114197989152e-01 1.454821376527623208e-02
7.676567121939504856e-01 -3.289921351156643303e-01
5.376676516942552331e-01 -4.776485954741410134e-01
3.441378057310095495e-01 -5.114107440873373323e-01
2.012355266696401468e-01 -4.903891665045972403e-01
1.011371407117874627e-01 -4.473696681403147024e-01
3.278763627197168323e-02 -3.983227405779157237e-01
-1.311097290639952340e-02 -3.504774151242908697e-01
-4.342340646593825793e-02 -3.067752366519253537e-01
-6.298727519877155012e-02 -2.681217945154893423e-01
-7.515438179805346286e-02 -2.344945538997215417e-01
-8.223655085838532663e-02 -2.054817698163133866e-01
-8.582980637671161483e-02 -1.805409045334002149e-01
-8.703955544142821799e-02 -1.591187013158165686e-01
-8.663436829037816922e-02 -1.407031126974755963e-01
-8.515053578128167766e-02 -1.248420019526314817e-01
-8.296327809425614597e-02 -1.111460908463927644e-01
-8.033546743751930619e-02 -9.928490047392436735e-02
-7.745116833933327061e-02 -8.898002257654814839e-02
-7.443888035061908826e-02 -7.999781671218460233e-02
-7.138775342614771258e-02 -7.214248875175932607e-02
-6.835897465212573132e-02 -6.524993210619418893e-02
-6.539381337695690521e-02 -5.918243104693939743e-02
-6.251933740727311228e-02 -5.382419401309573165e-02
-5.975249486528848297e-02 -4.907763021331039421e-02
-5.710304162152864821e-02 -4.486026659275574313e-02
-5.457564827611739028e-02 -4.110220422494649528e-02
-5.217142072366075939e-02 -3.774402300400137716e-02
-4.988899940062236499e-02 -3.473505589723581422e-02
-4.772535442226257668e-02 -3.203196642751272166e-02
-4.567636031358908444e-02 -2.959757436541126177e-02
-4.373721044574736816e-02 -2.739988442493776141e-02
-4.190271456891004470e-02 -2.541128103187785536e-02
-4.016751091129655560e-02 -2.360785909139252736e-02
-3.852621576551589627e-02 -2.196886630237679730e-02
-3.697352732067867714e-02 -2.047623714229964212e-02
-3.550429603353910668e-02 -1.911420235688626387e-02
-3.411357058158264594e-02 -1.786896079131211276e-02
-3.279662606476202447e-02 -1.672840282674211212e-02
-3.154897937857788215e-02 -1.568187664846727031e-02
-3.036639539665931739e-02 -1.471999015983285405e-02
-2.924488665189570874e-02 -1.383444264275998647e-02
-2.818070850200278185e-02 -1.301788130987686920e-02
-2.717035124326052167e-02 -1.226377874242263674e-02
-2.621053024774485860e-02 -1.156632790009797657e-02
-2.529817491007826588e-02 -1.092035195428982947e-02
-2.443041697411310956e-02 -1.032122665892168910e-02
-2.360457864927145363e-02 -9.764813353074379421e-03
-2.281816080660553636e-02 -9.247401002129071804e-03
-2.206883145569278268e-02 -8.765655942075645593e-03
-2.135441463754665994e-02 -8.316578204922446885e-03
-2.067287982006413977e-02 -7.897463479999656741e-03
-2.002233184683329878e-02 -7.505869912961245748e-03
-1.940100146415962151e-02 -7.139589066802160162e-03
-1.880723643250225077e-02 -6.796620471553087989e-03
-1.823949321530989737e-02 -6.475149275022925796e-03
-1.769632922912671782e-02 -6.173526578906501222e-03
-1.717639563275654563e-02 -5.890252105113169372e-03
-1.667843062944216609e-02 -5.623958888229575910e-03
-1.620125325383677678e-02 -5.373399733188399807e-03
-1.574375761456981576e-02 -5.137435213779368431e-03
-1.530490756309943988e-02 -4.915023018683916528e-03
-1.488373176004344559e-02 -4.705208478130392703e-03
-1.447931911109990970e-02 -4.507116126790874922e-03
-1.409081454586468864e-02 -4.319942177785883464e-03
-1.371741511421949167e-02 -4.142947799140260165e-03
-1.335836637642441767e-02 -3.975453098168439843e-03
-1.301295906454522089e-02 -3.816831731416461381e-03
-1.268052599433803357e-02 -3.666506068250266048e-03
-1.236043920817386441e-02 -3.523942845205896117e-03
-1.205210733099327212e-02 -3.388649256018751860e-03
-1.175497312262399792e-02 -3.260169429003688737e-03
-1.146851121106517990e-02 -3.138081249316574360e-03
-1.119222599253574812e-02 -3.021993488718213629e-03
-1.092564968520105123e-02 -2.911543209891384598e-03
-1.066834052453147566e-02 -2.806393416223366011e-03
-1.041988108921126574e-02 -2.706230921337735712e-03
-1.017987674740864629e-02 -2.610764415607400284e-03
-9.947954214042665708e-03 -2.519722709462911443e-03
-9.723760210441521543e-03 -2.432853135574605374e-03
-9.506960218486992450e-03 -2.349920093976646043e-03
-9.297237321981495148e-03 -2.270703725950635327e-03
-9.094291128565294702e-03 -2.194998704028197807e-03
-8.897836766052505397e-03 -2.122613126831472598e-03
-8.707603947551623494e-03 -2.053367508671622571e-03
-8.523336100191713713e-03 -1.987093854887769188e-03
-8.344789552692731885e-03 -1.923634814849536825e-03
-8.171732777401134046e-03 -1.862842905380720886e-03
-8.003945682762221916e-03 -1.804579798102231170e-03
-7.841218952521896920e-03 -1.748715664850995300e-03
-7.683353428244763840e-03 -1.695128575917500928e-03
-7.530159532004948586e-03 -1.643703946366832603e-03
-7.381456726353427707e-03 -1.594334026173985924e-03
-7.237073008891923773e-03 -1.546917430320192107e-03
-7.096844438991307437e-03 -1.501358705369056079e-03
-6.960614694382948227e-03 -1.457567929374227206e-03
-6.828234655526217375e-03 -1.415460342268680741e-03
-6.699562015815858224e-03 -1.374956004153278510e-03
-6.574460915840193466e-03 -1.335979479142595551e-03
-6.452801600036478166e-03 -1.298459542641919318e-03
-6.334460094213995203e-03 -1.262328910123684811e-03
-6.219317902529743029e-03 -1.227523985646557106e-03
-6.107261722606795694e-03 -1.193984628518174936e-03
-5.998183177581901254e-03 -1.161653936644839501e-03
-5.891978563958058177e-03 -1.130478045240048985e-03
-5.788548614219623210e-03 -1.100405939679913354e-03
-5.687798273243155518e-03 -1.071389281398699546e-03
-5.589636487606602054e-03 -1.043382245812892427e-03
-5.493976006963755335e-03 -1.016341371348493654e-03
-5.400733196710055806e-03 -9.902254187245625779e-04
-5.309827861220426173e-03 -9.649952397170369778e-04
-5.221183076990328076e-03 -9.406136546914809068e-04
-5.134725035057833946e-03 -9.170453382521140482e-04
-5.050382892127568829e-03 -8.942567124079114829e-04
-4.968088629857298974e-03 -8.722158467052589350e-04
-4.887776921804716686e-03 -8.508923648209955814e-04
-4.809385007566157992e-03 -8.302573571501574738e-04
-4.732852573670622356e-03 -8.102832989596892195e-04
-4.658121640821619169e-03 -7.909439737131196890e-04
-4.585136457106698052e-03 -7.722144012020839415e-04
-4.513843396819509565e-03 -7.540707701487789740e-04
-4.444190864562729340e-03 -7.364903749692920708e-04
-4.376129204321797632e-03 -7.194515564114281831e-04
-4.309610613219570785e-03 -7.029336458023449641e-04
-4.244589059680710895e-03 -6.869169126612408331e-04
-4.181020205751995872e-03 -6.713825154505983182e-04
-4.118861333340972583e-03 -6.563124552563004725e-04
-4.058071274150283105e-03 -6.416895322023331762e-04
-3.998610343099208431e-03 -6.274973044200272444e-04
-3.940440275036787530e-03 -6.137200494048149820e-04
-3.883524164563227372e-03 -6.003427276055331354e-04
-3.827826408787482482e-03 -5.873509481023766023e-04
-3.773312652859552030e-03 -5.747309362398283616e-04
-3.719949738125817584e-03 -5.624695030903155120e-04
-3.667705652765005080e-03 -5.505540166330562344e-04
-3.616549484770883744e-03 -5.389723745405834189e-04
-3.566451377155846481e-03 -5.277129784728656165e-04
-3.517382485257037998e-03 -5.167647097858191641e-04
-3.469314936033637137e-03 -5.061169065673415185e-04
-3.422221789250520872e-03 -4.957593419198975818e-04
-3.376077000449597288e-03 -4.856822034141170690e-04
-3.330855385615888800e-03 -4.758760736429243549e-04
-3.286532587450753835e-03 -4.663319118103821399e-04
-3.243085043169710146e-03 -4.570410362937854585e-04
-3.200489953747050025e-03 -4.479951081215689042e-04
-3.158725254533748927e-03 -4.391861153133050670e-04
-3.117769587179481088e-03 -4.306063580315868983e-04
-3.077602272793270206e-03 -4.222484344987717194e-04
-3.038203286281066298e-03 -4.141052276345966177e-04
-2.999553231801910854e-03 -4.061698923734512905e-04
-2.961633319287578989e-03 -3.984358436226997902e-04
-2.924425341973626961e-03 -3.908967448258623967e-04
-2.887911654892539454e-03 -3.835464970967105997e-04
-2.852075154282466933e-03 -3.763792288924548311e-04
-2.816899257867419137e-03 -3.693892861961335476e-04
-2.782367885967232304e-03 -3.625712231801604506e-04
-2.748465443397807902e-03 -3.559197933246841623e-04
-2.715176802124230886e-03 -3.494299409660026577e-04
-2.682487284631331417e-03 -3.430967932517705677e-04
-2.650382647978126623e-03 -3.369156524811178235e-04
-2.618849068504317153e-03 -3.308819888091028946e-04
-2.587873127158657818e-03 -3.249914332961345467e-04
-2.557441795420591080e-03 -3.192397712841330481e-04
-2.527542421787994965e-03 -3.136229360822666051e-04
-2.498162718805263527e-03 -3.081370029460910650e-04
-2.469290750607278876e-03 -3.027781833348564856e-04
-2.440914920956029945e-03 -2.975428194326164115e-04
-2.413023961747826161e-03 -2.924273789195920440e-04
-2.385606921970140609e-03 -2.874284499810174538e-04
-2.358653157088166745e-03 -2.825427365414058751e-04
-2.332152318842154164e-03 -2.777670537128577822e-04
-2.306094345437496168e-03 -2.730983234466603988e-04
-2.280469452110481677e-03 -2.685335703780329436e-04
-2.255268122053373427e-03 -2.640699178544208539e-04
-2.230481097683343922e-03 -2.597045841382774408e-04
-2.206099372240482356e-03 -2.554348787757595388e-04
-2.182114181700837291e-03 -2.512581991232336071e-04
-2.158516996991093496e-03 -2.471720270239194904e-04
-2.135299516492157428e-03 -2.431739256274210222e-04
-2.112453658819470580e-03 -2.392615363452666192e-04
-2.089971555868511740e-03 -2.354325759359628936e-04
-2.067845546114396339e-03 -2.316848337133898693e-04
-2.046068168155113377e-03 -2.280161688727132512e-04
-2.024632154488293853e-03 -2.244245079282684331e-04
-2.003530425511982314e-03 -2.209078422581807119e-04
-1.982756083740251727e-03 -2.174642257507461169e-04
-1.962302408224928223e-03 -2.140917725478520730e-04
-1.942162849175123112e-03 -2.107886548809673275e-04
-1.922331022766600884e-03 -2.075531009954510937e-04
-1.902800706133387504e-03 -2.043833931591484509e-04
-1.883565832534380867e-03 -2.012778657514453914e-04
-1.864620486687998489e-03 -1.982349034291440079e-04
-1.845958900268266593e-03 -1.952529393657053997e-04
-1.827575447555993687e-03 -1.923304535605757854e-04
-1.809464641238986600e-03 -1.894659712154742168e-04
-1.791621128355494171e-03 -1.866580611746759485e-04
-1.774039686375362621e-03 -1.839053344264679588e-04
-1.756715219413579592e-03 -1.812064426630933547e-04
-1.739642754571135621e-03 -1.785600768966288737e-04
-1.722817438398359467e-03 -1.759649661283661901e-04
-1.706234533476056565e-03 -1.734198760693813333e-04
-1.689889415110013829e-03 -1.709236079100885501e-04
-1.673777568134592747e-03 -1.684749971366812486e-04
-1.657894583821333976e-03 -1.660729123924586958e-04
-1.642236156888657490e-03 -1.637162543821348525e-04
-1.626798082608900235e-03 -1.614039548173133623e-04
-1.611576254009098458e-03 -1.591349754013959221e-04
-1.596566659162069763e-03 -1.569083068522765891e-04
-1.581765378564484398e-03 -1.547229679612450255e-04
-1.567168582598755340e-03 -1.525780046865990111e-04
-1.552772529075707730e-03 -1.504724892805318535e-04
-1.538573560855106175e-03 -1.484055194479286265e-04
-1.524568103541238751e-03 -1.463762175357648015e-04
-1.510752663250876067e-03 -1.443837297518618472e-04
-1.497123824451017816e-03 -1.424272254118096710e-04
-1.483678247863947893e-03 -1.405058962129175962e-04
-1.470412668437231065e-03 -1.386189555341104339e-04
-1.457323893376345943e-03 -1.367656377607290568e-04
-1.444408800237780444e-03 -1.349451976332455738e-04
-1.431664335080464270e-03 -1.331569096189441561e-04
-1.419087510673514843e-03 -1.314000673056602540e-04
-1.406675404758358583e-03 -1.296739828167125250e-04
-1.394425158363334733e-03 -1.279779862461961318e-04
-1.382333974169001889e-03 -1.263114251138465136e-04
-1.370399114922403851e-03 -1.246736638387118149e-04
-1.358617901898621656e-03 -1.230640832309083167e-04
-1.346987713408034264e-03 -1.214820800007636228e-04
-1.335505983347716041e-03 -1.199270662846809154e-04
-1.324170199795512764e-03 -1.183984691870866438e-04
-1.312977903645355052e-03 -1.168957303378509444e-04
-1.301926687282429660e-03 -1.154183054645941287e-04
-1.291014193296908695e-03 -1.139656639793213105e-04
-1.280238113234934182e-03 -1.125372885788445060e-04
-1.269596186385653011e-03 -1.111326748584795298e-04
-1.259086198603106806e-03 -1.097513309385223678e-04
-1.248705981161846992e-03 -1.083927771030322479e-04
-1.238453409645173938e-03 -1.070565454504673311e-04
-1.228326402864945250e-03 -1.057421795557369018e-04
-1.218322921811928420e-03 -1.044492341432523829e-04
-1.208440968635733116e-03 -1.031772747705772135e-04
-1.198678585653346678e-03 -1.019258775222886771e-04
-1.189033854385396780e-03 -1.006946287136847737e-04
-1.179504894619229664e-03 -9.948312460397981303e-05
-1.170089863497973670e-03 -9.829097111864930423e-05
-1.160786954634762105e-03 -9.711778358059645747e-05
-1.151594397251326811e-03 -9.596318644982712424e-05
-1.142510455340201535e-03 -9.482681307133094205e-05
-1.133533426849796548e-03 -9.370830543087913368e-05
-1.124661642891639770e-03 -9.260731391846051068e-05
-1.115893466969094432e-03 -9.152349709908799171e-05
-1.107227294226892107e-03 -9.045652149071824600e-05
-1.098661550720846656e-03 -8.940606134903739957e-05
-1.090194692707125660e-03 -8.837179845887461820e-05
-1.081825205950493222e-03 -8.735342193201576318e-05
-1.073551605050937800e-03 -8.635062801119591498e-05
-1.065372432788133867e-03 -8.536311988005961698e-05
-1.057286259483208521e-03 -8.439060747888620139e-05
-1.049291682377276802e-03 -8.343280732588284588e-05
-1.041387325026258250e-03 -8.248944234385750904e-05
-1.033571836711488778e-03 -8.156024169209079148e-05
-1.025843891865650800e-03 -8.064494060323110886e-05
-1.018202189513576876e-03 -7.974328022504532888e-05
-1.010645452727483443e-03 -7.885500746686312267e-05
-1.003172428096218939e-03 -7.797987485055908185e-05
-9.957818852081039198e-04 -7.711764036592177497e-05
-9.884726161469787123e-04 -7.626806733026557177e-05
-9.812434350010706702e-04 -7.543092425214565754e-05
-9.740931773843097006e-04 -7.460598469904178320e-05
-9.670206999697313413e-04 -7.379302716888103966e-05
-9.600248800346254359e-04 -7.299183496527532572e-05
-9.531046150170932162e-04 -7.220219607635289195e-05
-9.462588220836786433e-04 -7.142390305706743591e-05
-9.394864377077737907e-04 -7.065675291487402460e-05
-9.327864172584807070e-04 -6.990054699866280049e-05
-9.261577345996402756e-04 -6.915509089084699763e-05
-9.195993816987423856e-04 -6.842019430250481638e-05
-9.131103682454400723e-04 -6.769567097147839187e-05
-9.066897212793936529e-04 -6.698133856333573382e-05
-9.003364848271980898e-04 -6.627701857510659759e-05
-8.940497195481253521e-04 -6.558253624170419505e-05
-8.878285023884528986e-04 -6.489772044494939731e-05
-8.816719262441306522e-04 -6.422240362511592426e-05
-8.755790996315658287e-04 -6.355642169491858046e-05
-8.695491463662964214e-04 -6.289961395586842635e-05
-8.635812052493432216e-04 -6.225182301692237872e-05
-8.576744297610288488e-04 -6.161289471535638792e-05
-8.518279877620659217e-04 -6.098267803979431386e-05
-8.460410612017092409e-04 -6.036102505532614770e-05
-8.403128458327907037e-04 -5.974779083065263457e-05
-8.346425509334500338e-04 -5.914283336719463994e-05
-8.290293990353801582e-04 -5.854601353010761513e-05
-8.234726256584132134e-04 -5.795719498114405149e-05
-8.179714790512829280e-04 -5.737624411330807339e-05
-8.125252199383977119e-04 -5.680302998724940993e-05
-8.071331212724607409e-04 -5.623742426934325364e-05
-8.017944679927974973e-04 -5.567930117140807756e-05
-7.965085567892218497e-04 -5.512853739201069726e-05
-7.912746958713117590e-04 -5.458501205931312248e-05
-7.860922047429459670e-04 -5.404860667541499120e-05
-7.809604139819693955e-04 -5.351920506214892271e-05
-7.758786650248476096e-04 -5.299669330828425597e-05
-7.708463099561899991e-04 -5.248095971810012872e-05
-7.658627113030148275e-04 -5.197189476128726650e-05
-7.609272418336239822e-04 -5.146939102413930831e-05
-7.560392843609883319e-04 -5.097334316199793748e-05
-7.511982315505119591e-04 -5.048364785291440608e-05
-7.464034857320745462e-04 -5.000020375249336824e-05
-7.416544587162366645e-04 -4.952291144988457867e-05
-7.369505716145090864e-04 -4.905167342489040455e-05
-7.322912546635810616e-04 -4.858639400615695015e-05
-7.276759470534047754e-04 -4.812697933041809074e-05
-7.231040967590487110e-04 -4.767333730276325098e-05
-7.185751603762142049e-04 -4.722537755789907126e-05
-7.140886029603368086e-04 -4.678301142237845361e-05
-7.096438978691716262e-04 -4.634615187776837072e-05
-7.052405266087856481e-04 -4.591471352473164389e-05
-7.008779786828694784e-04 -4.548861254799635727e-05
-6.965557514452864899e-04 -4.506776668218867652e-05
-6.922733499557812359e-04 -4.465209517850520589e-05
-6.880302868387706827e-04 -4.424151877220163426e-05
-6.838260821451419341e-04 -4.383595965087534930e-05
-6.796602632169845663e-04 -4.343534142352026105e-05
-6.755323645551861243e-04 -4.303958909033267261e-05
-6.714419276898214977e-04 -4.264862901324788962e-05
-6.673885010532699339e-04 -4.226238888718753781e-05
-6.633716398559955010e-04 -4.188079771199884540e-05
-6.593909059649209628e-04 -4.150378576506623260e-05
-6.554458677843436748e-04 -4.113128457457838259e-05
-6.515361001393245441e-04 -4.076322689343234900e-05
-6.476611841614950864e-04 -4.039954667375781353e-05
-6.438207071772250080e-04 -4.004017904204526453e-05
-6.400142625980951260e-04 -3.968506027486179953e-05
-6.362414498136212014e-04 -3.933412777513893257e-05
-6.325018740861737153e-04 -3.898732004901749168e-05
-6.287951464480488100e-04 -3.864457668323478009e-05
-6.251208836006318494e-04 -3.830583832303996754e-05
-6.214787078156131569e-04 -3.797104665062342720e-05
-6.178682468382000947e-04 -3.764014436404713001e-05
-6.142891337922884052e-04 -3.731307515666270621e-05
-6.107410070875405553e-04 -3.698978369700462474e-05
-6.072235103283328116e-04 -3.667021560914633362e-05
-6.037362922245209564e-04 -3.635431745350688643e-05
-6.002790065039932026e-04 -3.604203670809722626e-05
-5.968513118269609761e-04 -3.573332175019423488e-05
-5.934528717019517874e-04 -3.542812183843176604e-05
-5.900833544034675459e-04 -3.512638709529830887e-05
-5.867424328912655999e-04 -3.482806849003034427e-05
-5.834297847312313852e-04 -3.453311782189194849e-05
-5.801450920178033259e-04 -3.424148770383049956e-05
-5.768880412979175698e-04 -3.395313154649912867e-05
-5.736583234964368885e-04 -3.366800354263665339e-05
-5.704556338430322995e-04 -3.338605865179610893e-05
-5.672796718004840177e-04 -3.310725258541293963e-05
-5.641301409943701856e-04 -3.283154179220456334e-05
-5.610067491441154096e-04 -3.255888344389314316e-05
-5.579092079953647341e-04 -3.228923542124313023e-05
-5.548372332536573564e-04 -3.202255630040633369e-05
-5.517905445193723281e-04 -3.175880533956655568e-05
-5.487688652239139332e-04 -3.149794246587639851e-05
-5.457719225671140827e-04 -3.123992826267935931e-05
-5.427994474558262483e-04 -3.098472395701011735e-05
-5.398511744436774312e-04 -3.073229140736582457e-05
-5.369268416719652666e-04 -3.048259309174256476e-05
-5.340261908116625310e-04 -3.023559209592976483e-05
-5.311489670065164780e-04 -2.999125210205684904e-05
-5.282949188172134016e-04 -2.974953737738592250e-05
-5.254637981665846854e-04 -2.951041276334417173e-05
-5.226553602858383975e-04 -2.927384366479090683e-05
-5.198693636617885685e-04 -2.903979603951306216e-05
-5.171055699850630712e-04 -2.880823638794386969e-05
-5.143637440992704759e-04 -2.857913174309948079e-05
-5.116436539511050666e-04 -2.835244966072835934e-05
-5.089450705413678996e-04 -2.812815820966797423e-05
-5.062677678768912190e-04 -2.790622596240481705e-05
-5.036115229233354383e-04 -2.768662198583163282e-05
-5.009761155588584713e-04 -2.746931583219874653e-05
-4.983613285286187054e-04 -2.725427753025349209e-05
-4.957669474001099924e-04 -2.704147757656432825e-05
-4.931927605193051284e-04 -2.683088692702491861e-05
-4.906385589675914521e-04 -2.662247698853411994e-05
-4.881041365194814844e-04 -2.641621961084758628e-05
-4.855892896010862510e-04 -2.621208707859734295e-05
-4.830938172493307405e-04 -2.601005210347508872e-05
-4.806175210719020128e-04 -2.581008781657588189e-05
-4.781602052079086517e-04 -2.561216776089801259e-05
-4.757216762892422937e-04 -2.541626588399588637e-05
-4.733017434026243176e-04 -2.522235653078224655e-05
-4.709002180523259862e-04 -2.503041443647643184e-05
-4.685169141235442599e-04 -2.484041471969514547e-05
-4.661516478464261255e-04 -2.465233287568270029e-05
-4.638042377607229003e-04 -2.446614476967757504e-05
-4.614745046810644295e-04 -2.428182663041200573e-05
-4.591622716628421708e-04 -2.409935504374187095e-05
-4.568673639686856094e-04 -2.391870694640374736e-05
-4.545896090355225154e-04 -2.373985961989643495e-05
-4.523288364422118767e-04 -2.356279068448403490e-05
-4.500848778777349793e-04 -2.338747809331789333e-05
-4.478575671099396479e-04 -2.321390012667498830e-05
-4.456467399548186183e-04 -2.304203538630972780e-05
-4.434522342463195483e-04 -2.287186278991712571e-05
-4.412738898066709465e-04 -2.270336156570459461e-05
-4.391115484172153447e-04 -2.253651124706999707e-05
-4.369650537897422338e-04 -2.237129166738385835e-05
-4.348342515383060713e-04 -2.220768295487302987e-05
-4.327189891515244280e-04 -2.204566552760393332e-05
-4.306191159653463530e-04 -2.188522008856323386e-05
-4.285344831362786515e-04 -2.172632762083345550e-05
-4.264649436150652509e-04 -2.156896938286190915e-05
-4.244103521208080539e-04 -2.141312690382057152e-05
-4.223705651155242372e-04 -2.125878197905530577e-05
-4.203454407791254671e-04 -2.110591666562197758e-05
-4.183348389848186538e-04 -2.095451327790819260e-05
-4.163386212749145814e-04 -2.080455438333841936e-05
-4.143566508370397539e-04 -2.065602279816082361e-05
-4.123887924807412091e-04 -2.050890158331411346e-05
-4.104349126144785564e-04 -2.036317404037253184e-05
-4.084948792229981408e-04 -2.021882370756772891e-05
-4.065685618450755106e-04 -2.007583435588526836e-05
-4.046558315516270567e-04 -1.993418998523476457e-05
-4.027565609241790033e-04 -1.979387482069184471e-05
-4.008706240336875736e-04 -1.965487330881031641e-05
-3.989978964197062072e-04 -1.951717011400333805e-05
-3.971382550698909948e-04 -1.938075011499192142e-05
-3.952915783998377708e-04 -1.924559840131941150e-05
-3.934577462332488566e-04 -1.911170026993076759e-05
-3.916366397824166631e-04 -1.897904122181483661e-05
-3.898281416290241505e-04 -1.884760695870889015e-05
-3.880321357052541231e-04 -1.871738337986364632e-05
-3.862485072752007463e-04 -1.858835657886779416e-05
-3.844771429165796516e-04 -1.846051284053079033e-05
-3.827179305027296388e-04 -1.833383863782251218e-05
-3.809707591849011490e-04 -1.820832062886886573e-05
-3.792355193748277154e-04 -1.808394565400208158e-05
-3.775121027275720950e-04 -1.796070073286453302e-05
-3.758004021246457295e-04 -1.783857306156509738e-05
-3.741003116573931838e-04 -1.771755000988684076e-05
-3.724117266106404802e-04 -1.759761911854525372e-05
-3.707345434465987620e-04 -1.747876809649564190e-05
-3.690686597890217142e-04 -1.736098481828901450e-05
-3.674139744076096946e-04 -1.724425732147522687e-05
-3.657703872026602508e-04 -1.712857380405279816e-05
-3.641377991899534192e-04 -1.701392262196381810e-05
-3.625161124858775562e-04 -1.690029228663393976e-05
-3.609052302927808452e-04 -1.678767146255560812e-05
-3.593050568845531419e-04 -1.667604896491439603e-05
-3.577154975924290523e-04 -1.656541375725726473e-05
-3.561364587910101267e-04 -1.645575494920186152e-05
-3.545678478845021059e-04 -1.634706179418627170e-05
-3.530095732931635868e-04 -1.623932368725821180e-05
-3.514615444399621499e-04 -1.613253016290302697e-05
-3.499236717374338830e-04 -1.602667089290960505e-05
-3.483958665747441332e-04 -1.592173568427365159e-05
-3.468780413049443907e-04 -1.581771447713728888e-05
-3.453701092324234622e-04 -1.571459734276469135e-05
-3.438719846005481077e-04 -1.561237448155264568e-05
-3.423835825794899440e-04 -1.551103622107552423e-05
-3.409048192542384515e-04 -1.541057301416416011e-05
-3.394356116127906511e-04 -1.531097543701762440e-05
-3.379758775345217351e-04 -1.521223418734762427e-05
-3.365255357787278693e-04 -1.511434008255461917e-05
-3.350845059733413285e-04 -1.501728405793520258e-05
-3.336527086038129251e-04 -1.492105716492006349e-05
-3.322300650021620008e-04 -1.482565056934206148e-05
-3.308164973361870428e-04 -1.473105554973363460e-05
-3.294119285988375751e-04 -1.463726349565317406e-05
-3.280162825977427175e-04 -1.454426590603976779e-05
-3.266294839448949470e-04 -1.445205438759564533e-05
-3.252514580464855405e-04 -1.436062065319601576e-05
-3.238821310928892026e-04 -1.426995652032557024e-05
-3.225214300487970129e-04 -1.418005390954134762e-05
-3.211692826434909697e-04 -1.409090484296114823e-05
-3.198256173612649012e-04 -1.400250144277755689e-05
-3.184903634319806854e-04 -1.391483592979638753e-05
-3.171634508217656325e-04 -1.382790062199979345e-05
-3.158448102238420861e-04 -1.374168793313302677e-05
-3.145343730494917908e-04 -1.365619037131476223e-05
-3.132320714191504183e-04 -1.357140053767036552e-05
-3.119378381536293244e-04 -1.348731112498771129e-05
-3.106516067654671392e-04 -1.340391491639526793e-05
-3.093733114504015414e-04 -1.332120478406178515e-05
-3.081028870789662036e-04 -1.323917368791739446e-05
-3.068402691882072706e-04 -1.315781467439566700e-05
-3.055853939735173660e-04 -1.307712087519619669e-05
-3.043381982805879924e-04 -1.299708550606741216e-05
-3.030986195974735516e-04 -1.291770186560916015e-05
-3.018665960467712111e-04 -1.283896333409476732e-05
-3.006420663779091362e-04 -1.276086337231221104e-05
-2.994249699595453117e-04 -1.268339552042403849e-05
-2.982152467720726148e-04 -1.260655339684564600e-05
-2.970128374002305193e-04 -1.253033069714174078e-05
-2.958176830258190944e-04 -1.245472119294042104e-05
-2.946297254205176288e-04 -1.237971873086482170e-05
-2.934489069388009422e-04 -1.230531723148175177e-05
-2.922751705109573935e-04 -1.223151068826725026e-05
-2.911084596362021920e-04 -1.215829316658855079e-05
-2.899487183758874182e-04 -1.208565880270231612e-05
-2.887958913468068587e-04 -1.201360180276878492e-05
-2.876499237145925644e-04 -1.194211644188153112e-05
-2.865107611872039998e-04 -1.187119706311263250e-05
-2.853783500085056084e-04 -1.180083807657285368e-05
-2.842526369519344761e-04 -1.173103395848669808e-05
-2.831335693142537544e-04 -1.166177925028198807e-05
-2.820210949093933080e-04 -1.159306855769379557e-05
-2.809151620623729782e-04 -1.152489654988233691e-05
-2.798157196033100353e-04 -1.145725795856471490e-05
-2.787227168615090292e-04 -1.139014757716024393e-05
-2.776361036596300836e-04 -1.132356025994901596e-05
