npts 513 dfreq 1.000000000000000021e-02
0.000000000000000000e+00 0.000000000000000000e+00
1.213765606386184599e-07 -1.378922174179821038e-08
1.877986876967500402e-06 -4.284475332394121150e-07
9.006655599898745230e-06 -3.103334186877229381e-06
2.647945116614033431e-05 -1.228309786289001505e-05
5.921105363523695758e-05 -3.476754575582104308e-05
1.110287361787273890e-04 -7.946419622646455801e-05
1.841083022285112535e-04 -1.566501631631044597e-04
2.788405295581150578e-04 -2.772416273963008841e-04
3.939749252307644597e-04 -4.522347261000722466e-04
5.268833549871602354e-04 -6.923547993805018478e-04
6.738354465759219822e-04 -1.007879181251032348e-03
8.302316228708354895e-04 -1.408576936183810954e-03
9.907773915970024148e-04 -1.903714683547053305e-03
1.149602464097047687e-03 -2.502092429318716026e-03
1.300335846048613232e-03 -3.212087482148892614e-03
1.436148976136572553e-03 -4.041694872287997231e-03
1.549777166963945069e-03 -4.998559179589854781e-03
1.633527104764219287e-03 -6.089996297796010372e-03
1.679275891469826599e-03 -7.323005452014375201e-03
1.678465341012949077e-03 -8.704272522610937909e-03
1.622093971761999227e-03 -1.024016591360708828e-02
1.500708274434192505e-03 -1.193672613117961398e-02
1.304394271894547628e-03 -1.379965006734943690e-02
1.022770032336431378e-03 -1.583427079507169002e-02
6.449795814686298161e-04 -1.804553350932336722e-02
1.596885338751665752e-04 -2.043796810721958471e-02
-4.449183042879994586e-04 -2.301565879051369057e-02
-1.181137141406650567e-03 -2.578221099322476270e-02
-2.061743006232614681e-03 -2.874071588125063498e-02
-3.099984942598137203e-03 -3.189371263527340794e-02
-4.309578373820256540e-03 -3.524314870918405368e-02
-5.704694406294526406e-03 -3.879033825047275424e-02
-7.299945829993610691e-03 -4.253591887403786187e-02
-9.110369562960518586e-03 -4.647980699470436600e-02
-1.115140527858137116e-02 -5.062115194488901043e-02
-1.343886994932366567e-02 -5.495828913110398922e-02
-1.598892803946322036e-02 -5.948869251537458602e-02
-1.881805708274423422e-02 -6.420892674432185365e-02
-2.194300838952995339e-02 -6.911459928886476423e-02
-2.538076264238871629e-02 -7.420031300048704481e-02
-2.914848015979356124e-02 -7.945961953503223596e-02
-3.326344563523068315e-02 -8.488497414122143925e-02
-3.774300719402682441e-02 -9.046769235764262618e-02
-4.260450965306572524e-02 -9.619790920784788979e-02
-4.786522191964556749e-02 -1.020645415273231105e-01
-5.354225852530118679e-02 -1.080552540972508635e-01
-5.965249535860712299e-02 -1.141564302968483963e-01
-6.621247973775941376e-02 -1.203531480172008589e-01
-7.323833504887333756e-02 -1.266291616034077860e-01
-8.074566026896244642e-02 -1.329668906069229051e-01
-8.874942479276259899e-02 -1.393474161345817364e-01
-9.726385908891993504e-02 -1.457504855733447180e-01
-1.063023418222453914e-01 -1.521545264486668103e-01
-1.158772841931223763e-01 -1.585366701381724641e-01
-1.260000123607461497e-01 -1.648727861096546399e-01
-1.366806489313985296e-01 -1.711375272822668603e-01
-1.479279946038086768e-01 -1.773043870213626139e-01
-1.597494111679695628e-01 -1.833457681703693498e-01
-1.721507071484761342e-01 -1.892330643974103332e-01
-1.851360274653058025e-01 -1.949367539906677604e-01
-1.987077485506667518e-01 -2.004265060758386729e-01
-2.128663804068333110e-01 -2.056712990531912033e-01
-2.276104771136477634e-01 -2.106395508630397040e-01
-2.429365572927321137e-01 -2.152992604899068019e-01
-2.588390360059787398e-01 -2.196181599108150417e-01
-2.753101695066224042e-01 -2.235638754862057931e-01
-2.923400141708755173e-01 -2.271040975875438794e-01
-3.099164008162185180e-01 -2.302067570587306156e-01
-3.280249254593083919e-01 -2.328402069242634653e-01
-3.466489573834266036e-01 -2.349734075909578057e-01
-3.657696651746280558e-01 -2.365761136472008530e-01
-3.853660611505714262e-01 -2.376190602490770576e-01
-4.054150643505416984e-01 -2.380741470007147476e-01
-4.258915819844396600e-01 -2.379146171906262319e-01
-4.467686089583381981e-01 -2.371152302395460043e-01
-4.680173448108587708e-01 -2.356524252502164574e-01
-4.896073271149062878e-01 -2.335044736264780818e-01
-5.115065801300729964e-01 -2.306516188474542484e-01
-5.336817772391048154e-01 -2.270762016408847117e-01
-5.560984154737318441e-01 -2.227627689948272482e-01
-5.787210002368174955e-01 -2.176981656749505667e-01
-6.015132381643415460e-01 -2.118716071703581338e-01
-6.244382359464006882e-01 -2.052747332683433068e-01
-6.474587028441833869e-01 -1.979016417510108816e-01
-6.705371546016323236e-01 -1.897489020072454513e-01
-6.936361164566893223e-01 -1.808155486547876611e-01
-7.167183230068810973e-01 -1.711030555619960369e-01
-7.397469127754784379e-01 -1.606152909403751328e-01
-7.626856154543532051e-01 -1.493584544408007309e-01
-7.854989299637877842e-01 -1.373409974230161423e-01
-8.081522916627897901e-01 -1.245735277747802017e-01
-8.306122272603163603e-01 -1.110687008303667261e-01
-8.528464962121532489e-01 -9.684109807551413707e-02
-8.748242176337757137e-01 -8.190709542597093828e-02
-8.965159820102005517e-01 -6.628472292927524434e-02
-9.178939472336249406e-01 -4.999351776514125018e-02
-9.389319187430436031e-01 -3.305437241050779990e-02
-9.596054137721083954e-01 -1.548937979358765843e-02
-9.798917099279109699e-01 2.678322809712886925e-03
-9.997698785206761141e-01 2.142470948000858161e-02
-1.019220803239814233e+00 4.072501942001865993e-02
-1.038227184923511404e+00 6.055390737703728044e-02
-1.056773533295858547e+00 8.088558946529054994e-02
-1.074846146647237433e+00 1.016939832871812249e-01
-1.092433080510309740e+00 1.229528414128822772e-01
-1.109524106436724278e+00 1.446358774389924218e-01
-1.126110662009613517e+00 1.667168840056857948e-01
-1.142185793236153879e+00 1.891698423050946765e-01
-1.157744090454760899e+00 2.119690227591317366e-01
-1.172781618865286646e+00 2.350890766806697785e-01
-1.187295844750192675e+00 2.585051188564304603e-01
-1.201285558402512388e+00 2.821928011021057059e-01
-1.214750794714824167e+00 3.061283769394713139e-01
-1.227692752314740954e+00 3.302887576313361384e-01
-1.240113712058665163e+00 3.546515598831539995e-01
-1.252016955618711069e+00 3.791951455803441728e-01
-1.263406684819494474e+00 4.038986539784346075e-01
-1.274287942303483190e+00 4.287420267997309464e-01
-1.284666534027044671e+00 4.537060267162830729e-01
-1.294548954015352082e+00 4.787722497153845680e-01
-1.303942311733768067e+00 5.039231318517356506e-01
-1.312854262366891955e+00 5.291419508907628799e-01
-1.321292940234642721e+00 5.544128233414574725e-01
-1.329266895517864810e+00 5.797206973654611684e-01
-1.336785034414217810e+00 6.050513420329372005e-01
-1.343856562798542154e+00 6.303913333759362247e-01
-1.350490933420501527e+00 6.557280376672784961e-01
-1.356697796635928599e+00 6.810495923282071651e-01
-1.362486954636763281e+00 7.063448848418590886e-01
-1.367868319117474307e+00 7.316035300225403049e-01
-1.372851872293204378e+00 7.568158459634076740e-01
-1.377447631166141884e+00 7.819728289578268265e-01
-1.381665614921552265e+00 8.070661276628345870e-01
-1.385515815323140831e+00 8.320880167469755229e-01
-1.389008169968606765e+00 8.570313702396630262e-01
-1.392152538260075012e+00 8.818896347751937759e-01
-1.394958679940269120e+00 9.066568029018522434e-01
-1.397436236043437141e+00 9.313273866052034222e-01
-1.399594712109995420e+00 9.558963911747947462e-01
-1.401443463515216648e+00 9.803592895250442529e-01
-1.402991682764965331e+00 1.004711997064149598e+00
-1.404248388615100929e+00 1.028950847189290974e+00
-1.405222416875707481e+00 1.053072567472339571e+00
-1.405922412766389851e+00 1.077074256587442269e+00
-1.406356824694536822e+00 1.100953362020429704e+00
-1.406533899334432069e+00 1.124707658589709114e+00
-1.406461677891315265e+00 1.148335227799211378e+00
-1.406147993440850064e+00 1.171834438035910475e+00
-1.405600469240873895e+00 1.195203925617399854e+00
-1.404826517918685402e+00 1.218442576688888668e+00
-1.403833341443414540e+00 1.241549509963685960e+00
-1.402627931799199201e+00 1.264524060296737584e+00
-1.401217072280864562e+00 1.287365763076962599e+00
-1.399607339339582257e+00 1.310074339420929546e+00
-1.397805104911537644e+00 1.332649682147808434e+00
-1.395816539167928472e+00 1.355091842513404199e+00
-1.393647613629664939e+00 1.377401017679419803e+00
-1.391304104594877744e+00 1.399577538892802231e+00
-1.388791596831895792e+00 1.421621860349140176e+00
-1.386115487494533838e+00 1.443534548713437449e+00
-1.383280990220515427e+00 1.465316273271248804e+00
-1.380293139377555045e+00 1.486967796683055232e+00
-1.377156794425076658e+00 1.508489966314825903e+00
-1.373876644362724164e+00 1.529883706117971975e+00
-1.370457212239828859e+00 1.551150009032272070e+00
-1.366902859702682216e+00 1.572289929885872795e+00
-1.363217791559052650e+00 1.593304578767076096e+00
-1.359406060341645794e+00 1.614195114843269607e+00
-1.355471570854416719e+00 1.634962740603163045e+00
-1.351418084687502574e+00 1.655608696499215826e+00
-1.347249224688423341e+00 1.676134255968025455e+00
-1.342968479378756630e+00 1.696540720807256930e+00
-1.338579207306999530e+00 1.716829416888569382e+00
-1.334084641329685850e+00 1.737001690186873670e+00
-1.329487892814015693e+00 1.757058903107106662e+00
-1.324791955756370987e+00 1.777002431090578094e+00
-1.319999710812079563e+00 1.796833659483803913e+00
-1.315113929232679668e+00 1.816553980653555334e+00
-1.310137276707731058e+00 1.836164791332681068e+00
-1.305072317108942226e+00 1.855667490182058232e+00
-1.299921516135007948e+00 1.875063475554771486e+00
-1.294687244856126851e+00 1.894354143449404448e+00
-1.289371783157680307e+00 1.913540885640012013e+00
-1.283977323082947652e+00 1.932625087971035605e+00
-1.278505972075212105e+00 1.951608128806114673e+00
-1.272959756119832031e+00 1.970491377620339657e+00
-1.267340622787273219e+00 1.989276193726135622e+00
-1.261650444178247232e+00 2.007963925123533055e+00
-1.255891019772390926e+00 2.026555907466101480e+00
-1.250064079182076959e+00 2.045053463134416383e+00
-1.244171284813107015e+00 2.063457900409355172e+00
-1.238214234434177552e+00 2.081770512738037038e+00
-1.232194463657109162e+00 2.099992578085652539e+00
-1.226113448329922528e+00 2.118125358366854005e+00
-1.219972606844895724e+00 2.136170098950786134e+00
-1.213773302363827522e+00 2.154128028234199910e+00
-1.207516844962704283e+00 2.172000357277477534e+00
-1.201204493698061926e+00 2.189788279498698031e+00
-1.194837458597281854e+00 2.207492970421229384e+00
-1.188416902575113454e+00 2.225115587470587908e+00
-1.181943943278666698e+00 2.242657269816646259e+00
-1.175419654863124608e+00 2.260119138257471239e+00
-1.168845069700408246e+00 2.277502295141379474e+00
-1.162221180022964706e+00 2.294807824323977563e+00
-1.155548939504872141e+00 2.312036791157241478e+00
-1.148829264782348147e+00 2.329190242507809039e+00
-1.142063036915786922e+00 2.346269206801955498e+00
-1.135251102795314937e+00 2.363274694094787964e+00
-1.128394276491909043e+00 2.380207696161475539e+00
-1.121493340555985041e+00 2.397069186608412839e+00
-1.114549047265365189e+00 2.413860121002384229e+00
-1.107562119824481162e+00 2.430581437015967960e+00
-1.100533253516581933e+00 2.447234054587494434e+00
-1.093463116810722280e+00 2.463818876094035382e+00
-1.086352352425184353e+00 2.480336786535995319e+00
-1.079201578349013202e+00 2.496788653731996099e+00
-1.072011388823215450e+00 2.513175328522828877e+00
-1.064782355283191650e+00 2.529497644983351279e+00
-1.057515027263864704e+00 2.545756420641283491e+00
-1.050209933268952955e+00 2.561952456701960035e+00
-1.042867581605779304e+00 2.578086538278137940e+00
-1.035488461186944376e+00 2.594159434624052629e+00
-1.028073042300170936e+00 2.610171899372969229e+00
-1.020621777347554548e+00 2.626124670777552073e+00
-1.013135101555436846e+00 2.642018471952402692e+00
-1.005613433656042943e+00 2.657854011118205406e+00
-9.980571765420190866e-01 2.673631981846929850e+00
-9.904667178949263517e-01 2.689353063307619696e+00
-9.828424307887374534e-01 2.705017920512321705e+00
-9.751846742693339731e-01 2.720627204561748336e+00
-9.674937939109389262e-01 2.736181552890301294e+00
-9.597701223504508938e-01 2.751681589510138526e+00
-9.520139798005063936e-01 2.767127925253953347e+00
-9.442256745421803155e-01 2.782521158016233453e+00
-9.364055033980931420e-01 2.797861872992703169e+00
-9.285537521867510691e-01 2.813150642917779276e+00
-9.206706961588407845e-01 2.828388028299793522e+00
-9.127566004162320779e-01 2.843574577653840585e+00
-9.048117203143598575e-01 2.858710827732075632e+00
-8.968363018486812388e-01 2.873797303751326915e+00
-8.888305820258236567e-01 2.888834519617906160e+00
-8.807947892200516105e-01 2.903822978149484868e+00
-8.727291435156597776e-01 2.918763171294000980e+00
-8.646338570358219622e-01 2.933655580345435165e+00
-8.565091342584844059e-01 2.948500676156474487e+00
-8.483551723197909622e-01 2.963298919347930660e+00
-8.401721613055651572e-01 2.978050760514936002e+00
-8.319602845313184281e-01 2.992756640429824255e+00
-8.237197188112469481e-01 3.007416990241707389e+00
-8.154506347166726732e-01 3.022032231672705294e+00
-8.071531968243305100e-01 3.036602777210830606e+00
-7.988275639549348162e-01 3.051129030299514433e+00
-7.904738894023919382e-01 3.065611385523783206e+00
-7.820923211540596887e-01 3.080050228793071998e+00
-7.736830021023874959e-01 3.094445937520711620e+00
-7.652460702483016020e-01 3.108798880800085040e+00
-7.567816588966553848e-01 3.123109419577485113e+00
-7.482898968440682141e-01 3.137377906821681162e+00
-7.397709085594543765e-01 3.151604687690241935e+00
-7.312248143575339476e-01 3.165790099692629589e+00
-7.226517305656053880e-01 3.179934472850093119e+00
-7.140517696838515338e-01 3.194038129852412311e+00
-7.054250405394342227e-01 3.208101386211520190e+00
-6.967716484346219152e-01 3.222124550412032828e+00
-6.880916952891923399e-01 3.236107924058743368e+00
-6.793852797773352048e-01 3.250051802021105551e+00
-6.706524974592710242e-01 3.263956472574775614e+00
-6.618934409077987802e-01 3.277822217540205862e+00
-6.531081998299731461e-01 3.291649312418409412e+00
-6.442968611840930171e-01 3.305438026523856543e+00
-6.354595092922125099e-01 3.319188623114623038e+00
-6.265962259483079944e-01 3.332901359519782947e+00
-6.177070905223240871e-01 3.346576487264126598e+00
-6.087921800602130729e-01 3.360214252190235396e+00
-5.998515693801567128e-01 3.373814894577957801e+00
-5.908853311651027784e-01 3.387378649261341135e+00
-5.818935360517752953e-01 3.400905745743070252e+00
-5.728762527162751805e-01 3.414396408306440200e+00
-5.638335479564272612e-01 3.427850856124929901e+00
-5.547654867709850279e-01 3.441269303369417720e+00
-5.456721324358220215e-01 3.454651959313081999e+00
-5.365535465772226509e-01 3.467999028434018083e+00
-5.274097892423905698e-01 3.481310710515659324e+00
-5.182409189672785299e-01 3.494587200744997624e+00
-5.090469928418404066e-01 3.507828689808671907e+00
-4.998280665728161432e-01 3.521035363986979139e+00
-4.905841945441335450e-01 3.534207405245825218e+00
-4.813154298750172977e-01 3.547344991326673913e+00
-4.720218244759107340e-01 3.560448295834537813e+00
-4.627034291022712464e-01 3.573517488324042812e+00
-4.533602934063354351e-01 3.586552734383617658e+00
-4.439924659869347034e-01 3.599554195717835192e+00
-4.345999944374189239e-01 3.612522030227968362e+00
-4.251829253917772111e-01 3.625456392090764535e+00
-4.157413045690200315e-01 3.638357431835518074e+00
-4.062751768158835985e-01 3.651225296419440713e+00
-3.967845861479245007e-01 3.664060129301391466e+00
-3.872695757890677881e-01 3.676862070513998049e+00
-3.777301882096609775e-01 3.689631256734186682e+00
-3.681664651630975338e-01 3.702367821352193111e+00
-3.585784477210592347e-01 3.715071894539044628e+00
-3.489661763074337619e-01 3.727743603312580589e+00
-3.393296907309467092e-01 3.740383071602034093e+00
-3.296690302165746211e-01 3.752990420311197450e+00
-3.199842334357707596e-01 3.765565767380217199e+00
-3.102753385355468962e-01 3.778109227846035978e+00
-3.005423831664717493e-01 3.790620913901533662e+00
-2.907854045096006090e-01 3.803100934953364654e+00
-2.810044393023992670e-01 3.815549397678557053e+00
-2.711995238636905614e-01 3.827966406079870154e+00
-2.613706941176489051e-01 3.840352061539960005e+00
-2.515179856169063033e-01 3.852706462874366800e+00
-2.416414335647743827e-01 3.865029706383369845e+00
-2.317410728366271766e-01 3.877321885902692777e+00
-2.218169380004803015e-01 3.889583092853159840e+00
-2.118690633367914800e-01 3.901813416289237502e+00
-2.018974828575092195e-01 3.914012942946565765e+00
-1.919022303243975158e-01 3.926181757288441432e+00
-1.818833392666731608e-01 3.938319941551335468e+00
-1.718408429979639274e-01 3.950427575789396961e+00
-1.617747746326292368e-01 3.962504737918044473e+00
-1.516851671014624314e-01 3.974551503756593718e+00
-1.415720531667831183e-01 3.986567947070000173e+00
-1.314354654369639941e-01 3.998554139609697078e+00
-1.212754363803995039e-01 4.010510151153576786e+00
-1.110919983389425519e-01 4.022436049545118131e+00
-1.008851835408208220e-01 4.034331900731684684e+00
-9.065502411306093633e-02 4.046197768802016093e+00
-8.040155209343546883e-02 4.058033716022923620e+00
-7.012479944194700832e-02 4.069839802875225843e+00
-5.982479805187299049e-02 4.081616088088909855e+00
-4.950157976037589808e-02 4.093362628677559734e+00
-3.915517635871067909e-02 4.105079479972084222e+00
-2.878561960202685385e-02 4.116766695653701902e+00
-1.839294121879694183e-02 4.128424327786278880e+00
-7.977172919869551446e-03 4.140052426847957712e+00
2.461653592827962780e-03 4.151651041762143279e+00
1.292350661793547663e-02 4.163220219927866950e+00
2.340835444662124273e-02 4.174760007249473936e+00
3.391616535487920747e-02 4.186270448165745783e+00
4.444690759611794745e-02 4.197751585678384245e+00
5.500054939405243232e-02 4.209203461379951605e+00
6.557705893587625900e-02 4.220626115481183049e+00
7.617640436570750906e-02 4.232019586837789227e+00
8.679855377830232588e-02 4.243383912976682382e+00
9.744347521301929826e-02 4.254719130121676685e+00
1.081111366480329711e-01 4.266025273218665426e+00
1.188015059947751390e-01 4.277302375960281289e+00
1.295145510926173082e-01 4.288550470810063686e+00
1.402502397037609649e-01 4.299769589026142924e+00
1.510085395083422266e-01 4.310959760684419884e+00
1.617894180997468678e-01 4.322121014701320263e+00
1.725928429801128206e-01 4.333253378856048776e+00
1.834187815560295864e-01 4.344356879812433014e+00
1.942672011344129812e-01 4.355431543140304562e+00
2.051380689185650641e-01 4.366477393336476887e+00
2.160313520043946889e-01 4.377494453845276468e+00
2.269470173768062815e-01 4.388482747078704449e+00
2.378850319062465468e-01 4.399442294436164858e+00
2.488453623454013330e-01 4.410373116323811793e+00
2.598279753260356872e-01 4.421275232173532466e+00
2.708328373559868996e-01 4.432148660461541212e+00
2.818599148162779788e-01 4.442993418726602251e+00
2.929091739583732368e-01 4.453809523587915820e+00
3.039805809015549420e-01 4.464596990762641937e+00
3.150741016304250963e-01 4.475355835083084877e+00
3.261897019925189545e-01 4.486086070513545465e+00
3.373273476960421680e-01 4.496787710166841201e+00
3.484870043077015200e-01 4.507460766320527057e+00
3.596686372506580631e-01 4.518105250432767228e+00
3.708722118025609138e-01 4.528721173157939539e+00
3.820976930937060589e-01 4.539308544361918329e+00
3.933450461052571123e-01 4.549867373137068682e+00
4.046142356675848650e-01 4.560397667816959100e+00
4.159052264586735603e-01 4.570899435990789961e+00
4.272179830026242020e-01 4.581372684517547533e+00
4.385524696682345791e-01 4.591817419539900413e+00
4.499086506676531760e-01 4.602233646497811748e+00
4.612864900551111313e-01 4.612621370141916088e+00
4.726859517257342991e-01 4.622980594546636901e+00
4.841069994144100996e-01 4.633311323123058045e+00
4.955495966947304765e-01 4.643613558631543903e+00
5.070137069780062955e-01 4.653887303194157887e+00
5.184992935123242663e-01 4.664132558306797627e+00
5.300063193816845208e-01 4.674349324851166720e+00
5.415347475051827120e-01 4.684537603106458725e+00
5.530845406362527861e-01 4.694697392760894594e+00
5.646556613619621023e-01 4.704828692922978561e+00
5.762480721023612862e-01 4.714931502132615471e+00
5.878617351098750499e-01 4.725005818371958100e+00
5.994966124687517439e-01 4.735051639076119478e+00
6.111526660945542089e-01 4.745068961143636521e+00
6.228298577336882635e-01 4.755057780946787993e+00
6.345281489629842619e-01 4.765018094341681554e+00
6.462475011893150656e-01 4.774949896678204908e+00
6.579878756492523184e-01 4.784853182809764682e+00
6.697492334087601362e-01 4.794727947102855659e+00
6.815315353629287642e-01 4.804574183446473690e+00
6.933347422357433176e-01 4.814391885261353643e+00
7.051588145798775020e-01 4.824181045509021715e+00
7.170037127765306328e-01 4.833941656700724288e+00
7.288693970352957407e-01 4.843673710906174712e+00
7.407558273940427762e-01 4.853377199762143768e+00
7.526629637188504418e-01 4.863052114480908905e+00
7.645907657039522354e-01 4.872698445858561378e+00
7.765391928717130243e-01 4.882316184283149063e+00
7.885082045726338196e-01 4.891905319742684277e+00
8.004977599853719816e-01 4.901465841833023696e+00
8.125078181168028379e-01 4.910997739765599057e+00
8.245383378020804122e-01 4.920501002375011979e+00
8.365892777047367890e-01 4.929975618126511527e+00
8.486605963167991318e-01 4.939421575123327912e+00
8.607522519589227983e-01 4.948838861113893373e+00
8.728642027805463277e-01 4.958227463498928067e+00
8.849964067600609718e-01 4.967587369338419379e+00
8.971488217050046510e-01 4.976918565358456448e+00
9.093214052522656798e-01 4.986221037957983881e+00
9.215141148683120287e-01 4.995494773215410689e+00
9.337269078494196961e-01 5.004739756895136615e+00
9.459597413219338335e-01 5.013955974453928377e+00
9.582125722425350878e-01 5.023143411047236384e+00
9.704853573985193771e-01 5.032302051535368470e+00
9.827780534080909902e-01 5.041431880489576578e+00
9.950906167206706732e-01 5.050532882198057294e+00
1.007423003617211377e+00 5.059605040671808496e+00
1.019775170210534210e+00 5.068648339650445145e+00
1.032147072445660285e+00 5.077662762607865865e+00
1.044538666100168323e+00 5.086648292757882217e+00
1.056949906784550253e+00 5.095604913059696983e+00
1.069380749942582476e+00 5.104532606223338931e+00
1.081831150851709555e+00 5.113431354714990107e+00
1.094301064623423247e+00 5.122301140762224314e+00
1.106790446203666178e+00 5.131141946359175421e+00
1.119299250373227306e+00 5.139953753271599979e+00
1.131827431748160029e+00 5.148736543041876779e+00
1.144374944780194969e+00 5.157490296993930023e+00
1.156941743757166963e+00 5.166214996238055690e+00
1.169527782803440941e+00 5.174910621675677724e+00
1.182133015880353799e+00 5.183577154004035847e+00
1.194757396786656045e+00 5.192214573720797866e+00
1.207400879158954332e+00 5.200822861128592933e+00
1.220063416472169315e+00 5.209401996339473762e+00
1.232744962039989955e+00 5.217951959279323759e+00
1.245445469015335815e+00 5.226472729692168251e+00
1.258164890390825352e+00 5.234964287144442174e+00
1.270903178999245320e+00 5.243426611029191164e+00
1.283660287514017728e+00 5.251859680570188260e+00
1.296436168449689230e+00 5.260263474826000873e+00
1.309230774162401856e+00 5.268637972694000027e+00
1.322044056850379512e+00 5.276983152914296760e+00
1.334875968554418924e+00 5.285298994073630574e+00
1.347726461158371469e+00 5.293585474609177055e+00
1.360595486389642783e+00 5.301842572812330623e+00
1.373482995819677477e+00 5.310070266832400243e+00
1.386388940864464958e+00 5.318268534680266058e+00
1.399313272785030593e+00 5.326437354231970289e+00
1.412255942687938859e+00 5.334576703232270845e+00
1.425216901525796054e+00 5.342686559298123861e+00
1.438196100097748120e+00 5.350766899922128061e+00
1.451193489049988461e+00 5.358817702475905165e+00
1.464209018876267532e+00 5.366838944213450091e+00
1.477242639918391331e+00 5.374830602274401237e+00
1.490294302366736545e+00 5.382792653687300088e+00
1.503363956260750811e+00 5.390725075372771791e+00
1.516451551489471861e+00 5.398627844146681731e+00
1.529557037792026675e+00 5.406500936723225514e+00
1.542680364758155287e+00 5.414344329717996729e+00
1.555821481828704389e+00 5.422157999650994320e+00
1.568980338296150245e+00 5.429941922949588218e+00
1.582156883305105843e+00 5.437696075951455654e+00
1.595351065852836925e+00 5.445420434907456197e+00
1.608562834789767138e+00 5.453114975984481916e+00
1.621792138819985851e+00 5.460779675268265798e+00
1.635038926501772627e+00 5.468414508766135107e+00
1.648303146248093709e+00 5.476019452409739863e+00
1.661584746327123163e+00 5.483594482057752018e+00
1.674883674862746252e+00 5.491139573498502457e+00
1.688199879835073247e+00 5.498654702452600240e+00
1.701533309080942802e+00 5.506139844575507425e+00
1.714883910294437097e+00 5.513594975460080150e+00
1.728251631027392321e+00 5.521020070639083954e+00
1.741636418689894938e+00 5.528415105587655809e+00
1.755038220550797279e+00 5.535780055725747495e+00
1.768456983738221577e+00 5.543114896420523685e+00
1.781892655240064460e+00 5.550419602988753809e+00
1.795345181904502319e+00 5.557694150699139968e+00
1.808814510440493795e+00 5.564938514774621758e+00
1.822300587418280715e+00 5.572152670394661556e+00
1.835803359269892798e+00 5.579336592697499597e+00
1.849322772289648587e+00 5.586490256782361996e+00
1.862858772634652382e+00 5.593613637711653652e+00
1.876411306325294071e+00 5.600706710513126296e+00
1.889980319245743168e+00 5.607769450181991466e+00
1.903565757144454862e+00 5.614801831683045030e+00
1.917167565634653847e+00 5.621803829952740195e+00
1.930785690194833037e+00 5.628775419901224097e+00
1.944420076169248945e+00 5.635716576414373513e+00
1.958070668768413070e+00 5.642627274355794142e+00
1.971737413069572398e+00 5.649507488568780822e+00
1.985420254017214559e+00 5.656357193878274181e+00
1.999119136423541665e+00 5.663176365092782660e+00
2.012834004968969470e+00 5.669964977006273443e+00
2.026564804202601877e+00 5.676723004400045625e+00
2.040311478542718771e+00 5.683450422044598049e+00
2.054073972277262961e+00 5.690147204701429651e+00
2.067852229564313582e+00 5.696813327124857551e+00
2.081646194432577257e+00 5.703448764063806742e+00
2.095455810781856609e+00 5.710053490263557130e+00
2.109281022383532100e+00 5.716627480467486144e+00
2.123121772881038538e+00 5.723170709418787361e+00
2.136978005790337143e+00 5.729683151862159818e+00
2.150849664500396496e+00 5.736164782545493779e+00
